GEOMETRYCOLLECTION (POLYGON ((-175.1806986999999936 -21.1407832000000013, -175.1803892000000076 -21.1409006999999995, -175.1803290000000004 -21.1407607999999989, -175.1806564999999978 -21.1406947999999986, -175.1806986999999936 -21.1407619000000011, -175.1806986999999936 -21.1407832000000013)), POLYGON ((-175.1804074000000071 -21.1409464000000007, -175.1807034999999928 -21.1408234999999998, -175.1807383000000016 -21.1408190000000005, -175.1810496999999884 -21.1413459000000010, -175.1806254999999908 -21.1414943000000015, -175.1804074000000071 -21.1409464000000007)))
POLYGON ((-175.2042768000000024 -21.1361780000000010, -175.2037842000000012 -21.1365307000000016, -175.2035583999999915 -21.1362564000000006, -175.2040509999999927 -21.1359037000000001, -175.2042768000000024 -21.1361780000000010))
POLYGON ((-175.1636823999999990 -21.1480904000000010, -175.1636292999999966 -21.1481744999999997, -175.1636860000000127 -21.1484221000000012, -175.1636364000000015 -21.1485243999999994, -175.1634152000000029 -21.1486134999999997, -175.1633199999999988 -21.1482206999999995, -175.1631868999999995 -21.1482686000000015, -175.1630807999999888 -21.1480111000000015, -175.1632701000000054 -21.1479682000000011, -175.1632205999999883 -21.1478065000000015, -175.1635957000000019 -21.1477272999999997, -175.1636823999999990 -21.1480904000000010))
POLYGON ((-175.2060290000000009 -21.1363996000000007, -175.2031891000000030 -21.1378698000000007, -175.2020101999999895 -21.1363449000000010, -175.2033160999999950 -21.1355186999999987, -175.2045179000000132 -21.1347258999999994, -175.2060290000000009 -21.1363996000000007))
POLYGON ((-175.2183196000000009 -21.1393969999999989, -175.2180280000000039 -21.1394547000000017, -175.2177959999999928 -21.1390209999999996, -175.2175957000000039 -21.1387427999999993, -175.2178954000000033 -21.1385728999999998, -175.2181162999999913 -21.1387293999999990, -175.2182047000000011 -21.1390838000000016, -175.2183196000000009 -21.1393969999999989))
POLYGON ((-175.6220581999999979 -15.5780671000000002, -175.6214621999999963 -15.5784184999999997, -175.6213677000000075 -15.5782615999999994, -175.6219637000000091 -15.5779197000000007, -175.6220581999999979 -15.5780671000000002))
POLYGON ((-173.7639695000000017 -15.9445379999999997, -173.7642511999999897 -15.9445920999999995, -173.7641170999999929 -15.9449144999999994, -173.7638514999999870 -15.9448551999999992, -173.7639695000000017 -15.9445379999999997))
POLYGON ((-174.5541690000000017 -19.8222398999999996, -174.5538698999999951 -19.8223261000000015, -174.5537796000000128 -19.8220488999999986, -174.5540785999999969 -19.8219627000000003, -174.5541690000000017 -19.8222398999999996))
POLYGON ((-176.1761550999999884 -13.2808699000000008, -176.1757608000000062 -13.2812458000000007, -176.1754631000000018 -13.2809402999999993, -176.1758494000000042 -13.2805566000000006, -176.1761550999999884 -13.2808699000000008))
POLYGON ((-173.7954794000000049 -15.9544311000000008, -173.7953693999999984 -15.9545961999999992, -173.7950233999999909 -15.9544569000000003, -173.7951897000000088 -15.9542119000000007, -173.7954794000000049 -15.9544311000000008))
POLYGON ((-174.9538847000000032 -21.3848723000000014, -174.9537673000000098 -21.3858429000000001, -174.9534491999999943 -21.3857950999999993, -174.9535387999999898 -21.3848322999999993, -174.9538847000000032 -21.3848723000000014))
POLYGON ((-174.9580143000000021 -21.3727991000000017, -174.9576834000000076 -21.3747378999999995, -174.9576286999999866 -21.3747800000000012, -174.9575739999999939 -21.3748486000000000, -174.9571889999999996 -21.3748131999999984, -174.9575503000000083 -21.3727282000000010, -174.9580143000000021 -21.3727991000000017))
POLYGON ((-174.3608902999999941 -19.8178342000000001, -174.3606811999999877 -19.8180174999999998, -174.3605694999999969 -19.8180824000000015, -174.3605052999999998 -19.8180757000000014, -174.3601226000000111 -19.8177537000000008, -174.3598849999999914 -19.8174540999999991, -174.3598777999999925 -19.8174250000000001, -174.3602200999999923 -19.8171208999999990, -174.3605909000000054 -19.8174853999999989, -174.3608902999999941 -19.8178342000000001))
POLYGON ((-174.4123027999999920 -19.9111696999999985, -174.4125416999999914 -19.9115618999999988, -174.4122208000000001 -19.9117160999999996, -174.4119498000000021 -19.9113238999999993, -174.4123027999999920 -19.9111696999999985))
POLYGON ((-175.2908739000000082 -21.1311059999999991, -175.2908875999999907 -21.1318237000000018, -175.2905227999999909 -21.1318480000000015, -175.2904967000000056 -21.1311116000000005, -175.2908739000000082 -21.1311059999999991))
POLYGON ((-174.3640294999999867 -19.8204166999999991, -174.3637501999999984 -19.8208108000000003, -174.3635155000000054 -19.8206403000000009, -174.3637353999999959 -19.8202880999999991, -174.3640294999999867 -19.8204166999999991))
POLYGON ((-174.4151037999999971 -19.9125194000000008, -174.4147949000000040 -19.9126311999999999, -174.4147175999999888 -19.9124692000000003, -174.4150504000000126 -19.9123574000000012, -174.4151037999999971 -19.9125194000000008))
POLYGON ((-174.9539680999999973 -21.3625165000000017, -174.9539104000000123 -21.3628886999999992, -174.9533779999999865 -21.3628137000000002, -174.9534420999999895 -21.3624375999999998, -174.9539680999999973 -21.3625165000000017))
POLYGON ((-175.3003141000000085 -21.1344768999999992, -175.3006798000000117 -21.1344449999999995, -175.3008140999999966 -21.1348735000000012, -175.3004623999999865 -21.1349707000000002, -175.3003141000000085 -21.1344768999999992))
POLYGON ((-174.3568549000000019 -19.8159928000000001, -174.3565696999999943 -19.8162678999999997, -174.3563153999999997 -19.8159346999999997, -174.3560942999999952 -19.8158050000000010, -174.3556355999999994 -19.8156843000000009, -174.3554121999999893 -19.8158519999999996, -174.3552267999999970 -19.8156685999999986, -174.3552363000000014 -19.8155389000000000, -174.3554573000000119 -19.8153444000000007, -174.3556902999999920 -19.8155143000000002, -174.3558779999999899 -19.8153779000000014, -174.3560016000000132 -19.8152213999999987, -174.3561347000000126 -19.8153511000000009, -174.3566147999999885 -19.8157378999999985, -174.3568549000000019 -19.8159928000000001))
POLYGON ((-175.3005262000000073 -21.1315778999999999, -175.3000999999999863 -21.1317495999999991, -175.2999754999999880 -21.1314808999999997, -175.2994765999999913 -21.1307687000000008, -175.3000455000000102 -21.1305239000000000, -175.3004103000000100 -21.1310095999999987, -175.3005262000000073 -21.1315778999999999))
POLYGON ((-174.2817609999999888 -19.7215498999999994, -174.2813236000000074 -19.7217826000000009, -174.2812855999999897 -19.7217191999999990, -174.2817229000000054 -19.7214865000000010, -174.2817609999999888 -19.7215498999999994))
POLYGON ((-175.6119496000000026 -15.6212148000000006, -175.6121799999999951 -15.6210574999999992, -175.6122833000000014 -15.6212379000000006, -175.6120479999999873 -15.6213835000000003, -175.6119496000000026 -15.6212148000000006))
POLYGON ((-174.5497166000000107 -19.8287465000000012, -174.5490819999999985 -19.8289812000000012, -174.5489618999999948 -19.8286937999999999, -174.5495965000000069 -19.8284590999999999, -174.5497166000000107 -19.8287465000000012))
POLYGON ((-175.2756768000000136 -21.1315741000000017, -175.2753219999999885 -21.1310053000000018, -175.2756061999999986 -21.1308113999999989, -175.2759858999999949 -21.1313719999999989, -175.2756768000000136 -21.1315741000000017))
POLYGON ((-171.7638243000000102 -13.8355739000000000, -171.7642417000000137 -13.8359732999999991, -171.7643605000000093 -13.8361025000000009, -171.7642457999999976 -13.8362272999999991, -171.7636392999999941 -13.8363733000000000, -171.7636358999999970 -13.8360015000000001, -171.7636699999999905 -13.8358509000000005, -171.7638243000000102 -13.8355739000000000))
POLYGON ((-174.5474230000000091 -19.8216295000000002, -174.5475496999999905 -19.8218233999999995, -174.5470933999999943 -19.8220872999999997, -174.5469667000000129 -19.8218932999999993, -174.5474230000000091 -19.8216295000000002))
POLYGON ((-175.2794340000000091 -21.1353332999999992, -175.2787535999999875 -21.1357028000000007, -175.2785162000000128 -21.1352711000000006, -175.2792837000000077 -21.1349423999999999, -175.2794340000000091 -21.1353332999999992))
POLYGON ((-174.5482834000000025 -19.8208826999999985, -174.5483690000000081 -19.8210437000000006, -174.5482149999999990 -19.8211161000000011, -174.5481293999999934 -19.8209550999999990, -174.5482834000000025 -19.8208826999999985))
POLYGON ((-140.1081955999999877 -8.9136168999999992, -140.1084477999999933 -8.9137672000000006, -140.1081896000000029 -8.9141112000000007, -140.1075410999999917 -8.9136228000000006, -140.1076731999999936 -8.9133934000000004, -140.1079733999999917 -8.9135694000000001, -140.1081955999999877 -8.9136168999999992))
POLYGON ((-174.5573288999999875 -19.8238760999999997, -174.5571107000000097 -19.8240300000000005, -174.5569902000000013 -19.8238789000000004, -174.5572084000000075 -19.8237248999999984, -174.5573288999999875 -19.8238760999999997))
POLYGON ((-175.2253373000000067 -21.1586828000000011, -175.2249646999999868 -21.1591418000000004, -175.2246160999999915 -21.1588916000000005, -175.2248745999999926 -21.1585740000000015, -175.2249112000000082 -21.1585290000000015, -175.2249784999999918 -21.1585533999999988, -175.2253373000000067 -21.1586828000000011))
POLYGON ((-175.6195616999999913 -15.6250540999999998, -175.6194377999999858 -15.6252280999999993, -175.6190748999999869 -15.6250231999999993, -175.6191769000000136 -15.6248576000000003, -175.6195616999999913 -15.6250540999999998))
POLYGON ((-175.2215687000000059 -21.1559172000000011, -175.2221108999999899 -21.1565389000000010, -175.2218573000000106 -21.1567386999999982, -175.2213016999999979 -21.1560753999999989, -175.2215687000000059 -21.1559172000000011))
POLYGON ((-174.7446448999999973 -19.9580698000000005, -174.7447127000000080 -19.9584110999999993, -174.7443761000000109 -19.9584563000000017, -174.7442988999999898 -19.9584678000000011, -174.7442495999999892 -19.9581440999999984, -174.7446448999999973 -19.9580698000000005))
POLYGON ((-174.9305107000000135 -21.3131479000000006, -174.9301351000000011 -21.3133383000000016, -174.9298927000000106 -21.3131257000000005, -174.9299402000000043 -21.3129042999999996, -174.9300876000000073 -21.3127847000000017, -174.9305107000000135 -21.3131479000000006))
POLYGON ((-174.9301796999999965 -21.3125083000000011, -174.9300608000000068 -21.3126272999999991, -174.9299627999999984 -21.3125387999999987, -174.9301143000000138 -21.3124281000000018, -174.9301796999999965 -21.3125083000000011))
POLYGON ((-174.9583365000000015 -21.3420230000000011, -174.9585611999999912 -21.3422918999999993, -174.9586788000000013 -21.3424978000000003, -174.9587857999999869 -21.3428897000000006, -174.9587785999999880 -21.3431220999999987, -174.9588214000000050 -21.3432716000000013, -174.9588927000000069 -21.3433679000000005, -174.9589924999999937 -21.3434674999999991, -174.9591494000000012 -21.3436534000000009, -174.9592384999999979 -21.3437896000000009, -174.9589640000000088 -21.3440121000000005, -174.9580334999999991 -21.3429395000000000, -174.9582901999999933 -21.3426870999999991, -174.9579444000000024 -21.3423085999999991, -174.9583365000000015 -21.3420230000000011))
POLYGON ((-175.1747225000000014 -21.1465445999999986, -175.1744773000000066 -21.1463883999999993, -175.1745268999999894 -21.1463345999999994, -175.1748245999999938 -21.1462296000000016, -175.1749120000000062 -21.1462864000000010, -175.1747225000000014 -21.1465445999999986))
POLYGON ((-175.1797704999999894 -21.1499716000000006, -175.1795403000000135 -21.1501646000000001, -175.1792138000000136 -21.1503630999999999, -175.1791230999999982 -21.1502860000000013, -175.1788524000000109 -21.1500559000000017, -175.1789566999999863 -21.1498868000000009, -175.1790855000000136 -21.1496780000000015, -175.1792428999999913 -21.1496427000000011, -175.1793829000000073 -21.1497405000000001, -175.1794352999999944 -21.1496889000000010, -175.1796276999999975 -21.1496889000000010, -175.1797733999999878 -21.1498275000000007, -175.1797704999999894 -21.1499716000000006))
POLYGON ((-174.2828757000000053 -19.7210083999999988, -174.2829743000000065 -19.7211850999999996, -174.2827163999999982 -19.7213126999999986, -174.2826177999999970 -19.7211360000000013, -174.2828757000000053 -19.7210083999999988))
POLYGON ((-175.6165212999999881 -15.5828260000000007, -175.6162868000000117 -15.5830330000000004, -175.6161141999999984 -15.5828918999999999, -175.6163064000000134 -15.5826817000000002, -175.6165212999999881 -15.5828260000000007))
POLYGON ((-174.7132929999999931 -20.3245775000000002, -174.7131985999999984 -20.3249196000000012, -174.7127589000000114 -20.3248339999999992, -174.7128208000000029 -20.3245225000000005, -174.7132929999999931 -20.3245775000000002))
POLYGON ((-174.7636984000000098 -20.0116686000000001, -174.7634500000000060 -20.0117013999999998, -174.7634136000000069 -20.0114577999999987, -174.7636292999999910 -20.0115145000000005, -174.7636984000000098 -20.0116686000000001))
POLYGON ((-174.6336707000000104 -20.2804567999999996, -174.6333855000000028 -20.2803825999999994, -174.6334371000000090 -20.2801533999999997, -174.6335340999999914 -20.2801752999999998, -174.6336623999999915 -20.2802320999999992, -174.6337763999999879 -20.2802863000000002, -174.6337418999999898 -20.2803919000000015, -174.6336707000000104 -20.2804567999999996))
POLYGON ((-171.7517108000000121 -13.8472474999999999, -171.7513704000000132 -13.8462052999999994, -171.7545240000000035 -13.8456899000000000, -171.7546202000000051 -13.8463601000000001, -171.7546697999999878 -13.8466889000000002, -171.7545737000000088 -13.8467438000000005, -171.7517108000000121 -13.8472474999999999))
POLYGON ((-174.7616184000000032 -20.0123417000000003, -174.7615628000000072 -20.0125792999999987, -174.7613939999999957 -20.0125443999999995, -174.7613858999999934 -20.0123502000000002, -174.7616184000000032 -20.0123417000000003))
POLYGON ((-175.1953474999999969 -21.1483391999999988, -175.1954512000000079 -21.1485291999999987, -175.1950364999999863 -21.1487085000000015, -175.1949635999999941 -21.1485275000000001, -175.1950255000000141 -21.1484749000000001, -175.1953474999999969 -21.1483391999999988))
POLYGON ((-175.2436787999999979 -21.1738655000000016, -175.2432989000000134 -21.1741703000000001, -175.2431531000000007 -21.1740096000000015, -175.2435021000000006 -21.1737047999999994, -175.2436787999999979 -21.1738655000000016))
POLYGON ((-175.2431171000000063 -21.1741564999999987, -175.2432833999999957 -21.1743665999999990, -175.2432727000000057 -21.1745866999999990, -175.2430688000000032 -21.1747468000000012, -175.2427604000000088 -21.1744215999999987, -175.2431171000000063 -21.1741564999999987))
POLYGON ((-174.3481232999999975 -19.7957445999999990, -174.3482659000000012 -19.7959879000000001, -174.3479102999999952 -19.7962080000000000, -174.3477886000000012 -19.7959771999999994, -174.3481232999999975 -19.7957445999999990))
POLYGON ((-174.7602927000000079 -20.0167023999999998, -174.7605747000000065 -20.0166153000000016, -174.7606360000000052 -20.0167904999999990, -174.7603540000000066 -20.0168776000000008, -174.7602927000000079 -20.0167023999999998))
POLYGON ((-175.2388919999999928 -21.1741597000000006, -175.2391494999999964 -21.1745048000000011, -175.2384959999999978 -21.1748659000000004, -175.2384174000000030 -21.1746036999999987, -175.2383432000000028 -21.1743561999999983, -175.2388919999999928 -21.1741597000000006))
POLYGON ((-174.3494599999999934 -19.7999641000000004, -174.3497184000000004 -19.8012416000000009, -174.3494362000000137 -19.8012751000000016, -174.3493263000000013 -19.8005342999999989, -174.3492846999999983 -19.8003749999999989, -174.3491688000000011 -19.8003946000000006, -174.3491568999999970 -19.8002351999999995, -174.3492995000000008 -19.8001849000000014, -174.3492549999999994 -19.8000003999999983, -174.3494599999999934 -19.7999641000000004))
POLYGON ((-175.3048067000000003 -21.1700687999999992, -175.3050323999999875 -21.1703599000000011, -175.3050323999999875 -21.1704158000000007, -175.3047419000000104 -21.1706800000000008, -175.3046530999999959 -21.1706845000000001, -175.3044058000000121 -21.1704046000000012, -175.3044082000000117 -21.1703709999999994, -175.3048067000000003 -21.1700687999999992))
POLYGON ((-174.3502502000000050 -19.8002548000000012, -174.3496381999999869 -19.8004141000000011, -174.3494742000000031 -19.7996179999999988, -174.3493909999999971 -19.7992243999999999, -174.3497072000000117 -19.7991104000000000, -174.3499710000000107 -19.7997231000000014, -174.3500755999999967 -19.7999578999999990, -174.3502502000000050 -19.8002548000000012))
POLYGON ((-174.7611905999999919 -20.0199351000000014, -174.7609806000000106 -20.0199260999999993, -174.7608946999999944 -20.0198035999999995, -174.7609965000000045 -20.0197557999999987, -174.7611588000000040 -20.0197317999999989, -174.7612159999999903 -20.0197885999999983, -174.7611905999999919 -20.0199351000000014))
POLYGON ((-175.1840042000000039 -21.1396045000000008, -175.1841200000000072 -21.1400721999999988, -175.1837497999999869 -21.1401734999999995, -175.1836021000000017 -21.1396960999999983, -175.1840042000000039 -21.1396045000000008))
POLYGON ((-175.3063127000000065 -21.1695640999999988, -175.3061596000000009 -21.1693765999999997, -175.3063812000000041 -21.1692202999999992, -175.3065545999999983 -21.1694065000000009, -175.3063127000000065 -21.1695640999999988))
POLYGON ((-174.2973810999999955 -19.7377326000000011, -174.2973012999999867 -19.7379174000000006, -174.2970208000000127 -19.7378099999999996, -174.2971006999999872 -19.7376252000000001, -174.2973810999999955 -19.7377326000000011))
POLYGON ((-173.7969203000000107 -15.9526856000000006, -173.7966804000000138 -15.9530303000000000, -173.7963356999999860 -15.9528049000000003, -173.7965756000000113 -15.9524124999999994, -173.7969203000000107 -15.9526856000000006))
POLYGON ((-175.2359120000000132 -21.1717180999999997, -175.2354746000000034 -21.1718128999999990, -175.2354326999999898 -21.1714708999999992, -175.2358192000000088 -21.1713844000000009, -175.2359120000000132 -21.1717180999999997))
POLYGON ((-175.1889453999999944 -21.1382259999999995, -175.1886824999999988 -21.1382686000000000, -175.1886182000000076 -21.1382459999999988, -175.1883339000000035 -21.1377106999999995, -175.1892216999999903 -21.1372979000000001, -175.1893048000000022 -21.1373254000000017, -175.1895676999999978 -21.1378732999999990, -175.1897447000000057 -21.1383435999999989, -175.1899994999999990 -21.1391215999999993, -175.1899888000000090 -21.1391567000000009, -175.1893008000000123 -21.1393668000000012, -175.1892470999999887 -21.1393531000000010, -175.1891104000000041 -21.1389315000000018, -175.1890405999999984 -21.1386013000000013, -175.1889989999999955 -21.1382310000000011, -175.1889453999999944 -21.1382259999999995))
POLYGON ((-174.7594791999999870 -20.0148870999999993, -174.7590753000000063 -20.0150573999999999, -174.7590021000000036 -20.0149797000000014, -174.7589417000000083 -20.0148811000000002, -174.7589512000000127 -20.0147824000000014, -174.7593805999999859 -20.0146151000000003, -174.7594791999999870 -20.0148870999999993))
POLYGON ((-175.2350217999999984 -21.1708317999999984, -175.2349600000000009 -21.1705702000000002, -175.2352008000000012 -21.1705104999999989, -175.2352802999999994 -21.1707721000000006, -175.2350217999999984 -21.1708317999999984))
POLYGON ((-174.3087798999999904 -19.7396753999999994, -174.3082808000000057 -19.7395847999999994, -174.3083449000000087 -19.7390042000000001, -174.3084518999999943 -19.7388465000000011, -174.3086872000000085 -19.7387726999999984, -174.3089510000000075 -19.7386954999999986, -174.3091613999999936 -19.7386216999999995, -174.3095714000000100 -19.7385176999999992, -174.3097817000000020 -19.7384672999999999, -174.3100348000000110 -19.7384337999999993, -174.3100527000000000 -19.7386216999999995, -174.3093752999999992 -19.7388465000000011, -174.3091260999999861 -19.7392354999999995, -174.3089046999999994 -19.7395914999999995, -174.3087798999999904 -19.7396753999999994))
POLYGON ((-174.3496834000000035 -19.7990545000000004, -174.3493743999999879 -19.7991752000000005, -174.3492817000000059 -19.7987101000000010, -174.3494670999999983 -19.7986742999999983, -174.3495527000000038 -19.7988979000000000, -174.3496834000000035 -19.7990545000000004))
POLYGON ((-149.5818605999999988 -17.5540884000000013, -149.5823111999999924 -17.5553159000000001, -149.5819250000000125 -17.5554796000000017, -149.5810237000000029 -17.5557045999999985, -149.5809379000000092 -17.5552954999999997, -149.5814100000000053 -17.5551522999999996, -149.5812812000000065 -17.5548454000000014, -149.5812168999999869 -17.5542520999999994, -149.5818605999999988 -17.5540884000000013))
POLYGON ((-174.4086514999999906 -19.8970170999999993, -174.4089975999999922 -19.8970154999999984, -174.4092114999999978 -19.8978870999999984, -174.4087896999999998 -19.8981670999999984, -174.4087570000000085 -19.8980238999999983, -174.4087150000000008 -19.8978177000000009, -174.4086838999999998 -19.8976700000000015, -174.4086663999999871 -19.8975174999999993, -174.4086602000000141 -19.8972180999999999, -174.4086514999999906 -19.8970170999999993))
POLYGON ((-175.2357331000000045 -21.1693573999999991, -175.2354592000000082 -21.1695861000000001, -175.2351918999999896 -21.1692461999999999, -175.2352492999999924 -21.1690916999999992, -175.2353797000000100 -21.1690010000000015, -175.2357331000000045 -21.1693573999999991))
POLYGON ((-175.1897778999999957 -21.1444784000000006, -175.1899391999999978 -21.1447153000000014, -175.1898573999999940 -21.1447637999999998, -175.1898044000000141 -21.1447770999999989, -175.1897481000000028 -21.1447246000000000, -175.1896917999999914 -21.1446140000000007, -175.1896432000000061 -21.1445186000000014, -175.1897778999999957 -21.1444784000000006))
POLYGON ((-175.3072113000000058 -21.1695388999999992, -175.3071415999999942 -21.1692049000000004, -175.3081520000000069 -21.1687915999999987, -175.3082229999999981 -21.1694223000000008, -175.3076291000000140 -21.1694938999999991, -175.3077541000000110 -21.1698224999999987, -175.3074130999999909 -21.1699550000000016, -175.3073051000000078 -21.1695257000000012, -175.3072113000000058 -21.1695388999999992))
POLYGON ((-175.1924794999999904 -21.1505514000000012, -175.1925668000000087 -21.1507329000000013, -175.1924376000000052 -21.1508381000000014, -175.1925885999999934 -21.1510892000000013, -175.1923958000000141 -21.1511910000000007, -175.1921319999999866 -21.1508025000000011, -175.1924794999999904 -21.1505514000000012))
POLYGON ((-149.5376698000000033 -17.5312142999999985, -149.5384740000000079 -17.5311349999999990, -149.5385818000000029 -17.5314188999999985, -149.5386461999999881 -17.5318486000000000, -149.5397083000000009 -17.5319816000000017, -149.5397523000000035 -17.5322260999999990, -149.5395259000000010 -17.5323397000000014, -149.5394186000000047 -17.5324215000000017, -149.5385598000000016 -17.5323728999999986, -149.5384095999999943 -17.5327309999999983, -149.5380131999999946 -17.5336184999999993, -149.5376693000000046 -17.5335186999999983, -149.5374231000000123 -17.5334752999999992, -149.5371221000000048 -17.5331606999999998, -149.5371441000000061 -17.5328307000000017, -149.5371656000000087 -17.5322169000000017, -149.5374123999999938 -17.5317259000000014, -149.5376698000000033 -17.5312142999999985))
POLYGON ((-175.2138957999999889 -21.1522463000000016, -175.2134296000000120 -21.1526329000000004, -175.2130804999999896 -21.1519767999999999, -175.2135657000000037 -21.1517587999999996, -175.2138957999999889 -21.1522463000000016))
POLYGON ((-175.1809801999999934 -21.1672939999999983, -175.1810413999999980 -21.1676526000000003, -175.1807660999999996 -21.1677014999999997, -175.1806742999999926 -21.1673429000000013, -175.1809801999999934 -21.1672939999999983))
POLYGON ((-174.3259555999999861 -19.7515639000000007, -174.3264499000000001 -19.7510538000000011, -174.3266257999999880 -19.7511970000000012, -174.3266068000000075 -19.7515147000000013, -174.3267137999999932 -19.7515885000000004, -174.3263929000000019 -19.7519263000000009, -174.3259555999999861 -19.7515639000000007))
POLYGON ((-174.4087461000000019 -19.8955306999999983, -174.4085340999999971 -19.8955504999999988, -174.4084770999999989 -19.8952622000000012, -174.4087322999999969 -19.8951999999999991, -174.4087388000000090 -19.8952540000000013, -174.4087423999999942 -19.8953966999999992, -174.4087461000000019 -19.8955306999999983))
POLYGON ((-175.2146462999999983 -21.1527808999999998, -175.2149383000000000 -21.1525807000000015, -175.2153682999999944 -21.1527889000000009, -175.2151915999999972 -21.1530608999999998, -175.2146462999999983 -21.1527808999999998))
POLYGON ((-175.1834948999999995 -21.1677949000000005, -175.1836075999999878 -21.1683850999999983, -175.1835850999999877 -21.1684257000000002, -175.1830439999999953 -21.1684751999999996, -175.1829521999999884 -21.1680022000000001, -175.1830745999999976 -21.1679856999999991, -175.1834948999999995 -21.1677949000000005))
POLYGON ((-175.1941841000000011 -21.1636406999999984, -175.1946997000000010 -21.1638362999999998, -175.1945511000000124 -21.1643089000000018, -175.1939568999999892 -21.1641052000000016, -175.1941841000000011 -21.1636406999999984))
POLYGON ((-174.3783803999999975 -19.8263497000000015, -174.3782320999999911 -19.8266019000000000, -174.3780152999999871 -19.8264928000000005, -174.3779088000000002 -19.8263227999999998, -174.3781332000000077 -19.8261725999999996, -174.3783803999999975 -19.8263497000000015))
POLYGON ((-175.6092822999999896 -15.6047937999999995, -175.6094166999999970 -15.6052642000000006, -175.6093712999999923 -15.6054659999999998, -175.6091380000000015 -15.6048566999999991, -175.6092822999999896 -15.6047937999999995))
POLYGON ((-175.2245756000000085 -21.1536872000000002, -175.2241662000000133 -21.1539311999999988, -175.2239295999999911 -21.1535471000000008, -175.2243458000000089 -21.1533081000000003, -175.2245756000000085 -21.1536872000000002))
POLYGON ((-174.3781027999999935 -19.8260812999999985, -174.3778078999999934 -19.8262682000000012, -174.3774372999999969 -19.8255805000000009, -174.3776560000000018 -19.8254428000000011, -174.3781027999999935 -19.8260812999999985))
POLYGON ((-149.6036891999999909 -17.5579988000000000, -149.6033620000000042 -17.5580959000000014, -149.6032690000000116 -17.5581563000000003, -149.6029784000000120 -17.5578350999999984, -149.6030534999999873 -17.5577840000000016, -149.6032413000000076 -17.5577405000000013, -149.6038232999999877 -17.5572520999999995, -149.6041524000000038 -17.5574842000000011, -149.6036891999999909 -17.5579988000000000))
POLYGON ((-174.6874996999999894 -20.0365840000000013, -174.6873472000000049 -20.0363600999999996, -174.6874484999999879 -20.0362991999999984, -174.6876268000000039 -20.0362684000000009, -174.6877423999999905 -20.0364381000000016, -174.6874996999999894 -20.0365840000000013))
POLYGON ((-174.4081804999999861 -19.8944213000000012, -174.4079221000000075 -19.8945107000000014, -174.4078299999999899 -19.8942425000000007, -174.4080647000000113 -19.8941838000000004, -174.4081804999999861 -19.8944213000000012))
POLYGON ((-174.9585318000000029 -21.3600621000000004, -174.9579631000000006 -21.3600421000000011, -174.9579310000000021 -21.3594125999999989, -174.9585209999999904 -21.3594025999999992, -174.9585318000000029 -21.3600621000000004))
POLYGON ((-173.9816539999999918 -18.6517389999999992, -173.9818970000000036 -18.6520425000000003, -173.9818991999999866 -18.6521158000000007, -173.9815346999999974 -18.6524904000000014, -173.9810066999999947 -18.6520152999999986, -173.9816539999999918 -18.6517389999999992))
POLYGON ((-174.4077895000000069 -19.8908458000000010, -174.4075885999999969 -19.8900614000000004, -174.4079571000000044 -19.8899931999999993, -174.4077809000000059 -19.8894370000000009, -174.4078887000000009 -19.8894140999999998, -174.4081051000000002 -19.8893683999999986, -174.4081954000000110 -19.8893389999999997, -174.4084411000000046 -19.8892983000000001, -174.4085562999999865 -19.8892750999999990, -174.4086629999999900 -19.8893026000000006, -174.4087984999999890 -19.8893595999999988, -174.4089089999999942 -19.8894534999999983, -174.4089700000000107 -19.8895796999999988, -174.4089486999999963 -19.8896982000000015, -174.4088964000000033 -19.8899152000000008, -174.4088423999999975 -19.8901307000000003, -174.4088324999999884 -19.8902584000000004, -174.4088357999999914 -19.8905339000000012, -174.4088286999999866 -19.8906066999999993, -174.4083136000000138 -19.8907308000000000, -174.4077895000000069 -19.8908458000000010))
POLYGON ((-175.2286932000000093 -21.1548985999999992, -175.2285196999999926 -21.1545923000000009, -175.2286170000000141 -21.1545453999999999, -175.2289738999999997 -21.1543734000000008, -175.2290877000000080 -21.1547239000000005, -175.2286932000000093 -21.1548985999999992))
POLYGON ((-175.2348404999999900 -21.1786653999999999, -175.2344803000000013 -21.1788859999999985, -175.2343055999999990 -21.1787537000000015, -175.2340007999999898 -21.1789152999999999, -175.2337865000000079 -21.1785485999999992, -175.2341422000000080 -21.1783034999999984, -175.2345176999999978 -21.1780110000000015, -175.2347010000000012 -21.1783384999999988, -175.2348404999999900 -21.1786653999999999))
POLYGON ((-173.9865044000000012 -18.6507450000000006, -173.9869764999999973 -18.6503803999999995, -173.9870368999999926 -18.6504045000000005, -173.9872421000000031 -18.6506256000000015, -173.9866586999999925 -18.6509533999999988, -173.9865044000000012 -18.6507450000000006))
POLYGON ((-174.2911876000000007 -19.7330831000000018, -174.2915833000000134 -19.7327508999999992, -174.2921430000000100 -19.7334892000000011, -174.2916582000000005 -19.7338112999999993, -174.2911876000000007 -19.7330831000000018))
POLYGON ((-175.2341776000000095 -21.1792857999999988, -175.2341695000000072 -21.1793270000000007, -175.2339414999999860 -21.1793808000000006, -175.2336665999999923 -21.1789768999999986, -175.2334963000000130 -21.1786817999999997, -175.2336572000000103 -21.1785280000000000, -175.2338986000000034 -21.1788881000000018, -175.2341776000000095 -21.1792857999999988))
POLYGON ((-173.9826558999999975 -18.6444082999999985, -173.9823689000000115 -18.6445886999999999, -173.9821838000000014 -18.6443663000000015, -173.9824667999999974 -18.6441553999999989, -173.9826558999999975 -18.6444082999999985))
POLYGON ((-174.2931590999999969 -19.7343560999999994, -174.2931352999999888 -19.7345305999999994, -174.2930117999999879 -19.7346782000000012, -174.2928952999999979 -19.7345685999999993, -174.2927431999999897 -19.7344745999999986, -174.2926386000000036 -19.7345350000000010, -174.2924816999999962 -19.7344007999999995, -174.2925387999999884 -19.7343449000000000, -174.2925863000000106 -19.7343761999999998, -174.2926789999999926 -19.7343784000000007, -174.2927693000000033 -19.7343337000000005, -174.2931590999999969 -19.7343560999999994))
POLYGON ((-173.9845028999999954 -18.6442107999999998, -173.9843615000000057 -18.6442693999999989, -173.9841848000000084 -18.6442861999999998, -173.9838710999999876 -18.6442861999999998, -173.9838843999999938 -18.6440559000000015, -173.9843261999999982 -18.6438695999999986, -173.9845028999999954 -18.6442107999999998))
POLYGON ((-174.2953866000000005 -19.7365287999999985, -174.2952711000000079 -19.7366804999999985, -174.2951927000000012 -19.7366267999999998, -174.2953038999999933 -19.7364764999999984, -174.2953866000000005 -19.7365287999999985))
POLYGON ((-175.6318029999999908 -15.5736413999999996, -175.6312057000000095 -15.5736673999999997, -175.6311892999999884 -15.5733171000000006, -175.6317865999999981 -15.5732911000000005, -175.6318029999999908 -15.5736413999999996))
POLYGON ((-174.2943879000000038 -19.7378120999999993, -174.2943209000000024 -19.7379585999999989, -174.2941331000000105 -19.7378825000000013, -174.2942001000000118 -19.7377360000000017, -174.2943879000000038 -19.7378120999999993))
POLYGON ((-175.6390422999999998 -15.5730997000000002, -175.6385717999999940 -15.5730933000000000, -175.6385750999999971 -15.5728703999999993, -175.6390456000000029 -15.5728767999999995, -175.6390422999999998 -15.5730997000000002))
POLYGON ((-173.9903035000000102 -18.6468844000000011, -173.9903035000000102 -18.6471209000000009, -173.9902746999999863 -18.6473616000000000, -173.9901422000000082 -18.6474997999999985, -173.9894175999999959 -18.6474055999999990, -173.9894993999999997 -18.6472109000000010, -173.9894552000000090 -18.6471021000000015, -173.9895678999999973 -18.6467588000000006, -173.9903035000000102 -18.6468844000000011))
POLYGON ((-173.9796583000000112 -18.6570591000000015, -173.9795362000000125 -18.6572713000000014, -173.9794665000000009 -18.6572801999999989, -173.9791874999999948 -18.6569994000000001, -173.9793123000000037 -18.6568711000000000, -173.9793659000000048 -18.6566168999999995, -173.9797145999999941 -18.6566080999999997, -173.9796583000000112 -18.6570591000000015))
POLYGON ((-174.7998689000000070 -19.9460625000000000, -174.8000672000000009 -19.9465262000000010, -174.7997933000000046 -19.9466296999999990, -174.7995950000000107 -19.9461660000000016, -174.7998689000000070 -19.9460625000000000))
POLYGON ((-174.4081118999999944 -19.8860221000000017, -174.4081938999999863 -19.8862568000000017, -174.4079800000000091 -19.8863070999999998, -174.4079087000000072 -19.8860756999999992, -174.4081118999999944 -19.8860221000000017))
POLYGON ((-175.2346978999999862 -21.1739697000000007, -175.2344549000000029 -21.1738728999999992, -175.2344395000000077 -21.1738172999999996, -175.2345654000000081 -21.1736174999999989, -175.2348039999999969 -21.1737225000000002, -175.2346978999999862 -21.1739697000000007))
POLYGON ((-174.3444282000000101 -19.7774257999999996, -174.3445955999999910 -19.7774204000000005, -174.3447894999999903 -19.7774025000000009, -174.3448903000000030 -19.7774633999999985, -174.3448046999999974 -19.7776458999999996, -174.3445917999999892 -19.7777191999999999, -174.3444872000000032 -19.7777102999999990, -174.3444282000000101 -19.7774257999999996))
POLYGON ((-149.4912108999999987 -17.5036951000000016, -149.4899663999999859 -17.5035477999999998, -149.4902754000000016 -17.5034495999999997, -149.4905500000000131 -17.5033759000000018, -149.4911337000000060 -17.5033759000000018, -149.4912108999999987 -17.5036951000000016))
POLYGON ((-173.7659941999999944 -15.9446388999999993, -173.7660827999999924 -15.9446265999999994, -173.7667045999999971 -15.9449755000000000, -173.7664474999999982 -15.9453945000000008, -173.7657474000000093 -15.9450154000000008, -173.7659941999999944 -15.9446388999999993))
POLYGON ((-174.3440251000000103 -19.7768012999999989, -174.3445289999999943 -19.7766546000000005, -174.3446031999999946 -19.7771109000000003, -174.3442000999999948 -19.7771627999999993, -174.3441050000000132 -19.7770553999999983, -174.3440251000000103 -19.7768012999999989))
POLYGON ((-149.5818702999999914 -17.5472989000000013, -149.5818738000000110 -17.5476534000000015, -149.5818753000000072 -17.5478029999999983, -149.5817605000000015 -17.5478337000000018, -149.5818553999999949 -17.5484138999999999, -149.5821234000000004 -17.5489739000000000, -149.5822555000000023 -17.5495634000000003, -149.5825201000000106 -17.5502238000000013, -149.5825859999999921 -17.5505953999999988, -149.5824964999999906 -17.5509583999999990, -149.5824528999999927 -17.5511027999999989, -149.5825237999999899 -17.5512322000000012, -149.5828129999999874 -17.5517897000000005, -149.5831233000000111 -17.5520855000000005, -149.5832053999999971 -17.5524641999999993, -149.5832583000000113 -17.5526711000000013, -149.5833292000000085 -17.5529480000000007, -149.5835899999999867 -17.5536659999999998, -149.5831981000000042 -17.5537382999999991, -149.5828017000000045 -17.5528422000000006, -149.5828438000000062 -17.5524777999999984, -149.5827682999999979 -17.5522272000000008, -149.5825282000000129 -17.5518889999999992, -149.5822619999999858 -17.5512987000000003, -149.5822214000000088 -17.5502843999999989, -149.5820658000000094 -17.5501235999999992, -149.5819075999999939 -17.5498572999999993, -149.5817279999999982 -17.5492969000000016, -149.5816614999999956 -17.5492726999999995, -149.5815944000000002 -17.5491515000000007, -149.5815408999999931 -17.5489639000000004, -149.5813642999999900 -17.5488655000000016, -149.5812019999999904 -17.5484517000000011, -149.5811314000000039 -17.5481195999999997, -149.5810601000000020 -17.5473199000000015, -149.5818702999999914 -17.5472989000000013))
POLYGON ((-174.3445938000000126 -19.7720814000000011, -174.3442967000000010 -19.7723748999999991, -174.3441272999999967 -19.7720225999999997, -174.3443086000000051 -19.7718324999999986, -174.3445938000000126 -19.7720814000000011))
POLYGON ((-174.3436723000000086 -19.7787143000000007, -174.3436819000000071 -19.7790274000000004, -174.3435011999999915 -19.7790703000000008, -174.3434118000000126 -19.7787125000000010, -174.3435144999999977 -19.7787034999999989, -174.3436723000000086 -19.7787143000000007))
POLYGON ((-175.2100930000000005 -21.1352076000000011, -175.2093992000000071 -21.1350483999999987, -175.2090451999999914 -21.1349583000000010, -175.2086478999999883 -21.1341220999999990, -175.2091425000000129 -21.1338548999999993, -175.2090072999999961 -21.1336033999999984, -175.2094313999999997 -21.1333395999999993, -175.2096080999999970 -21.1336033999999984, -175.2098100999999986 -21.1339681000000006, -175.2101398000000074 -21.1340183999999986, -175.2101718000000119 -21.1344332000000001, -175.2103572999999983 -21.1344661000000009, -175.2103092000000117 -21.1352632999999983, -175.2100930000000005 -21.1352076000000011))
POLYGON ((-174.7945942000000059 -20.2630389000000015, -174.7943756999999891 -20.2626683000000014, -174.7948102999999946 -20.2624208999999986, -174.7950232999999969 -20.2628224999999986, -174.7948462999999890 -20.2629583999999987, -174.7946906999999896 -20.2630237999999991, -174.7945942000000059 -20.2630389000000015))
POLYGON ((-174.2809622999999988 -19.7365889999999986, -174.2809243000000095 -19.7367947999999984, -174.2806770999999912 -19.7368664000000003, -174.2806199999999990 -19.7367097999999999, -174.2809622999999988 -19.7365889999999986))
POLYGON ((-174.3444776000000047 -19.7823528999999994, -174.3444795000000056 -19.7825443000000014, -174.3443786999999929 -19.7826552999999983, -174.3443540000000098 -19.7827930000000016, -174.3440497999999934 -19.7827948000000013, -174.3440821000000085 -19.7823671999999995, -174.3444776000000047 -19.7823528999999994))
POLYGON ((-174.7975580000000093 -20.2602459000000010, -174.7979259999999897 -20.2601571999999983, -174.7981005999999979 -20.2605976000000005, -174.7982006999999953 -20.2606146000000003, -174.7983242999999902 -20.2608864000000004, -174.7982143000000121 -20.2608762999999996, -174.7980881999999951 -20.2609266000000012, -174.7979488000000003 -20.2609668999999997, -174.7978200000000015 -20.2609971000000009, -174.7977349999999888 -20.2610159000000003, -174.7976385000000050 -20.2607089000000009, -174.7975848000000099 -20.2604623000000004, -174.7975580000000093 -20.2602459000000010))
POLYGON ((-174.9500805000000128 -21.3375100000000018, -174.9498274000000038 -21.3371679999999984, -174.9501449999999920 -21.3369639999999983, -174.9503981999999951 -21.3373060999999993, -174.9500805000000128 -21.3375100000000018))
POLYGON ((-175.3272799000000077 -21.1232609999999994, -175.3274523000000045 -21.1235515000000014, -175.3272652999999934 -21.1237184000000013, -175.3270700999999860 -21.1237411000000002, -175.3268720000000087 -21.1234554000000010, -175.3272799000000077 -21.1232609999999994))
POLYGON ((-174.3236094000000094 -19.7489829999999991, -174.3233098999999982 -19.7492781999999991, -174.3228820999999868 -19.7489360000000005, -174.3231815999999981 -19.7486473999999994, -174.3236094000000094 -19.7489829999999991))
POLYGON ((-174.3441396000000054 -19.7835044000000018, -174.3440568999999982 -19.7839351999999984, -174.3438844000000074 -19.7839472000000001, -174.3438415999999904 -19.7835177999999985, -174.3441396000000054 -19.7835044000000018))
POLYGON ((-174.8005995999999982 -20.2593451000000009, -174.8008115000000089 -20.2592393999999985, -174.8010154000000114 -20.2591387999999988, -174.8011549000000002 -20.2590834000000015, -174.8012694999999894 -20.2590278999999995, -174.8013823000000002 -20.2591880000000018, -174.8011912999999993 -20.2593859999999992, -174.8010438999999963 -20.2594200999999998, -174.8009128999999859 -20.2594217999999984, -174.8007600999999909 -20.2595224999999992, -174.8005995999999982 -20.2593451000000009))
POLYGON ((-175.2278799999999990 -21.1814545999999986, -175.2273680000000127 -21.1816488000000014, -175.2270698000000095 -21.1811976999999985, -175.2274514000000067 -21.1809978000000001, -175.2276581000000135 -21.1809796000000006, -175.2278799999999990 -21.1814545999999986))
POLYGON ((-174.3434101999999939 -19.7853850999999992, -174.3433401000000060 -19.7851570000000017, -174.3434517999999969 -19.7851323999999984, -174.3435421000000076 -19.7853425999999999, -174.3434101999999939 -19.7853850999999992))
POLYGON ((-174.4133420000000001 -19.9109708999999988, -174.4139002000000005 -19.9105564999999984, -174.4141459999999881 -19.9108176999999991, -174.4144990000000064 -19.9111997999999986, -174.4146416000000102 -19.9114813999999996, -174.4145310000000109 -19.9115986999999990, -174.4142922000000056 -19.9115049000000006, -174.4138169999999946 -19.9118038000000013, -174.4136305000000107 -19.9114667999999995, -174.4133420000000001 -19.9109708999999988))
POLYGON ((-174.3191243999999926 -19.7450100000000006, -174.3200406999999927 -19.7458086000000002, -174.3207002000000045 -19.7463656999999984, -174.3205861000000141 -19.7465167000000008, -174.3200371000000075 -19.7463253999999999, -174.3197590000000048 -19.7461039000000014, -174.3192884000000049 -19.7458354999999983, -174.3189247999999907 -19.7452582999999997, -174.3191243999999926 -19.7450100000000006))
POLYGON ((-149.5843908999999883 -17.5529557999999994, -149.5844285000000013 -17.5530936000000004, -149.5844097000000090 -17.5532572999999985, -149.5844257999999911 -17.5536463000000005, -149.5844176999999888 -17.5541651999999999, -149.5841709999999978 -17.5544925999999997, -149.5838974000000121 -17.5544952000000016, -149.5838329999999985 -17.5543136000000004, -149.5840047000000084 -17.5541498999999988, -149.5840671999999927 -17.5540897999999999, -149.5841120000000046 -17.5540553000000017, -149.5841736000000139 -17.5539069999999988, -149.5842111999999986 -17.5537586999999995, -149.5841816999999878 -17.5535643999999991, -149.5839966000000061 -17.5533368000000003, -149.5838463999999988 -17.5531040999999988, -149.5843908999999883 -17.5529557999999994))
POLYGON ((-174.4048931000000096 -19.8874457999999983, -174.4044652999999983 -19.8878515000000000, -174.4042370999999889 -19.8873955000000002, -174.4047113000000024 -19.8871473999999999, -174.4048931000000096 -19.8874457999999983))
POLYGON ((-173.7900554999999940 -15.9493790000000004, -173.7907270000000040 -15.9496304999999996, -173.7908619000000101 -15.9496917000000007, -173.7908030000000110 -15.9498259000000004, -173.7904221000000007 -15.9499910000000007, -173.7899849000000074 -15.9498619999999995, -173.7900554999999940 -15.9493790000000004))
POLYGON ((-174.9636848000000100 -21.3488462000000006, -174.9637304999999969 -21.3490238999999988, -174.9638885999999900 -21.3494765000000015, -174.9635082000000068 -21.3493561999999990, -174.9634134000000074 -21.3491603999999988, -174.9634277000000111 -21.3489080999999992, -174.9636848000000100 -21.3488462000000006))
POLYGON ((-174.4034259999999961 -19.8878866999999993, -174.4035537999999974 -19.8880571000000010, -174.4033726000000115 -19.8881270000000008, -174.4032626000000050 -19.8879508999999999, -174.4034259999999961 -19.8878866999999993))
POLYGON ((-149.6144114999999886 -17.6333409000000003, -149.6155774000000065 -17.6333555000000004, -149.6158120999999994 -17.6337724000000016, -149.6144124999999860 -17.6338591999999998, -149.6144114999999886 -17.6333409000000003))
POLYGON ((-174.2816563000000087 -19.7384905999999987, -174.2816326999999887 -19.7384523999999999, -174.2815469999999891 -19.7384994999999996, -174.2813806000000056 -19.7382311000000001, -174.2815469999999891 -19.7381326000000001, -174.2816516000000036 -19.7382936999999998, -174.2816563000000087 -19.7384905999999987))
POLYGON ((-149.5828169000000116 -17.6950545000000012, -149.5827052999999864 -17.6951719999999995, -149.5824083999999914 -17.6952329000000006, -149.5817279000000042 -17.6952384999999985, -149.5817249000000118 -17.6949986999999993, -149.5822498999999937 -17.6949727000000010, -149.5828169000000116 -17.6950545000000012))
POLYGON ((-149.5879767000000129 -17.6769943000000005, -149.5873111999999878 -17.6766472000000014, -149.5876002999999912 -17.6760340000000014, -149.5880713999999898 -17.6762191000000009, -149.5879062999999860 -17.6766171000000014, -149.5881200000000035 -17.6767512999999994, -149.5879767000000129 -17.6769943000000005))
POLYGON ((-149.6044433000000140 -17.5602100000000014, -149.6046708000000081 -17.5599141000000003, -149.6048193999999967 -17.5597494999999988, -149.6050385000000063 -17.5595451000000011, -149.6054363000000080 -17.5597801000000011, -149.6050232000000051 -17.5604091999999987, -149.6048906999999986 -17.5603334999999987, -149.6046599999999955 -17.5603641999999986, -149.6044433000000140 -17.5602100000000014))
POLYGON ((-174.2802588000000128 -19.7353674999999988, -174.2800733999999920 -19.7355374999999995, -174.2799162000000024 -19.7353856999999984, -174.2801015999999947 -19.7352157000000012, -174.2802588000000128 -19.7353674999999988))
POLYGON ((-174.5559848000000045 -19.8230716999999999, -174.5556995999999970 -19.8232506000000015, -174.5555752999999868 -19.8230751000000005, -174.5558604999999943 -19.8228963000000000, -174.5559848000000045 -19.8230716999999999))
POLYGON ((-174.3398004999999955 -19.8101106999999992, -174.3399858999999879 -19.8100972999999989, -174.3400216000000000 -19.8103623000000013, -174.3398147999999992 -19.8103723000000009, -174.3398004999999955 -19.8101106999999992))
POLYGON ((-174.9540595999999937 -21.3911203000000008, -174.9537857999999915 -21.3910876999999999, -174.9531490999999903 -21.3910085999999993, -174.9533212999999989 -21.3905002999999994, -174.9541888999999912 -21.3906220000000005, -174.9540595999999937 -21.3911203000000008))
POLYGON ((-175.2040138000000127 -21.1300522000000015, -175.2036924999999883 -21.1302136000000012, -175.2034738000000118 -21.1303395000000016, -175.2030574000000058 -21.1296159000000010, -175.2036050000000103 -21.1294858999999988, -175.2040138000000127 -21.1300522000000015))
POLYGON ((-174.3398362000000077 -19.8095505000000003, -174.3400571999999897 -19.8095505000000003, -174.3400571999999897 -19.8097752999999983, -174.3398397999999929 -19.8097686000000017, -174.3398362000000077 -19.8095505000000003))
POLYGON ((-140.0836749999999995 -8.8295689999999993, -140.0835573999999895 -8.8301391000000002, -140.0832427999999936 -8.8300759000000006, -140.0832427999999936 -8.8294659000000006, -140.0836749999999995 -8.8295689999999993))
POLYGON ((-175.1396818000000053 -21.2620474000000002, -175.1390782999999942 -21.2623148999999998, -175.1389120000000048 -21.2620299999999993, -175.1395422999999880 -21.2617450000000012, -175.1396818000000053 -21.2620474000000002))
POLYGON ((-175.3395205999999860 -21.0891124999999988, -175.3395657000000085 -21.0893490999999997, -175.3392305000000135 -21.0894052000000016, -175.3391875000000084 -21.0891707000000004, -175.3395205999999860 -21.0891124999999988))
POLYGON ((-174.3402806999999939 -19.8142204000000000, -174.3406045000000120 -19.8141700999999983, -174.3406698999999946 -19.8145837000000000, -174.3408630000000130 -19.8152740999999999, -174.3407708999999954 -19.8159728999999984, -174.3403728000000115 -19.8168422000000000, -174.3400430000000085 -19.8168505999999986, -174.3401767000000007 -19.8164732000000008, -174.3402480000000025 -19.8162747999999986, -174.3402687999999898 -19.8158387000000005, -174.3403728000000115 -19.8157157999999995, -174.3404054000000087 -19.8153411999999989, -174.3403757000000098 -19.8149386999999990, -174.3403519999999958 -19.8145586000000016, -174.3402806999999939 -19.8142204000000000))
POLYGON ((-175.3373637999999914 -21.0809311000000008, -175.3374537999999916 -21.0810868999999990, -175.3371315999999922 -21.0812172000000011, -175.3370481000000041 -21.0810734999999987, -175.3373637999999914 -21.0809311000000008))
POLYGON ((-175.1447123000000090 -21.1920174000000010, -175.1450938000000122 -21.1923758000000007, -175.1447003000000109 -21.1926068000000001, -175.1442571999999984 -21.1923376999999995, -175.1447123000000090 -21.1920174000000010))
POLYGON ((-175.2622470999999962 -21.1687453999999988, -175.2620676999999887 -21.1688453000000010, -175.2619316999999910 -21.1686104999999998, -175.2621255999999903 -21.1685133999999984, -175.2622470999999962 -21.1687453999999988))
POLYGON ((-174.2969043999999883 -19.6566356000000013, -174.2972418999999888 -19.6565863999999983, -174.2973274999999944 -19.6570833000000000, -174.2969662000000142 -19.6571639000000005, -174.2969043999999883 -19.6566356000000013))
POLYGON ((-174.2899969000000056 -19.6644432999999985, -174.2901003000000060 -19.6645718999999985, -174.2899041999999952 -19.6647117000000016, -174.2898007999999948 -19.6645831999999992, -174.2899969000000056 -19.6644432999999985))
POLYGON ((-174.3645090999999923 -19.8278089999999985, -174.3643764999999917 -19.8280168000000003, -174.3641335000000083 -19.8279503000000012, -174.3643235000000118 -19.8277134000000004, -174.3645090999999923 -19.8278089999999985))
POLYGON ((-175.1727995999999905 -21.1894720999999997, -175.1730892999999867 -21.1896121999999991, -175.1731911999999909 -21.1898446999999983, -175.1727459999999894 -21.1899572999999997, -175.1727003999999965 -21.1896972000000012, -175.1727995999999905 -21.1894720999999997))
POLYGON ((-175.3395406999999864 -21.1163628999999986, -175.3394977000000097 -21.1166231000000018, -175.3394333999999901 -21.1166681999999994, -175.3388593999999898 -21.1168158000000012, -175.3388378999999873 -21.1167182000000011, -175.3388325999999893 -21.1165705999999993, -175.3388646999999878 -21.1165030000000016, -175.3390497999999980 -21.1164430000000003, -175.3395406999999864 -21.1163628999999986))
POLYGON ((-175.2817960000000141 -21.1818394000000012, -175.2815835000000106 -21.1819829999999989, -175.2813452999999981 -21.1818419999999996, -175.2814936999999986 -21.1816558000000015, -175.2817960000000141 -21.1818394000000012))
POLYGON ((-175.1357098000000008 -21.1932620000000007, -175.1357500000000016 -21.1934283000000008, -175.1354857999999979 -21.1934645000000010, -175.1354616000000135 -21.1932957000000002, -175.1357098000000008 -21.1932620000000007))
POLYGON ((-175.3252941000000078 -21.0672871999999991, -175.3249374000000103 -21.0675537999999989, -175.3246817000000135 -21.0672750999999998, -175.3250727999999867 -21.0669883999999996, -175.3252941000000078 -21.0672871999999991))
POLYGON ((-175.1288591999999937 -21.1537897999999984, -175.1285014000000047 -21.1540700000000008, -175.1282495000000097 -21.1537733000000010, -175.1286383000000058 -21.1535550000000008, -175.1288591999999937 -21.1537897999999984))
POLYGON ((-175.1846136999999999 -21.1696345999999984, -175.1843953000000056 -21.1696854999999999, -175.1841421000000025 -21.1695466000000003, -175.1841099000000099 -21.1694354999999987, -175.1842262000000119 -21.1693235999999985, -175.1844648000000007 -21.1691809000000006, -175.1846136999999999 -21.1696345999999984))
POLYGON ((-173.9703981000000113 -18.6097415999999996, -173.9702104000000134 -18.6100594000000008, -173.9698778000000061 -18.6099068999999986, -173.9700655000000040 -18.6095764000000017, -173.9703981000000113 -18.6097415999999996))
POLYGON ((-175.1672958999999992 -21.1492676000000017, -175.1669290000000103 -21.1494290000000014, -175.1668343999999991 -21.1492302000000016, -175.1672012999999879 -21.1490748000000011, -175.1672958999999992 -21.1492676000000017))
POLYGON ((-173.9763390999999899 -18.6568620000000003, -173.9762719999999945 -18.6572533999999983, -173.9759770000000003 -18.6574364000000017, -173.9757491999999957 -18.6571800000000003, -173.9760094000000095 -18.6568471000000002, -173.9761784000000091 -18.6567480000000003, -173.9763390999999899 -18.6568620000000003))
POLYGON ((-175.3322633999999880 -21.0708216999999998, -175.3320570999999859 -21.0709820999999984, -175.3319217000000094 -21.0708017000000005, -175.3321151000000100 -21.0706433000000004, -175.3322633999999880 -21.0708216999999998))
POLYGON ((-175.1200502000000085 -21.2633311999999997, -175.1198209000000077 -21.2634849000000017, -175.1196759999999983 -21.2632973999999990, -175.1198852999999929 -21.2631450000000015, -175.1200502000000085 -21.2633311999999997))
POLYGON ((-175.1162357000000043 -21.1767910999999991, -175.1160524000000009 -21.1769579999999991, -175.1158844999999928 -21.1768920999999999, -175.1155066999999974 -21.1771701000000014, -175.1151201000000128 -21.1767807999999995, -175.1147445999999945 -21.1764203000000002, -175.1151268000000130 -21.1761483999999989, -175.1152792000000034 -21.1762349999999984, -175.1155044999999859 -21.1760619000000005, -175.1156590999999878 -21.1762082000000014, -175.1157629999999870 -21.1762617000000013, -175.1159749999999917 -21.1765089000000017, -175.1162357000000043 -21.1767910999999991))
POLYGON ((-175.1603522000000055 -21.1516769999999994, -175.1597376999999938 -21.1516680000000008, -175.1597452000000033 -21.1513853999999988, -175.1599611999999979 -21.1513853999999988, -175.1599955000000080 -21.1513963999999994, -175.1600760999999977 -21.1513323000000000, -175.1601856999999995 -21.1512951999999999, -175.1602460000000008 -21.1512929999999990, -175.1602973999999904 -21.1512911999999993, -175.1603393000000040 -21.1513242999999989, -175.1603511000000140 -21.1514856000000009, -175.1603522000000055 -21.1516769999999994))
POLYGON ((-175.1400600000000054 -21.2622874000000017, -175.1402047999999922 -21.2626048999999995, -175.1401779999999917 -21.2626749000000004, -175.1400304999999946 -21.2627023999999984, -175.1398910000000058 -21.2623548999999983, -175.1400600000000054 -21.2622874000000017))
POLYGON ((-175.3398822000000052 -21.0772845999999987, -175.3396802000000037 -21.0774991999999983, -175.3395685000000128 -21.0775393000000015, -175.3394351999999969 -21.0772785999999996, -175.3396414999999990 -21.0770380000000017, -175.3398822000000052 -21.0772845999999987))
POLYGON ((-175.3369126000000051 -21.0787194000000007, -175.3370242999999959 -21.0788818000000013, -175.3367493000000081 -21.0790201999999987, -175.3366461999999899 -21.0788417000000017, -175.3369126000000051 -21.0787194000000007))
POLYGON ((-175.0628057000000126 -21.1291565000000006, -175.0613011000000085 -21.1295178999999997, -175.0610633999999948 -21.1287798000000002, -175.0617374999999925 -21.1286522000000012, -175.0621185999999909 -21.1285397999999986, -175.0622228000000007 -21.1284273999999996, -175.0623464999999896 -21.1283817999999997, -175.0624898000000087 -21.1283817999999997, -175.0628057000000126 -21.1291565000000006))
POLYGON ((-175.1150571000000014 -21.1755527999999984, -175.1149901000000000 -21.1755958000000000, -175.1148790000000020 -21.1756329000000001, -175.1147617000000025 -21.1756895000000007, -175.1145878000000096 -21.1754961000000002, -175.1148580999999922 -21.1753260999999995, -175.1150571000000014 -21.1755527999999984))
POLYGON ((-175.1025507999999888 -21.2522225999999996, -175.1026769000000058 -21.2524626000000012, -175.1024945000000059 -21.2525276000000005, -175.1023738000000094 -21.2522826000000009, -175.1025507999999888 -21.2522225999999996))
POLYGON ((-175.1322226000000057 -21.1898796999999988, -175.1323152999999877 -21.1899043999999996, -175.1324036999999976 -21.1901432999999990, -175.1319707000000108 -21.1902772000000006, -175.1317653000000121 -21.1902669000000010, -175.1317300000000046 -21.1901226999999999, -175.1318248999999980 -21.1899373000000004, -175.1319067000000018 -21.1898653000000010, -175.1320679000000098 -21.1898756000000006, -175.1321254000000067 -21.1899064000000017, -175.1322226000000057 -21.1898796999999988))
POLYGON ((-175.0405151999999873 -21.1401611000000003, -175.0406170999999915 -21.1405242000000015, -175.0405188999999950 -21.1407176999999997, -175.0402240999999890 -21.1409042999999990, -175.0399949000000106 -21.1405615000000004, -175.0401986999999906 -21.1403919000000009, -175.0405151999999873 -21.1401611000000003))
POLYGON ((-174.2955051000000140 -19.6607111000000003, -174.2956773999999882 -19.6609294000000006, -174.2951425999999913 -19.6612875000000003, -174.2949881000000119 -19.6610692000000000, -174.2955051000000140 -19.6607111000000003))
POLYGON ((-175.0998212000000080 -21.2338200999999991, -175.1001768000000141 -21.2338735999999990, -175.1000487000000021 -21.2345407000000002, -175.0996333999999877 -21.2344171999999993, -175.0998212000000080 -21.2338200999999991))
POLYGON ((-175.2354489999999885 -21.1721797000000009, -175.2351264000000128 -21.1722238000000011, -175.2351160999999991 -21.1719785000000016, -175.2351591999999982 -21.1719363999999999, -175.2354305000000068 -21.1719000000000008, -175.2354489999999885 -21.1721797000000009))
POLYGON ((-174.2795835000000011 -19.6812590999999983, -174.2792963999999927 -19.6815581000000002, -174.2790104000000042 -19.6813146000000003, -174.2792975000000126 -19.6810155999999985, -174.2795835000000011 -19.6812590999999983))
POLYGON ((-175.1915317000000130 -21.1444203000000002, -175.1913752000000102 -21.1442183999999997, -175.1916134999999883 -21.1440945000000013, -175.1917153999999925 -21.1441674999999982, -175.1917664000000059 -21.1442981000000003, -175.1915317000000130 -21.1444203000000002))
POLYGON ((-175.3262652999999887 -21.0679206999999984, -175.3260933999999907 -21.0680650999999983, -175.3258979000000011 -21.0678605999999995, -175.3260847999999896 -21.0677583000000013, -175.3262652999999887 -21.0679206999999984))
POLYGON ((-173.9793967999999893 -18.6026203000000017, -173.9788823000000093 -18.6026449999999990, -173.9787959999999885 -18.6025756000000015, -173.9787666000000002 -18.6021450000000002, -173.9791395000000023 -18.6021311000000011, -173.9793023999999946 -18.6022438000000001, -173.9793967999999893 -18.6026203000000017))
POLYGON ((-174.4834751999999867 -19.6395705999999990, -174.4831662999999935 -19.6398450999999987, -174.4827961000000016 -19.6396365000000017, -174.4825920000000110 -19.6393701999999983, -174.4830758999999887 -19.6391175999999987, -174.4834751999999867 -19.6395705999999990))
POLYGON ((-175.1155248999999969 -21.1747529000000014, -175.1151273000000117 -21.1749897999999988, -175.1149548999999865 -21.1748064999999990, -175.1150255999999956 -21.1747364000000005, -175.1147229999999979 -21.1744088999999995, -175.1148842999999999 -21.1743348000000005, -175.1150301000000127 -21.1744604000000010, -175.1151891000000091 -21.1746395999999990, -175.1153458999999941 -21.1745963999999987, -175.1155248999999969 -21.1747529000000014))
POLYGON ((-175.3401791000000003 -21.0967635000000016, -175.3401925000000006 -21.0969085999999990, -175.3399779000000080 -21.0969236000000002, -175.3399671999999896 -21.0967735000000012, -175.3401791000000003 -21.0967635000000016))
POLYGON ((-175.1212697999999932 -21.1857822999999996, -175.1215835000000141 -21.1862251000000015, -175.1211107999999967 -21.1865054999999991, -175.1207561999999882 -21.1867279000000011, -175.1202362999999878 -21.1870544999999986, -175.1200321999999971 -21.1872167000000005, -175.1198473999999976 -21.1872828999999996, -175.1196453999999960 -21.1874250999999987, -175.1196023999999909 -21.1874050999999994, -175.1194820999999990 -21.1875272999999993, -175.1191188999999895 -21.1873854000000001, -175.1191066000000092 -21.1873542000000015, -175.1194456000000059 -21.1870243999999985, -175.1196711999999991 -21.1868181000000000, -175.1199032000000102 -21.1866477999999994, -175.1203157999999860 -21.1863892999999983, -175.1207756000000018 -21.1861208999999988, -175.1211709000000099 -21.1858444000000006, -175.1212697999999932 -21.1857822999999996))
POLYGON ((-175.0700048999999865 -21.1264378999999991, -175.0688836999999864 -21.1268281999999985, -175.0687952000000109 -21.1265880000000017, -175.0696911000000000 -21.1262602000000008, -175.0699620000000039 -21.1263228000000005, -175.0700048999999865 -21.1264378999999991))
POLYGON ((-175.1067396999999914 -21.2171386999999996, -175.1067750999999930 -21.2171771000000007, -175.1067064000000073 -21.2172339000000001, -175.1067064000000073 -21.2173400000000001, -175.1066808999999864 -21.2173747000000006, -175.1065552999999966 -21.2173875000000010, -175.1065729000000033 -21.2174900000000015, -175.1062688000000094 -21.2176344999999991, -175.1060549000000037 -21.2176161999999984, -175.1060626999999954 -21.2173508999999996, -175.1061491000000103 -21.2172356999999998, -175.1062804999999969 -21.2171771000000007, -175.1064983999999924 -21.2171954000000014, -175.1067396999999914 -21.2171386999999996))
POLYGON ((-175.1725230000000124 -21.1857715000000013, -175.1724528999999961 -21.1854975000000003, -175.1726884999999925 -21.1856204000000012, -175.1725230000000124 -21.1857715000000013))
POLYGON ((-173.9172361999999907 -18.6312677999999998, -173.9174695000000099 -18.6316719000000006, -173.9170967000000019 -18.6320200999999983, -173.9167560999999864 -18.6317252999999994, -173.9172361999999907 -18.6312677999999998))
POLYGON ((-174.3532120000000134 -19.8144710000000011, -174.3530256999999892 -19.8142473999999993, -174.3531562000000008 -19.8141511000000001, -174.3533425999999906 -19.8143746999999983, -174.3532120000000134 -19.8144710000000011))
POLYGON ((-174.2846895000000131 -19.6785336000000015, -174.2842473999999982 -19.6784195000000004, -174.2842901999999867 -19.6782517000000006, -174.2845111999999972 -19.6782046999999984, -174.2847607999999866 -19.6783389000000000, -174.2846895000000131 -19.6785336000000015))
POLYGON ((-174.7094016000000067 -19.9487969000000014, -174.7086695000000134 -19.9491097000000011, -174.7086410000000001 -19.9486047999999982, -174.7091495999999893 -19.9483947999999991, -174.7094016000000067 -19.9487969000000014))
POLYGON ((-139.0388949999999966 -9.8011441000000001, -139.0389161999999885 -9.8011797999999999, -139.0386852999999974 -9.8012958999999995, -139.0383769000000029 -9.8006820000000001, -139.0382234999999866 -9.8006010999999997, -139.0381723000000136 -9.8005125000000000, -139.0381165999999951 -9.8003399000000009, -139.0381351000000052 -9.8002482999999998, -139.0381893999999932 -9.8001810999999996, -139.0382529000000034 -9.8001871999999999, -139.0384017000000085 -9.8002239000000007, -139.0385257000000081 -9.8002757999999996, -139.0386062000000038 -9.8003751000000001, -139.0385488999999950 -9.8004239000000002, -139.0386356999999862 -9.8005201000000000, -139.0386496000000136 -9.8006647000000005, -139.0387130999999954 -9.8008439999999997, -139.0388949999999966 -9.8011441000000001))
POLYGON ((-175.3435139000000049 -21.0902831999999982, -175.3436146999999892 -21.0903735999999995, -175.3434288999999922 -21.0904935000000009, -175.3433419000000129 -21.0903790999999998, -175.3435139000000049 -21.0902831999999982))
POLYGON ((-175.2853202999999951 -21.1839979000000014, -175.2851219000000071 -21.1836777000000005, -175.2854735999999889 -21.1834859999999985, -175.2856709000000137 -21.1838018000000012, -175.2853202999999951 -21.1839979000000014))
POLYGON ((-173.9755294999999933 -18.6476249000000003, -173.9753455000000031 -18.6478423999999983, -173.9751516999999978 -18.6478253999999986, -173.9749710000000107 -18.6476912000000006, -173.9747935000000041 -18.6474350999999992, -173.9748276999999916 -18.6472684999999991, -173.9748878999999988 -18.6472160000000002, -173.9755294999999933 -18.6476249000000003))
POLYGON ((-175.1561370999999951 -21.2009793000000002, -175.1564992000000132 -21.2010767999999992, -175.1564965000000029 -21.2014293999999985, -175.1560270999999886 -21.2013369000000012, -175.1561370999999951 -21.2009793000000002))
POLYGON ((-174.2750709000000029 -19.6876572000000003, -174.2750403999999946 -19.6877485000000014, -174.2749383000000023 -19.6877183000000002, -174.2749686999999881 -19.6876269999999991, -174.2750709000000029 -19.6876572000000003))
POLYGON ((-175.2172203000000081 -21.1873758999999993, -175.2174602999999991 -21.1877160000000018, -175.2172270000000083 -21.1879322999999999, -175.2169494000000043 -21.1875159000000011, -175.2172203000000081 -21.1873758999999993))
POLYGON ((-175.1129492000000027 -21.1730848999999992, -175.1126884999999902 -21.1732723000000007, -175.1125117999999929 -21.1730087000000005, -175.1127725000000055 -21.1728458999999987, -175.1129492000000027 -21.1730848999999992))
POLYGON ((-175.1266645000000040 -21.1498086000000001, -175.1269650000000127 -21.1496890999999998, -175.1271086000000139 -21.1499652000000005, -175.1270887000000016 -21.1500084000000008, -175.1267815999999868 -21.1500908000000010, -175.1266645000000040 -21.1498086000000001))
POLYGON ((-175.1016468999999915 -21.2515052000000004, -175.1017943999999886 -21.2514602000000004, -175.1021297000000061 -21.2515752000000013, -175.1020786999999928 -21.2518877000000010, -175.1018802000000107 -21.2519576000000008, -175.1016468999999915 -21.2515052000000004))
POLYGON ((-175.1308468000000005 -21.1920995999999988, -175.1308334999999943 -21.1922539999999984, -175.1304933000000119 -21.1922293000000010, -175.1305110000000127 -21.1920850999999999, -175.1308468000000005 -21.1920995999999988))
POLYGON ((-174.2729893000000061 -19.6963946000000014, -174.2723713000000032 -19.6967883999999991, -174.2722737999999936 -19.6966697999999987, -174.2723379999999906 -19.6963006000000007, -174.2724829999999940 -19.6962043999999992, -174.2729297999999858 -19.6963207000000011, -174.2729893000000061 -19.6963946000000014))
POLYGON ((-174.7982301000000120 -19.9486953999999983, -174.7981597000000136 -19.9487880000000004, -174.7980265999999858 -19.9486986000000002, -174.7980970000000127 -19.9486060000000016, -174.7982301000000120 -19.9486953999999983))
POLYGON ((-175.3373821000000135 -21.0739869000000013, -175.3371156999999982 -21.0741292999999992, -175.3369931999999949 -21.0739407999999990, -175.3372316999999896 -21.0738285999999988, -175.3373821000000135 -21.0739869000000013))
POLYGON ((-173.9315584999999942 -18.6094985000000008, -173.9311041999999929 -18.6098950999999992, -173.9310570000000098 -18.6099229000000008, -173.9308192999999960 -18.6095988000000006, -173.9313191999999901 -18.6092115000000007, -173.9315584999999942 -18.6094985000000008))
POLYGON ((-175.1232410000000073 -21.2642753000000013, -175.1233751000000041 -21.2644175000000004, -175.1230952999999886 -21.2646675000000016, -175.1229357999999934 -21.2644951000000013, -175.1232410000000073 -21.2642753000000013))
POLYGON ((-175.1187475000000120 -21.1777338999999998, -175.1184934999999996 -21.1779070000000011, -175.1181819999999902 -21.1774723000000016, -175.1178042999999889 -21.1773775999999998, -175.1176893999999891 -21.1772004000000003, -175.1179544999999962 -21.1770810000000012, -175.1181157000000042 -21.1773178000000009, -175.1183455000000038 -21.1773467000000011, -175.1185465000000079 -21.1776000000000018, -175.1186260000000061 -21.1775732999999988, -175.1187475000000120 -21.1777338999999998))
POLYGON ((-175.3419208999999910 -21.0847358999999983, -175.3420553999999925 -21.0848797999999995, -175.3419288000000051 -21.0850900999999986, -175.3417469999999980 -21.0850292999999986, -175.3416679000000045 -21.0848319000000011, -175.3419208999999910 -21.0847358999999983))
POLYGON ((-174.2885827000000063 -19.6658101999999992, -174.2887760000000128 -19.6659703999999991, -174.2884622999999920 -19.6663062000000011, -174.2882688999999914 -19.6661459000000001, -174.2885827000000063 -19.6658101999999992))
POLYGON ((-175.2097880000000032 -21.1826846999999994, -175.2096233999999981 -21.1827143999999983, -175.2096110999999894 -21.1826402000000016, -175.2097738999999876 -21.1826121000000001, -175.2097880000000032 -21.1826846999999994))
POLYGON ((-175.1145571000000132 -21.1754949000000003, -175.1143195999999875 -21.1758175999999985, -175.1139832000000069 -21.1756023999999989, -175.1142207000000042 -21.1752797000000008, -175.1145571000000132 -21.1754949000000003))
POLYGON ((-175.2714368000000036 -21.1900188999999983, -175.2708149000000049 -21.1902380999999984, -175.2706909999999993 -21.1898474999999991, -175.2712851000000001 -21.1896641999999993, -175.2714368000000036 -21.1900188999999983))
POLYGON ((-175.3373349000000019 -21.0741091999999988, -175.3374594999999943 -21.0742635999999983, -175.3370468999999900 -21.0746344999999984, -175.3367891000000043 -21.0744000000000007, -175.3373349000000019 -21.0741091999999988))
POLYGON ((-174.2935608999999886 -19.6612974999999999, -174.2931509000000005 -19.6616466999999986, -174.2928478000000041 -19.6613377999999983, -174.2929512000000045 -19.6610188999999984, -174.2931758000000002 -19.6608677999999983, -174.2935608999999886 -19.6612974999999999))
POLYGON ((-174.2842473999999982 -19.6784195000000004, -174.2839276999999925 -19.6785929000000017, -174.2838563999999906 -19.6784138999999989, -174.2842784000000051 -19.6782977999999993, -174.2842473999999982 -19.6784195000000004))
POLYGON ((-175.1338567999999896 -21.2417054000000007, -175.1339489000000071 -21.2419957000000004, -175.1334923000000003 -21.2426159000000006, -175.1331667000000039 -21.2422398000000001, -175.1338567999999896 -21.2417054000000007))
POLYGON ((-175.1440238000000136 -21.1877586999999998, -175.1443752000000131 -21.1881114000000004, -175.1440909000000090 -21.1884440000000005, -175.1437583000000018 -21.1879288000000017, -175.1440238000000136 -21.1877586999999998))
POLYGON ((-175.1166886000000034 -21.1749116999999991, -175.1165073999999890 -21.1751031999999988, -175.1162136000000089 -21.1748210000000014, -175.1163793000000055 -21.1746480000000012, -175.1166886000000034 -21.1749116999999991))
POLYGON ((-175.3509500000000116 -21.0888136000000017, -175.3510665999999958 -21.0889427000000005, -175.3508866999999896 -21.0891142999999985, -175.3507562000000064 -21.0889795999999983, -175.3509500000000116 -21.0888136000000017))
POLYGON ((-175.2858825000000138 -21.1828055999999982, -175.2862354000000096 -21.1827258000000000, -175.2863471000000004 -21.1829186000000007, -175.2860547999999881 -21.1830482999999994, -175.2858825000000138 -21.1828055999999982))
POLYGON ((-175.3397659999999973 -21.1059576000000000, -175.3397874000000058 -21.1066082000000002, -175.3393850999999870 -21.1066256999999986, -175.3393422000000044 -21.1059975999999985, -175.3397659999999973 -21.1059576000000000))
POLYGON ((-174.7677430999999899 -20.0203190000000006, -174.7675041999999905 -20.0204999000000008, -174.7669801000000120 -20.0202855000000000, -174.7666093999999930 -20.0198299000000013, -174.7671655000000044 -20.0195518999999997, -174.7677430999999899 -20.0203190000000006))
POLYGON ((-175.0418725000000109 -21.1385116999999987, -175.0418396999999970 -21.1387016999999986, -175.0416687000000024 -21.1388137000000000, -175.0415121999999997 -21.1387084999999999, -175.0414322000000027 -21.1385828999999994, -175.0417051000000015 -21.1384335999999990, -175.0418725000000109 -21.1385116999999987))
POLYGON ((-175.1454271000000062 -21.1891895999999988, -175.1454410000000053 -21.1894543000000013, -175.1451709000000108 -21.1894650999999996, -175.1451547000000062 -21.1892047000000012, -175.1454271000000062 -21.1891895999999988))
POLYGON ((-174.3404255000000092 -19.8046566999999989, -174.3402790000000095 -19.8052156000000004, -174.3402663999999902 -19.8052636000000000, -174.3400411000000076 -19.8052220000000005, -174.3402001000000041 -19.8046067999999984, -174.3404255000000092 -19.8046566999999989))
POLYGON ((-175.1723966000000132 -21.1970941000000010, -175.1719835000000103 -21.1973091999999994, -175.1718199000000027 -21.1974342000000000, -175.1716911000000039 -21.1972616000000009, -175.1716696999999954 -21.1968439999999987, -175.1719995999999924 -21.1965788999999987, -175.1722061000000110 -21.1967965000000014, -175.1723966000000132 -21.1970941000000010))
POLYGON ((-171.7979153999999937 -14.0044430999999996, -171.7979220999999939 -14.0044795000000004, -171.7978817999999990 -14.0044900000000005, -171.7978750999999988 -14.0044470000000008, -171.7979153999999937 -14.0044430999999996))
POLYGON ((-174.2852456999999902 -19.6697650000000017, -174.2851458000000093 -19.6699529999999996, -174.2850573999999995 -19.6699112999999990, -174.2851571999999862 -19.6697233000000011, -174.2852456999999902 -19.6697650000000017))
POLYGON ((-175.2707690000000014 -21.1886423000000015, -175.2710078000000067 -21.1893242999999991, -175.2704214000000036 -21.1894680000000015, -175.2703640000000007 -21.1894539000000002, -175.2701902000000018 -21.1888719999999999, -175.2702355000000125 -21.1887803999999988, -175.2707690000000014 -21.1886423000000015))
POLYGON ((-173.9860046999999952 -18.6321607000000000, -173.9857495999999912 -18.6326122000000005, -173.9850833000000137 -18.6323217999999997, -173.9852711000000056 -18.6318853000000004, -173.9860046999999952 -18.6321607000000000))
POLYGON ((-175.1689321000000064 -21.1412145000000002, -175.1689245999999969 -21.1415447000000007, -175.1687692000000141 -21.1415416000000000, -175.1687766000000011 -21.1412115000000007, -175.1689321000000064 -21.1412145000000002))
POLYGON ((-173.9430745999999885 -18.6207564000000012, -173.9428446999999949 -18.6208175000000011, -173.9427673000000141 -18.6206770000000006, -173.9430445000000134 -18.6206424000000013, -173.9430745999999885 -18.6207564000000012))
POLYGON ((-175.1525746000000083 -21.2664779999999993, -175.1523028999999951 -21.2666055999999983, -175.1518279000000007 -21.2667722999999995, -175.1516887999999881 -21.2665191000000000, -175.1524133000000063 -21.2662164999999987, -175.1525746000000083 -21.2664779999999993))
POLYGON ((-174.2766488000000038 -19.6861326000000005, -174.2759743999999955 -19.6857857000000003, -174.2761793999999895 -19.6853912999999991, -174.2767854999999884 -19.6856207000000012, -174.2767201000000057 -19.6859088000000000, -174.2766488000000038 -19.6861326000000005))
POLYGON ((-175.1570337999999936 -21.2006069000000004, -175.1569752000000051 -21.2008073000000010, -175.1569523999999944 -21.2010730000000009, -175.1566104000000053 -21.2009818999999986, -175.1567585999999892 -21.2005203999999985, -175.1570337999999936 -21.2006069000000004))
POLYGON ((-175.1032106000000113 -21.2534324999999988, -175.1033151999999973 -21.2536650000000016, -175.1031355000000076 -21.2537449999999986, -175.1030363000000136 -21.2534799999999997, -175.1032106000000113 -21.2534324999999988))
POLYGON ((-175.3254209000000117 -21.0689512999999984, -175.3250319999999931 -21.0691698999999986, -175.3248428999999931 -21.0689512999999984, -175.3252404000000126 -21.0687968999999988, -175.3254209000000117 -21.0689512999999984))
POLYGON ((-175.0564160000000129 -21.1305075000000002, -175.0559586999999908 -21.1307301999999986, -175.0556636000000026 -21.1308427999999999, -175.0554999999999950 -21.1305313000000012, -175.0559049999999957 -21.1303449000000008, -175.0561021999999980 -21.1302447999999998, -175.0562348999999926 -21.1302397999999982, -175.0562859000000060 -21.1302573000000002, -175.0564160000000129 -21.1305075000000002))
POLYGON ((-149.5033961999999974 -17.7544803000000009, -149.5027444000000116 -17.7545161000000000, -149.5026827000000083 -17.7535786000000009, -149.5037019000000100 -17.7535147000000002, -149.5037743999999975 -17.7543219000000008, -149.5033961999999974 -17.7544803000000009))
POLYGON ((-174.0359673000000100 -18.7108521000000003, -174.0363043000000118 -18.7116578000000011, -174.0360656999999946 -18.7117331000000000, -174.0357210999999893 -18.7113565000000008, -174.0355078000000049 -18.7110696999999995, -174.0359673000000100 -18.7108521000000003))
POLYGON ((-175.1723885000000109 -21.1972191000000016, -175.1724769999999864 -21.1972391000000009, -175.1727452000000085 -21.1976642999999996, -175.1723939000000030 -21.1978542999999995, -175.1724743000000046 -21.1979742999999985, -175.1721042000000068 -21.1981393999999987, -175.1717769999999916 -21.1976267000000007, -175.1719969000000106 -21.1974541999999992, -175.1722302999999954 -21.1973017000000006, -175.1723885000000109 -21.1972191000000016))
POLYGON ((-175.1119424000000038 -21.1640617999999989, -175.1122758999999860 -21.1642513000000001, -175.1120373999999913 -21.1645603000000015, -175.1116816999999912 -21.1645190999999997, -175.1117590000000064 -21.1643584999999987, -175.1119424000000038 -21.1640617999999989))
POLYGON ((-175.1071636000000069 -21.2169540000000012, -175.1066475000000082 -21.2171185999999992, -175.1064610999999900 -21.2171203999999989, -175.1063609999999926 -21.2170783999999983, -175.1063473000000101 -21.2168698000000013, -175.1067280000000039 -21.2167326000000003, -175.1070987999999886 -21.2167546000000016, -175.1071636000000069 -21.2169540000000012))
POLYGON ((-175.1224716000000114 -21.2638539000000009, -175.1226416000000086 -21.2641255999999998, -175.1225047000000075 -21.2641977000000004, -175.1223168999999871 -21.2639403999999992, -175.1224716000000114 -21.2638539000000009))
POLYGON ((-175.1404569999999978 -21.2627479000000008, -175.1405025999999907 -21.2629017000000005, -175.1403564000000017 -21.2629491000000002, -175.1403041000000087 -21.2627853999999985, -175.1404569999999978 -21.2627479000000008))
POLYGON ((-175.1279399000000012 -21.1823246000000012, -175.1279470000000060 -21.1825225999999986, -175.1276886999999931 -21.1825259000000017, -175.1276851000000079 -21.1823246000000012, -175.1279399000000012 -21.1823246000000012))
POLYGON ((-175.1244006000000013 -21.1824851999999986, -175.1240746000000001 -21.1826311999999994, -175.1237338999999906 -21.1820668000000012, -175.1238883999999985 -21.1819090000000010, -175.1239793999999961 -21.1819287000000003, -175.1244006000000013 -21.1824851999999986))
POLYGON ((-175.1686637999999903 -21.1808706999999998, -175.1685485000000142 -21.1809256999999995, -175.1683070999999927 -21.1811733000000011, -175.1680173999999965 -21.1811682999999995, -175.1678269999999884 -21.1810532999999985, -175.1681220000000110 -21.1807605999999993, -175.1684520000000020 -21.1805956000000002, -175.1686637999999903 -21.1808706999999998))
POLYGON ((-175.0411411000000044 -21.1396079000000015, -175.0408864000000051 -21.1392786999999984, -175.0412101999999948 -21.1389393000000005, -175.0413666999999975 -21.1388816000000013, -175.0415740999999912 -21.1390038000000011, -175.0414442999999949 -21.1392157000000012, -175.0413267000000133 -21.1394075999999984, -175.0411411000000044 -21.1396079000000015))
POLYGON ((-175.3400274999999908 -21.1117814999999993, -175.3399899000000062 -21.1120717999999989, -175.3396386000000007 -21.1121243000000014, -175.3395527000000129 -21.1118465999999998, -175.3398210000000006 -21.1117740000000005, -175.3399980000000085 -21.1117564999999985, -175.3400274999999908 -21.1117814999999993))
POLYGON ((-175.1125335000000121 -21.1275140999999991, -175.1122981999999979 -21.1281281999999990, -175.1119226000000140 -21.1280414999999984, -175.1120886999999868 -21.1273277999999998, -175.1125335000000121 -21.1275140999999991))
POLYGON ((-173.9494443000000103 -18.5877386000000016, -173.9497416000000101 -18.5882082000000004, -173.9492213000000049 -18.5884900000000002, -173.9489417000000060 -18.5881277000000011, -173.9494443000000103 -18.5877386000000016))
POLYGON ((-175.3403645999999867 -21.0940124000000004, -175.3403108999999915 -21.0941806999999990, -175.3401111000000014 -21.0942289000000009, -175.3400680999999963 -21.0939723000000008, -175.3402614999999969 -21.0939562000000009, -175.3403645999999867 -21.0940124000000004))
POLYGON ((-173.9562232000000108 -18.6714367999999986, -173.9561061999999936 -18.6717276000000005, -173.9556058000000007 -18.6715595000000008, -173.9557459000000108 -18.6712972999999991, -173.9562232000000108 -18.6714367999999986))
POLYGON ((-175.1408151999999916 -21.2592624000000008, -175.1410095999999896 -21.2595382999999991, -175.1408217999999977 -21.2596515000000004, -175.1406120000000044 -21.2593920999999995, -175.1408151999999916 -21.2592624000000008))
POLYGON ((-175.3393293000000028 -21.0879316999999986, -175.3395291999999870 -21.0878836000000014, -175.3395806999999991 -21.0881322000000004, -175.3393766000000085 -21.0881803000000012, -175.3393293000000028 -21.0879316999999986))
POLYGON ((-175.3130508000000134 -21.1656075000000001, -175.3130566000000101 -21.1660587000000007, -175.3125611000000106 -21.1661837000000013, -175.3124910999999884 -21.1657814000000002, -175.3130508000000134 -21.1656075000000001))
POLYGON ((-173.9420690000000036 -18.6199419000000006, -173.9418391000000099 -18.6200723000000004, -173.9417048999999906 -18.6199197000000005, -173.9420279999999934 -18.6198777000000000, -173.9420690000000036 -18.6199419000000006))
POLYGON ((-175.3153786000000025 -21.1403962999999990, -175.3150981000000002 -21.1405560000000001, -175.3150339000000031 -21.1405515000000008, -175.3147939000000122 -21.1401901999999993, -175.3151314000000127 -21.1400083999999993, -175.3153786000000025 -21.1403962999999990))
POLYGON ((-175.1457575000000020 -21.2692158999999990, -175.1456646999999975 -21.2692529999999991, -175.1454725000000110 -21.2693806000000016, -175.1451677000000018 -21.2694752999999999, -175.1447302999999920 -21.2696009000000004, -175.1446243000000038 -21.2695803000000012, -175.1444983000000093 -21.2693949999999994, -175.1456448000000137 -21.2689914999999985, -175.1457575000000020 -21.2692158999999990))
POLYGON ((-171.7971678000000111 -13.9998927999999996, -171.7970848999999873 -13.9999222999999997, -171.7970754000000113 -13.9998938000000006, -171.7971541000000002 -13.9998632000000001, -171.7971678000000111 -13.9998927999999996))
POLYGON ((-138.8827360999999883 -9.7661715000000004, -138.8824920000000134 -9.7662993000000000, -138.8823358999999869 -9.7663057999999996, -138.8822326000000089 -9.7662408000000003, -138.8822062000000130 -9.7660652999999993, -138.8822743000000060 -9.7659461000000007, -138.8824260000000095 -9.7658269000000004, -138.8825778000000071 -9.7658356000000008, -138.8827360999999883 -9.7661715000000004))
POLYGON ((-175.1686966000000041 -21.1998162999999984, -175.1687540000000070 -21.2000099000000013, -175.1683784999999887 -21.2001066999999992, -175.1683320999999864 -21.1999007000000006, -175.1686966000000041 -21.1998162999999984))
POLYGON ((-175.3047756999999933 -21.1308976999999985, -175.3044428999999980 -21.1309864000000012, -175.3043431000000112 -21.1306294000000001, -175.3046568000000036 -21.1305075000000002, -175.3047756999999933 -21.1308976999999985))
POLYGON ((-175.3398876999999914 -21.1013379999999984, -175.3393681999999956 -21.1014428000000009, -175.3393470000000036 -21.1012650000000015, -175.3393600999999933 -21.1009187000000011, -175.3397688000000016 -21.1008290000000009, -175.3398876999999914 -21.1013379999999984))
POLYGON ((-175.1648087000000089 -21.1459000000000010, -175.1650084999999990 -21.1458224000000001, -175.1651305999999977 -21.1461050999999998, -175.1649132999999949 -21.1461751000000007, -175.1648087000000089 -21.1459000000000010))
POLYGON ((-175.0517734999999959 -21.1317656999999990, -175.0516652999999963 -21.1318069000000008, -175.0512654999999995 -21.1320726999999984, -175.0510864999999967 -21.1317245000000007, -175.0516808000000140 -21.1316090999999986, -175.0517734999999959 -21.1317656999999990))
POLYGON ((-174.2974284999999952 -19.6584001000000015, -174.2974671000000058 -19.6586379999999998, -174.2971135999999888 -19.6587415000000014, -174.2970660999999950 -19.6584840999999990, -174.2974284999999952 -19.6584001000000015))
POLYGON ((-175.3393126999999936 -21.1148692000000011, -175.3391758999999865 -21.1152695000000001, -175.3387575000000140 -21.1151568999999988, -175.3388995999999906 -21.1148166000000010, -175.3393126999999936 -21.1148692000000011))
POLYGON ((-175.1217287000000056 -21.1406802999999996, -175.1217761000000053 -21.1411303000000004, -175.1211750999999879 -21.1411781999999988, -175.1211514000000022 -21.1407245999999986, -175.1217287000000056 -21.1406802999999996))
POLYGON ((-173.9372957999999869 -18.6084190999999990, -173.9369882999999959 -18.6088182000000018, -173.9366669999999999 -18.6085829999999994, -173.9369834000000026 -18.6081736000000006, -173.9372818999999879 -18.6083441000000001, -173.9372957999999869 -18.6084190999999990))
POLYGON ((-175.1121047999999973 -21.2352497999999983, -175.1118352999999956 -21.2354433000000000, -175.1117337000000020 -21.2353279999999991, -175.1120119999999929 -21.2351324000000012, -175.1121047999999973 -21.2352497999999983))
POLYGON ((-175.3404269000000113 -21.0803556999999984, -175.3402745999999865 -21.0804222000000010, -175.3402290999999877 -21.0803298999999988, -175.3404031000000032 -21.0802598000000003, -175.3404269000000113 -21.0803556999999984))
POLYGON ((-175.1052554999999984 -21.1236752000000010, -175.1058668000000011 -21.1239162000000000, -175.1056447999999932 -21.1244084000000001, -175.1050626999999906 -21.1241267000000015, -175.1052554999999984 -21.1236752000000010))
POLYGON ((-175.1167699000000084 -21.1769171999999983, -175.1169266999999934 -21.1771375999999982, -175.1171100999999908 -21.1774300999999987, -175.1173221999999896 -21.1777493999999997, -175.1168450000000121 -21.1780067999999986, -175.1164960000000121 -21.1781736999999985, -175.1163524000000109 -21.1778337999999984, -175.1164076000000023 -21.1776215999999984, -175.1162463999999943 -21.1772591000000006, -175.1167699000000084 -21.1769171999999983))
POLYGON ((-175.1005580000000066 -21.1222020999999991, -175.1003833000000043 -21.1225518000000001, -175.1003340999999978 -21.1225780000000007, -175.0999837999999897 -21.1225050000000003, -175.1002532999999914 -21.1221588000000011, -175.1003032000000132 -21.1220765999999998, -175.1005580000000066 -21.1222020999999991))
POLYGON ((-175.1639303000000041 -21.1490949999999991, -175.1634950000000117 -21.1491726000000000, -175.1633782000000110 -21.1487566999999999, -175.1636241999999868 -21.1486510000000010, -175.1637976000000094 -21.1486081000000006, -175.1639303000000041 -21.1490949999999991))
POLYGON ((-175.2833909999999946 -21.1901663000000013, -175.2832200000000000 -21.1903053999999997, -175.2830198000000053 -21.1900474999999986, -175.2832890999999904 -21.1899490999999998, -175.2833909999999946 -21.1901663000000013))
POLYGON ((-174.2967760999999882 -19.6494169999999997, -174.2968117000000063 -19.6498132000000005, -174.2964909000000091 -19.6499541999999998, -174.2963554000000101 -19.6495043000000003, -174.2967760999999882 -19.6494169999999997))
POLYGON ((-175.3150392000000011 -21.1421798000000010, -175.3152541000000042 -21.1424245000000006, -175.3148548000000062 -21.1427668000000004, -175.3146666000000096 -21.1425769999999993, -175.3150392000000011 -21.1421798000000010))
POLYGON ((-175.1771827000000030 -21.1943139999999985, -175.1767159999999990 -21.1946091000000010, -175.1764263000000028 -21.1942139999999988, -175.1762251000000106 -21.1940939999999998, -175.1762813999999935 -21.1939138999999983, -175.1766944999999964 -21.1936487999999983, -175.1771827000000030 -21.1943139999999985))
POLYGON ((-175.1119433000000072 -21.2534810999999983, -175.1120498999999882 -21.2537722000000002, -175.1113642999999911 -21.2541449000000000, -175.1112500000000125 -21.2536515000000001, -175.1119433000000072 -21.2534810999999983))
POLYGON ((-174.0682803999999919 -18.7132809000000009, -174.0680663999999922 -18.7135853999999995, -174.0678013000000135 -18.7135184999999993, -174.0675980999999979 -18.7134432000000004, -174.0678719999999942 -18.7131419000000001, -174.0682803999999919 -18.7132809000000009))
POLYGON ((-175.2338670999999977 -21.1161743000000008, -175.2339207999999928 -21.1162826000000017, -175.2338005000000010 -21.1163367000000015, -175.2337381000000107 -21.1162385000000015, -175.2338670999999977 -21.1161743000000008))
POLYGON ((-173.9827171999999962 -18.6008011999999994, -173.9825658999999973 -18.6006867000000007, -173.9824614999999994 -18.6005773999999988, -173.9823345000000074 -18.6005867000000009, -173.9822417000000030 -18.6006098000000009, -173.9820934999999906 -18.6003505000000011, -173.9825070999999923 -18.6001946999999994, -173.9824810000000070 -18.6000186999999997, -173.9829191000000037 -18.5998057999999986, -173.9830216999999948 -18.5999045000000010, -173.9831893999999863 -18.6001298999999989, -173.9831063000000029 -18.6003180999999991, -173.9831714999999974 -18.6003736999999987, -173.9830150999999887 -18.6005171999999988, -173.9830053999999961 -18.6006406999999996, -173.9827171999999962 -18.6008011999999994))
POLYGON ((-175.2110262999999861 -21.1837888999999997, -175.2111738000000116 -21.1842940999999989, -175.2111470000000111 -21.1844266999999995, -175.2105032999999992 -21.1845543999999997, -175.2103611000000001 -21.1839839999999988, -175.2110262999999861 -21.1837888999999997))
POLYGON ((-175.1420452000000125 -21.2198853000000014, -175.1421606000000111 -21.2200127999999992, -175.1420934999999872 -21.2202553999999992, -175.1419621000000006 -21.2204803999999996, -175.1415436999999997 -21.2208180000000013, -175.1412029999999902 -21.2204979000000016, -175.1420452000000125 -21.2198853000000014))
POLYGON ((-174.0330998999999963 -18.6890250999999985, -174.0327279999999917 -18.6894260000000010, -174.0324813999999947 -18.6891590000000001, -174.0327465000000018 -18.6890250999999985, -174.0330998999999963 -18.6890250999999985))
POLYGON ((-174.3403418999999985 -19.8112519999999996, -174.3402690000000064 -19.8114910000000002, -174.3400480999999900 -19.8114847999999988, -174.3400326000000007 -19.8112853000000015, -174.3403418999999985 -19.8112519999999996))
POLYGON ((-175.3138777000000061 -21.1470638000000015, -175.3136733000000049 -21.1468066000000015, -175.3141224999999963 -21.1465272999999989, -175.3143244999999979 -21.1468021999999998, -175.3138777000000061 -21.1470638000000015))
POLYGON ((-175.1207440999999960 -21.1357381000000011, -175.1208311000000037 -21.1361917999999989, -175.1200798000000134 -21.1363097999999994, -175.1199611000000118 -21.1358967000000000, -175.1207440999999960 -21.1357381000000011))
POLYGON ((-175.3396458999999936 -21.0898541000000002, -175.3396952999999883 -21.0900825999999988, -175.3393666000000053 -21.0901347000000001, -175.3393215000000112 -21.0898901999999993, -175.3396458999999936 -21.0898541000000002))
POLYGON ((-173.9209433999999987 -18.6283873000000000, -173.9211069000000123 -18.6283956999999987, -173.9211642999999867 -18.6284877999999985, -173.9211465999999859 -18.6285841000000012, -173.9210847999999885 -18.6286301999999999, -173.9209964000000070 -18.6286050000000003, -173.9208992000000080 -18.6285589999999992, -173.9209433999999987 -18.6283873000000000))
POLYGON ((-174.7147304000000076 -19.9570095999999992, -174.7142977999999971 -19.9571256999999989, -174.7142264999999952 -19.9566744000000007, -174.7146448000000021 -19.9565851000000016, -174.7147304000000076 -19.9570095999999992))
POLYGON ((-175.1439455000000009 -21.2120156999999985, -175.1437631000000010 -21.2121478000000003, -175.1436768000000086 -21.2120308999999985, -175.1438641000000018 -21.2118867000000009, -175.1439455000000009 -21.2120156999999985))
POLYGON ((-175.1169294000000036 -21.1745738000000010, -175.1167570000000069 -21.1747984000000002, -175.1164698999999985 -21.1745820999999985, -175.1166509999999903 -21.1743966999999991, -175.1169294000000036 -21.1745738000000010))
POLYGON ((-175.3509578999999974 -21.0887379999999993, -175.3507620999999972 -21.0889057999999991, -175.3507304999999974 -21.0888081000000014, -175.3508946000000037 -21.0886752999999985, -175.3509578999999974 -21.0887379999999993))
POLYGON ((-175.2806576000000121 -21.1431870999999987, -175.2800728999999933 -21.1434797000000003, -175.2798732999999913 -21.1430408000000014, -175.2805079000000035 -21.1428013999999997, -175.2806576000000121 -21.1431870999999987))
POLYGON ((-175.1146583999999962 -21.1764265000000016, -175.1148661000000004 -21.1767499000000008, -175.1147711000000129 -21.1768096999999997, -175.1145524000000080 -21.1764903999999987, -175.1146583999999962 -21.1764265000000016))
POLYGON ((-175.0730384999999956 -21.1250998999999986, -175.0731108999999890 -21.1252725000000012, -175.0730867000000046 -21.1255401999999997, -175.0727996999999903 -21.1256303000000010, -175.0722337999999922 -21.1257404000000015, -175.0721505999999863 -21.1255077000000000, -175.0725100999999881 -21.1254275999999983, -175.0727755999999999 -21.1251998999999984, -175.0730384999999956 -21.1250998999999986))
POLYGON ((-175.1654578000000129 -21.1514442000000003, -175.1655337999999915 -21.1517927999999991, -175.1653228000000126 -21.1518160000000002, -175.1652592000000084 -21.1514860999999996, -175.1654578000000129 -21.1514442000000003))
POLYGON ((-171.7978855000000067 -14.0019980000000004, -171.7978386000000057 -14.0020174999999991, -171.7978278999999873 -14.0019966999999994, -171.7978747999999882 -14.0019746000000005, -171.7978855000000067 -14.0019980000000004))
POLYGON ((-175.1194460000000106 -21.2702422999999996, -175.1196927999999957 -21.2703223000000001, -175.1196137000000022 -21.2704498000000015, -175.1193589000000088 -21.2703422999999994, -175.1194460000000106 -21.2702422999999996))
POLYGON ((-175.3418005999999991 -21.0794564999999992, -175.3419825000000003 -21.0797424000000007, -175.3416028999999980 -21.0799841000000008, -175.3414803000000006 -21.0797978000000015, -175.3416760000000068 -21.0796962999999984, -175.3416009000000031 -21.0795597999999984, -175.3418005999999991 -21.0794564999999992))
POLYGON ((-175.1109230000000139 -21.1265788999999984, -175.1106658999999866 -21.1269735999999995, -175.1102577999999994 -21.1266619999999996, -175.1104931000000136 -21.1262414999999990, -175.1109230000000139 -21.1265788999999984))
