GEOMETRYCOLLECTION (POLYGON ((-42.9669211000000004 -22.8276290000000017, -42.9669128000000029 -22.8278247999999984, -42.9668028999999976 -22.8278208000000014, -42.9668112000000022 -22.8276250000000012, -42.9669211000000004 -22.8276290000000017)), POLYGON ((-42.9670668999999990 -22.8275599000000007, -42.9670599000000024 -22.8276913999999991, -42.9666787000000028 -22.8276740999999994, -42.9666856999999993 -22.8275426000000010, -42.9670668999999990 -22.8275599000000007)))
POLYGON ((-43.2207408000000015 -22.8849991000000017, -43.2213203000000021 -22.8862383999999999, -43.2192835000000031 -22.8863169999999982, -43.2192756999999972 -22.8859752000000007, -43.2192591000000021 -22.8855484000000011, -43.2194521999999992 -22.8855398000000001, -43.2207408000000015 -22.8849991000000017))
POLYGON ((-44.5828556000000020 -22.6437306000000014, -44.5828989999999976 -22.6442203999999982, -44.5821157000000028 -22.6443075000000000, -44.5820824999999985 -22.6437658999999982, -44.5828556000000020 -22.6437306000000014))
POLYGON ((-43.4231358999999983 -22.7784870999999995, -43.4237461000000025 -22.7787289000000008, -43.4237084999999965 -22.7788180000000011, -43.4237486999999973 -22.7788302999999992, -43.4237889999999993 -22.7788426999999984, -43.4238427000000016 -22.7787733999999986, -43.4244648999999967 -22.7790405000000007, -43.4224103999999969 -22.7812860000000015, -43.4219383000000008 -22.7811078999999985, -43.4213427999999979 -22.7808111999999987, -43.4211443000000017 -22.7806677999999998, -43.4231358999999983 -22.7784870999999995))
POLYGON ((-43.6927376000000010 -22.9210022000000002, -43.6918016999999992 -22.9206961000000007, -43.6912492000000015 -22.9205083999999992, -43.6910400000000010 -22.9203946999999992, -43.6900587000000016 -22.9198012999999996, -43.6908553000000026 -22.9194266000000013, -43.6918660999999986 -22.9189569000000013, -43.6930113000000020 -22.9184252999999991, -43.6943123000000000 -22.9191792999999997, -43.6932686000000032 -22.9206417999999985, -43.6933161999999982 -22.9207341999999983, -43.6927376000000010 -22.9210022000000002))
POLYGON ((-44.1357063999999966 -22.7250140000000016, -44.1353970999999987 -22.7252502999999990, -44.1351191999999983 -22.7250215000000004, -44.1353835999999973 -22.7247482000000005, -44.1357063999999966 -22.7250140000000016))
POLYGON ((-43.1900364999999979 -22.9617071000000017, -43.1880489999999995 -22.9611973999999996, -43.1878910000000005 -22.9609890000000014, -43.1870311999999998 -22.9607041000000009, -43.1871973000000011 -22.9603712999999985, -43.1871533999999997 -22.9603007999999988, -43.1865731999999980 -22.9599535000000010, -43.1866492999999991 -22.9598551999999998, -43.1863744999999994 -22.9597104999999999, -43.1861966000000024 -22.9593117999999983, -43.1855125000000015 -22.9589795999999993, -43.1856506000000024 -22.9586803000000010, -43.1854016999999999 -22.9585459000000007, -43.1852815000000021 -22.9586961000000009, -43.1851527999999973 -22.9586249000000002, -43.1852815000000021 -22.9584274000000015, -43.1856762999999972 -22.9578820000000015, -43.1866376999999986 -22.9582930000000012, -43.1868351000000033 -22.9582930000000012, -43.1869724000000019 -22.9581191000000011, -43.1871354999999966 -22.9578029999999984, -43.1872642000000013 -22.9574473999999995, -43.1872127000000035 -22.9571232999999992, -43.1869638000000009 -22.9569811000000001, -43.1865432000000027 -22.9568466999999998, -43.1866547999999995 -22.9565227000000007, -43.1889893999999970 -22.9573919999999987, -43.1892232000000007 -22.9574698999999995, -43.1910978000000014 -22.9580722000000002, -43.1911849000000032 -22.9581538999999992, -43.1911957000000015 -22.9582096000000000, -43.1911828000000000 -22.9583015999999986, -43.1901751999999988 -22.9608252999999998, -43.1901323000000019 -22.9609307999999999, -43.1903259999999989 -22.9611519000000008, -43.1900364999999979 -22.9617071000000017))
POLYGON ((-43.3971866999999989 -22.8454486000000010, -43.3978133000000028 -22.8439930999999987, -43.3979506000000015 -22.8437717000000013, -43.3984140999999966 -22.8430044000000017, -43.3988603999999967 -22.8423161999999991, -43.3989205000000027 -22.8423161999999991, -43.4026884999999965 -22.8451321999999983, -43.3971866999999989 -22.8454486000000010))
POLYGON ((-43.3567469999999986 -22.9314429000000004, -43.3573942000000017 -22.9320304999999998, -43.3574579000000000 -22.9321505999999999, -43.3574944000000002 -22.9322857999999989, -43.3575008999999980 -22.9324115000000006, -43.3574942999999990 -22.9325527999999998, -43.3558550999999994 -22.9329535000000000, -43.3558882000000025 -22.9333473999999988, -43.3551830999999979 -22.9333926000000012, -43.3544568000000012 -22.9334230999999988, -43.3543599999999998 -22.9316290999999985, -43.3567469999999986 -22.9314429000000004))
POLYGON ((-43.0506176000000025 -22.5563253999999986, -43.0509674999999987 -22.5566710000000015, -43.0508981999999989 -22.5567701000000014, -43.0511545999999967 -22.5569573000000005, -43.0511702000000014 -22.5571796999999989, -43.0505655999999988 -22.5573428999999983, -43.0504376000000022 -22.5572833000000017, -43.0503143999999978 -22.5572261000000012, -43.0499349999999978 -22.5569829000000013, -43.0503889000000015 -22.5565174000000006, -43.0506176000000025 -22.5563253999999986))
POLYGON ((-42.0238751999999991 -22.8785482999999985, -42.0237872000000010 -22.8783291999999996, -42.0235754999999997 -22.8783726999999999, -42.0233476000000010 -22.8778235999999993, -42.0238426000000018 -22.8776946000000017, -42.0238799999999983 -22.8777186000000015, -42.0241633999999991 -22.8784688000000003, -42.0238751999999991 -22.8785482999999985))
POLYGON ((-42.9739987000000028 -22.8261780999999999, -42.9736569000000017 -22.8262676999999989, -42.9735478999999998 -22.8263573999999991, -42.9730530000000002 -22.8267048999999993, -42.9723430000000022 -22.8257192000000018, -42.9723666000000009 -22.8256757999999991, -42.9733181000000002 -22.8250920000000015, -42.9738366999999997 -22.8255617999999991, -42.9739987000000028 -22.8261780999999999))
POLYGON ((-44.1329597000000007 -22.7286399000000010, -44.1323098000000016 -22.7283146000000009, -44.1327515999999989 -22.7279131999999997, -44.1331890000000016 -22.7282371999999988, -44.1329597000000007 -22.7286399000000010))
POLYGON ((-42.9394327999999987 -22.8616916000000003, -42.9388318999999967 -22.8619288999999988, -42.9385973999999990 -22.8613913000000011, -42.9392095999999981 -22.8611617000000003, -42.9394327999999987 -22.8616916000000003))
POLYGON ((-44.7776246999999969 -22.5376401000000008, -44.7772744999999972 -22.5380853999999999, -44.7761580000000023 -22.5378463999999994, -44.7762949999999975 -22.5373683000000007, -44.7776246999999969 -22.5376401000000008))
POLYGON ((-43.1887899000000033 -22.5087955999999991, -43.1889347999999984 -22.5087608999999986, -43.1890795999999995 -22.5091077999999989, -43.1896321999999984 -22.5094893999999996, -43.1896375000000035 -22.5097173999999995, -43.1893103000000025 -22.5100642999999998, -43.1891707999999994 -22.5099106000000013, -43.1890957000000029 -22.5101137999999992, -43.1891117999999992 -22.5104855000000015, -43.1893478000000002 -22.5108026999999993, -43.1895999999999987 -22.5111595000000015, -43.1895302000000001 -22.5114516000000009, -43.1889851999999976 -22.5108587000000000, -43.1887921000000006 -22.5108785000000005, -43.1886075999999974 -22.5111743000000004, -43.1883447000000018 -22.5115258999999988, -43.1875399999999985 -22.5106688999999989, -43.1878029000000012 -22.5105250999999988, -43.1878189999999975 -22.5102724000000016, -43.1880711000000019 -22.5102228000000011, -43.1884841999999978 -22.5095190999999986, -43.1885753999999977 -22.5092068999999988, -43.1887899000000033 -22.5087955999999991))
POLYGON ((-44.2515278999999992 -23.1897960999999988, -44.2516350000000003 -23.1898714999999989, -44.2515714999999972 -23.1900635999999984, -44.2515027000000032 -23.1900283999999992, -44.2514603999999991 -23.1900733000000017, -44.2513598999999971 -23.1900076999999989, -44.2515278999999992 -23.1897960999999988))
POLYGON ((-43.0478827000000024 -22.9148116000000002, -43.0473774000000020 -22.9153100000000016, -43.0470989000000017 -22.9155957999999984, -43.0469118999999978 -22.9155884999999984, -43.0464464000000007 -22.9153136999999987, -43.0464741999999987 -22.9149947999999988, -43.0465856000000002 -22.9144305000000017, -43.0463509000000002 -22.9136829000000013, -43.0457699999999974 -22.9137489000000016, -43.0458973000000000 -22.9138954999999989, -43.0460126999999986 -22.9140493999999997, -43.0454597000000021 -22.9146026999999997, -43.0447315999999987 -22.9146137000000003, -43.0443775000000031 -22.9142033000000005, -43.0442561999999995 -22.9133585999999987, -43.0452786999999972 -22.9125669999999992, -43.0455114000000023 -22.9122957999999990, -43.0457899000000026 -22.9120649000000007, -43.0464602999999997 -22.9115609999999990, -43.0466513000000006 -22.9113155000000006, -43.0466732000000007 -22.9113155000000006, -43.0467030000000008 -22.9112806999999989, -43.0466949999999997 -22.9112532000000009, -43.0468163999999973 -22.9111010999999998, -43.0468461999999974 -22.9110900999999991, -43.0470471000000003 -22.9113173000000003, -43.0471784000000000 -22.9116159999999986, -43.0473156999999986 -22.9120430000000006, -43.0474788000000004 -22.9125835000000002, -43.0474788000000004 -22.9126623000000009, -43.0474250999999981 -22.9126915999999987, -43.0474291000000022 -22.9127447000000011, -43.0475544000000028 -22.9128015000000005, -43.0475623999999968 -22.9129225000000005, -43.0477174999999974 -22.9137360000000001, -43.0477751999999967 -22.9138057000000011, -43.0479462999999996 -22.9144047999999998, -43.0479800999999966 -22.9145624000000012, -43.0479762000000008 -22.9146907000000013, -43.0478827000000024 -22.9148116000000002))
POLYGON ((-43.6099287999999987 -22.6863944999999987, -43.6088398999999995 -22.6860530000000011, -43.6092263999999972 -22.6852079000000018, -43.6094729000000001 -22.6847512999999985, -43.6098742000000001 -22.6848796999999998, -43.6102775000000022 -22.6850087000000009, -43.6099287999999987 -22.6863944999999987))
POLYGON ((-43.0404274999999998 -22.6539071000000014, -43.0406490000000019 -22.6533601000000004, -43.0405921999999990 -22.6532377999999994, -43.0407597999999965 -22.6531428000000012, -43.0412674999999965 -22.6532620999999992, -43.0410471000000001 -22.6537518999999996, -43.0407402000000019 -22.6536557999999992, -43.0406967999999992 -22.6539946999999984, -43.0404274999999998 -22.6539071000000014))
POLYGON ((-43.6562569000000025 -22.6446621999999991, -43.6560287000000002 -22.6453686999999988, -43.6556343999999967 -22.6453117000000006, -43.6555749999999989 -22.6450117000000013, -43.6557760999999971 -22.6449868999999993, -43.6557413000000025 -22.6445265000000013, -43.6562569000000025 -22.6446621999999991))
POLYGON ((-43.0530845999999983 -22.8227361000000002, -43.0531338999999988 -22.8231621000000011, -43.0522187999999986 -22.8237130000000015, -43.0525330999999980 -22.8227019999999996, -43.0530845999999983 -22.8227361000000002))
POLYGON ((-44.7154878999999994 -23.2146353999999988, -44.7152914999999993 -23.2150320000000008, -44.7144712999999996 -23.2147356999999985, -44.7145566000000017 -23.2145226999999998, -44.7146423000000013 -23.2143194000000008, -44.7154878999999994 -23.2146353999999988))
POLYGON ((-42.4808640999999980 -22.6113385999999998, -42.4807387000000034 -22.6116239000000014, -42.4803449999999998 -22.6114867000000004, -42.4804616999999993 -22.6112067000000003, -42.4808640999999980 -22.6113385999999998))
POLYGON ((-42.6887625000000028 -22.5618738000000008, -42.6892770999999982 -22.5628360999999984, -42.6891968999999989 -22.5631465999999996, -42.6887909000000008 -22.5634474999999988, -42.6883022000000025 -22.5634140000000016, -42.6880099999999985 -22.5631608999999997, -42.6879634000000010 -22.5627788000000002, -42.6881987000000009 -22.5623705000000001, -42.6885582000000028 -22.5619429999999994, -42.6887625000000028 -22.5618738000000008))
POLYGON ((-44.1832161000000028 -22.5409411999999989, -44.1824429999999992 -22.5395475999999988, -44.1817282000000020 -22.5388060999999986, -44.1827315999999968 -22.5381374000000001, -44.1832313999999968 -22.5382403999999994, -44.1832161000000028 -22.5409411999999989))
POLYGON ((-43.1884289999999993 -22.8110593000000001, -43.1884323000000023 -22.8111327000000017, -43.1882433999999975 -22.8124934999999986, -43.1882262999999966 -22.8126676000000010, -43.1881747999999988 -22.8130710999999984, -43.1881319000000019 -22.8131976999999999, -43.1878657999999973 -22.8134112999999985, -43.1873079000000004 -22.8136565000000004, -43.1862435999999974 -22.8135061999999991, -43.1863448000000005 -22.8124171000000011, -43.1864667999999980 -22.8114966000000017, -43.1865611999999999 -22.8108873999999986, -43.1866383999999996 -22.8108241000000014, -43.1867157000000006 -22.8108162000000014, -43.1867929000000004 -22.8108083000000015, -43.1876419999999968 -22.8109001000000013, -43.1883443999999983 -22.8110014999999997, -43.1884289999999993 -22.8110593000000001))
POLYGON ((-43.1965253999999987 -22.8975842999999983, -43.1972335000000029 -22.8978907000000014, -43.1965221999999969 -22.8987687999999991, -43.1961182000000008 -22.8985875000000014, -43.1965253999999987 -22.8975842999999983))
POLYGON ((-43.0383180999999979 -22.9667953000000011, -43.0382806000000002 -22.9669583000000017, -43.0381142999999966 -22.9675064999999989, -43.0376582999999968 -22.9672249999999991, -43.0378299999999996 -22.9666718000000003, -43.0383180999999979 -22.9667953000000011))
POLYGON ((-41.9405403000000021 -22.5307999000000017, -41.9405136000000027 -22.5313416000000011, -41.9401549999999972 -22.5313377000000017, -41.9402313000000007 -22.5307846000000005, -41.9405403000000021 -22.5307999000000017))
POLYGON ((-43.3589261999999991 -22.7499344000000008, -43.3585828000000006 -22.7493605000000017, -43.3590871000000035 -22.7486481000000005, -43.3595162000000016 -22.7485689999999998, -43.3597308000000012 -22.7485491999999994, -43.3599238999999983 -22.7486184000000016, -43.3600526999999971 -22.7486084999999996, -43.3602136000000016 -22.7484600999999991, -43.3602136000000016 -22.7480347000000016, -43.3605248000000003 -22.7480347000000016, -43.3609860999999981 -22.7482028999999990, -43.3612220999999991 -22.7484304000000002, -43.3614044999999990 -22.7488954999999997, -43.3614152999999973 -22.7492319000000016, -43.3610934000000015 -22.7497265999999989, -43.3603960000000015 -22.7496572999999991, -43.3601922000000002 -22.7495484999999995, -43.3600312000000017 -22.7497067999999985, -43.3599669000000034 -22.7499837999999990, -43.3599669000000034 -22.7504983000000003, -43.3595162000000016 -22.7508742999999996, -43.3593982000000011 -22.7506763999999997, -43.3589261999999991 -22.7499344000000008))
POLYGON ((-43.4519850000000005 -22.7508571999999987, -43.4523069000000035 -22.7522225999999996, -43.4525106999999977 -22.7545575000000007, -43.4520172000000002 -22.7547257000000016, -43.4514270999999965 -22.7547850999999994, -43.4504507999999987 -22.7506097999999994, -43.4504722000000001 -22.7505504999999992, -43.4505259000000024 -22.7505009999999999, -43.4506009999999989 -22.7505009999999999, -43.4519850000000005 -22.7508571999999987))
POLYGON ((-43.4015885999999966 -22.8936114000000011, -43.4007049000000009 -22.8924368999999999, -43.4005002000000033 -22.8921649000000009, -43.4008456999999979 -22.8915207000000009, -43.4010548999999983 -22.8910364000000008, -43.4011998000000006 -22.8905472000000003, -43.4012426999999974 -22.8902605000000001, -43.4012353999999974 -22.8899149000000008, -43.4011890000000022 -22.8895973999999995, -43.4011823000000021 -22.8895511999999997, -43.4009531999999965 -22.8880732000000009, -43.4011355000000023 -22.8881028999999998, -43.4023706999999987 -22.8890311000000004, -43.4033815000000018 -22.8900526000000006, -43.4052258999999978 -22.8905154000000017, -43.4050359000000014 -22.8939477999999994, -43.4042011000000016 -22.8938592999999990, -43.4034703000000022 -22.8937933999999998, -43.4021412000000026 -22.8936886999999984, -43.4015885999999966 -22.8936114000000011))
POLYGON ((-43.2786659000000000 -22.8789845000000014, -43.2796986000000032 -22.8755035999999983, -43.2825918999999999 -22.8750852000000009, -43.2831972999999977 -22.8753522999999994, -43.2833843000000016 -22.8756193000000003, -43.2839273000000020 -22.8785127000000017, -43.2828056000000032 -22.8801330000000007, -43.2786659000000000 -22.8789845000000014))
POLYGON ((-43.1973954999999989 -22.9180637000000011, -43.1973333999999980 -22.9182449999999989, -43.1972677999999988 -22.9184008000000006, -43.1974092999999968 -22.9185231999999992, -43.1973168999999970 -22.9187024999999984, -43.1970486000000022 -22.9191478999999987, -43.1971417999999971 -22.9191971999999993, -43.1975042999999985 -22.9194198000000000, -43.1975543000000002 -22.9194260999999990, -43.1976094999999987 -22.9194181999999991, -43.1976700000000022 -22.9193816000000012, -43.1977803999999992 -22.9193387000000008, -43.1978615000000019 -22.9194198000000000, -43.1977682999999999 -22.9195533000000005, -43.1978563999999992 -22.9196376000000015, -43.1977145999999976 -22.9197842999999999, -43.1974439999999973 -22.9198014999999984, -43.1974719999999976 -22.9201195999999996, -43.1967720000000028 -22.9203660000000013, -43.1966508000000005 -22.9201338999999997, -43.1965313999999978 -22.9201686000000002, -43.1963729000000001 -22.9198890999999989, -43.1959122000000022 -22.9193487000000005, -43.1953174000000004 -22.9184559999999991, -43.1949143000000007 -22.9177822000000013, -43.1948757999999984 -22.9177466999999986, -43.1950909999999979 -22.9174359000000010, -43.1968190999999990 -22.9175922999999990, -43.1967782999999983 -22.9176423999999983, -43.1973954999999989 -22.9180637000000011))
POLYGON ((-43.1037298999999976 -22.8639693000000008, -43.1037469999999985 -22.8636529999999993, -43.1036648999999983 -22.8633878999999993, -43.1034379999999970 -22.8620000999999995, -43.1033607999999973 -22.8618340000000018, -43.1037780999999995 -22.8615606999999983, -43.1033693999999983 -22.8611037000000010, -43.1038159000000007 -22.8609171000000018, -43.1041590000000028 -22.8607036000000008, -43.1047156999999999 -22.8605844000000005, -43.1049263000000025 -22.8605066999999984, -43.1050376999999969 -22.8599631999999993, -43.1058080000000032 -22.8601546000000013, -43.1062022999999996 -22.8603513999999990, -43.1065629000000001 -22.8606310999999991, -43.1068161999999973 -22.8609669999999987, -43.1069311999999982 -22.8613961000000003, -43.1068624999999983 -22.8616014999999990, -43.1069401999999968 -22.8618655000000004, -43.1070599000000030 -22.8620956000000000, -43.1071738999999994 -22.8624279000000001, -43.1071853999999988 -22.8625849000000017, -43.1047313999999986 -22.8635665999999986, -43.1048879000000014 -22.8639493000000016, -43.1044094000000015 -22.8640684999999984, -43.1039549999999991 -22.8642460000000014, -43.1036451000000014 -22.8643041999999994, -43.1037298999999976 -22.8639693000000008))
POLYGON ((-43.2213240999999968 -22.8862383999999999, -43.2207423999999989 -22.8849936000000014, -43.2194513999999970 -22.8855375000000016, -43.2192587999999986 -22.8855448999999993, -43.2192429999999987 -22.8851106000000009, -43.2192197999999976 -22.8849681999999994, -43.2190572000000017 -22.8842087999999997, -43.2190124999999981 -22.8840931000000012, -43.2182796000000025 -22.8825430999999995, -43.2185980000000001 -22.8822210999999989, -43.2186852000000030 -22.8821806999999993, -43.2183056000000008 -22.8813595999999997, -43.2203486000000012 -22.8802434999999988, -43.2205462000000011 -22.8801990999999987, -43.2206513000000001 -22.8801747999999989, -43.2216105999999982 -22.8800120999999983, -43.2219335999999998 -22.8800442000000004, -43.2223441000000008 -22.8800828000000003, -43.2227783000000017 -22.8801090999999985, -43.2233390999999969 -22.8801425000000016, -43.2238691000000017 -22.8801753000000012, -43.2244002999999992 -22.8802847000000007, -43.2246519999999990 -22.8803371999999996, -43.2245587000000029 -22.8814145000000018, -43.2245976000000027 -22.8816537999999987, -43.2258659000000023 -22.8849601999999983, -43.2250973000000016 -22.8852447999999988, -43.2241755000000012 -22.8856399999999987, -43.2234762000000003 -22.8859470999999992, -43.2228278999999986 -22.8861798999999984, -43.2213240999999968 -22.8862383999999999))
POLYGON ((-43.2289916000000005 -22.6220709999999983, -43.2288306000000020 -22.6221798999999990, -43.2282314999999997 -22.6233295000000005, -43.2277362999999966 -22.6242793999999989, -43.2270175000000023 -22.6237050000000011, -43.2270711000000034 -22.6232593999999985, -43.2274144000000007 -22.6231107999999992, -43.2274681000000029 -22.6227543000000004, -43.2268457999999995 -22.6227048000000011, -43.2268564999999967 -22.6222691000000005, -43.2271247999999986 -22.6223978000000017, -43.2273179000000027 -22.6224077000000001, -43.2275646000000009 -22.6223185999999998, -43.2275861000000035 -22.6221898000000010, -43.2278329000000028 -22.6220610999999998, -43.2280044999999973 -22.6219025999999985, -43.2281118000000006 -22.6216650000000001, -43.2285946000000010 -22.6213976000000017, -43.2291096000000010 -22.6215857000000007, -43.2289916000000005 -22.6220709999999983))
POLYGON ((-43.0945917000000023 -22.9223341000000005, -43.0943771000000027 -22.9226157999999991, -43.0943557000000013 -22.9229170999999994, -43.0943796999999975 -22.9232924000000011, -43.0934250000000034 -22.9234158999999984, -43.0931647999999967 -22.9227935999999985, -43.0945917000000023 -22.9223341000000005))
POLYGON ((-43.0318882999999985 -22.8180659000000006, -43.0329102000000034 -22.8191878000000017, -43.0319444000000004 -22.8199454999999993, -43.0321434000000025 -22.8201348000000017, -43.0313152000000017 -22.8207857999999995, -43.0306472999999983 -22.8209392000000015, -43.0296252999999993 -22.8198174000000016, -43.0303443000000030 -22.8192608999999997, -43.0318882999999985 -22.8180659000000006))
POLYGON ((-43.3243628999999970 -22.8309013000000007, -43.3257088000000010 -22.8311999000000014, -43.3260264000000035 -22.8313896999999990, -43.3260349000000033 -22.8317377999999991, -43.3262152000000000 -22.8317298999999991, -43.3262409000000019 -22.8318168999999997, -43.3265069999999994 -22.8318089999999998, -43.3265156000000005 -22.8320542000000017, -43.3263438999999977 -22.8321253999999989, -43.3262839000000000 -22.8322994000000001, -43.3258289999999988 -22.8323390000000011, -43.3255028000000024 -22.8328768999999987, -43.3259576999999965 -22.8329559999999994, -43.3257002000000000 -22.8341029999999989, -43.3251816000000005 -22.8338807999999993, -43.3234457000000006 -22.8331595999999983, -43.3231906999999978 -22.8330339000000002, -43.3229941000000025 -22.8332851000000012, -43.3227420999999993 -22.8334834999999998, -43.3219248999999991 -22.8343646999999983, -43.3213873999999990 -22.8349167000000008, -43.3205760999999967 -22.8347675000000017, -43.3207477999999995 -22.8340950999999990, -43.3209098999999966 -22.8334998999999996, -43.3210090999999977 -22.8330002999999984, -43.3211747000000003 -22.8323424999999993, -43.3213796000000002 -22.8316757999999993, -43.3228342999999967 -22.8320660999999987, -43.3230209999999971 -22.8315197000000012, -43.3240671000000006 -22.8318413000000007, -43.3243628999999970 -22.8309013000000007))
POLYGON ((-43.2967113999999995 -22.7895387999999990, -43.2966148000000004 -22.7896870999999983, -43.2964967999999999 -22.7897266999999992, -43.2964002000000008 -22.7898156999999983, -43.2960354000000009 -22.7898454000000008, -43.2959389000000030 -22.7900333000000010, -43.2956920999999966 -22.7902312000000009, -43.2954989999999995 -22.7903795000000002, -43.2950483999999989 -22.7904882999999998, -43.2948123999999979 -22.7905179999999987, -43.2946729000000019 -22.7904586999999985, -43.2945119999999974 -22.7902114000000005, -43.2943295999999975 -22.7900036999999998, -43.2944047000000012 -22.7898552999999993, -43.2941043000000008 -22.7897266999999992, -43.2930849999999978 -22.7894399000000014, -43.2939647999999977 -22.7881242999999998, -43.2954024000000004 -22.7888067999999997, -43.2966363000000030 -22.7894399000000014, -43.2967113999999995 -22.7895387999999990))
POLYGON ((-44.9655775000000020 -22.5914828000000014, -44.9651849999999982 -22.5923993000000003, -44.9632551999999990 -22.5916212999999999, -44.9636684000000031 -22.5907261999999989, -44.9655775000000020 -22.5914828000000014))
POLYGON ((-43.4232350999999994 -22.7938755999999998, -43.4219815000000011 -22.7933266000000003, -43.4180965999999984 -22.7918613000000008, -43.4191823999999968 -22.7894304000000005, -43.4238961000000003 -22.7924363999999997, -43.4232350999999994 -22.7938755999999998))
POLYGON ((-43.7800464000000034 -22.8675573000000014, -43.7802215999999973 -22.8682261000000011, -43.7792871999999988 -22.8681337999999990, -43.7793205999999984 -22.8675111999999991, -43.7800464000000034 -22.8675573000000014))
POLYGON ((-42.0255908000000034 -22.9673142000000006, -42.0248938000000010 -22.9673678999999993, -42.0248812999999970 -22.9670397999999985, -42.0250873999999968 -22.9669682000000002, -42.0251449000000008 -22.9670647000000017, -42.0253611999999990 -22.9669744999999992, -42.0255908000000034 -22.9673142000000006))
POLYGON ((-44.9608452000000014 -23.0697082000000009, -44.9601156000000017 -23.0696933999999985, -44.9599868999999970 -23.0692395999999995, -44.9599708000000007 -23.0690570000000008, -44.9600513000000035 -23.0688448000000008, -44.9603408999999985 -23.0686621999999986, -44.9608971999999980 -23.0686791999999983, -44.9608504999999994 -23.0691212000000014, -44.9608452000000014 -23.0697082000000009))
POLYGON ((-43.4493834000000021 -22.8861883000000006, -43.4485680000000016 -22.8867219999999989, -43.4484500000000011 -22.8867021999999984, -43.4481174000000010 -22.8863662000000012, -43.4477526000000012 -22.8866428999999982, -43.4478276999999977 -22.8867417999999994, -43.4470444999999970 -22.8874434999999998, -43.4459501999999986 -22.8863266000000003, -43.4470685000000003 -22.8853505999999989, -43.4471733000000029 -22.8852590999999990, -43.4475295000000017 -22.8850048000000008, -43.4487932999999984 -22.8841026999999997, -43.4494048999999976 -22.8847352999999991, -43.4485894999999971 -22.8853974999999998, -43.4493834000000021 -22.8861883000000006))
POLYGON ((-44.4478336000000027 -22.6753679000000012, -44.4483288999999999 -22.6755256000000003, -44.4481510999999969 -22.6760009999999994, -44.4476778000000010 -22.6758503000000005, -44.4477838000000034 -22.6754901999999987, -44.4478336000000027 -22.6753679000000012))
POLYGON ((-43.3075128999999990 -22.7776834000000008, -43.3066322999999969 -22.7783334000000011, -43.3062618000000015 -22.7777904999999983, -43.3050495999999967 -22.7762193000000011, -43.3061910999999995 -22.7754517000000014, -43.3068693999999965 -22.7757503999999997, -43.3072096000000002 -22.7760728000000015, -43.3073189999999997 -22.7767681000000017, -43.3075128999999990 -22.7776834000000008))
POLYGON ((-42.6291883999999968 -22.7121384000000006, -42.6288128999999998 -22.7119503999999992, -42.6284696000000025 -22.7116535000000006, -42.6287378000000032 -22.7110398999999994, -42.6290274999999994 -22.7111981999999983, -42.6294243999999978 -22.7116733000000011, -42.6291883999999968 -22.7121384000000006))
POLYGON ((-12.3092669000000008 -37.0652041999999966, -12.3089099999999991 -37.0652479999999969, -12.3088298999999992 -37.0648325000000014, -12.3091868000000009 -37.0647887000000011, -12.3092669000000008 -37.0652041999999966))
POLYGON ((-12.3092906000000006 -37.0656606000000011, -12.3091171999999993 -37.0656322999999972, -12.3086897000000004 -37.0656123999999991, -12.3086941999999997 -37.0654100000000000, -12.3091390999999994 -37.0654612000000014, -12.3092906000000006 -37.0656606000000011))
POLYGON ((-43.3781379999999999 -22.7938031999999993, -43.3783365000000032 -22.7936598000000004, -43.3785349999999994 -22.7934866999999990, -43.3786423000000028 -22.7933433000000001, -43.3789319999999989 -22.7929080999999982, -43.3807772999999983 -22.7935064999999994, -43.3801980000000000 -22.7942384000000011, -43.3784615000000002 -22.7936538999999989, -43.3781970000000001 -22.7937982999999988, -43.3781379999999999 -22.7938031999999993))
POLYGON ((-42.6004569999999987 -22.8632750000000016, -42.6006929999999997 -22.8633986000000000, -42.6003443999999973 -22.8640313000000006, -42.6000815000000017 -22.8639127000000002, -42.6004569999999987 -22.8632750000000016))
POLYGON ((-44.0372981000000010 -22.9515044999999986, -44.0375524999999968 -22.9518352000000014, -44.0375555000000034 -22.9519674999999985, -44.0371155999999999 -22.9523587999999990, -44.0367236000000020 -22.9518379999999986, -44.0372023999999982 -22.9515017999999991, -44.0372981000000010 -22.9515044999999986))
POLYGON ((-43.3971640999999977 -22.7555976999999992, -43.3974965999999966 -22.7563001999999983, -43.3978184999999996 -22.7568938000000003, -43.3976360999999997 -22.7571608999999988, -43.3969386999999998 -22.7569927000000014, -43.3968636000000032 -22.7569431999999985, -43.3953080000000000 -22.7566167999999998, -43.3953722999999982 -22.7564188999999999, -43.3958766000000011 -22.7564980000000006, -43.3959516999999977 -22.7563199000000012, -43.3958658999999969 -22.7561418999999994, -43.3957692999999978 -22.7559439999999995, -43.3968314999999976 -22.7554790000000011, -43.3969602000000023 -22.7556669999999990, -43.3971640999999977 -22.7555976999999992))
POLYGON ((-43.1894144999999980 -22.5104645000000012, -43.1893353000000033 -22.5104323000000015, -43.1893195000000034 -22.5103416000000003, -43.1893103000000025 -22.5100642999999998, -43.1896375000000035 -22.5097173999999995, -43.1896321999999984 -22.5094893999999996, -43.1896521000000035 -22.5094081000000017, -43.1898072999999982 -22.5094549000000015, -43.1899499000000020 -22.5096421999999983, -43.1900195999999994 -22.5098734000000000, -43.1901019000000019 -22.5099289999999996, -43.1901463000000021 -22.5101864999999997, -43.1897629999999992 -22.5104119000000011, -43.1895317000000034 -22.5105055000000007, -43.1894811000000018 -22.5104967000000009, -43.1894144999999980 -22.5104645000000012))
POLYGON ((-43.2233907000000031 -22.8874555999999991, -43.2226976999999977 -22.8881741000000005, -43.2224311000000014 -22.8883560000000017, -43.2221917000000033 -22.8884582999999999, -43.2218950000000035 -22.8884992999999994, -43.2193298999999982 -22.8885612999999992, -43.2193060000000031 -22.8880596999999995, -43.2192974000000021 -22.8875582000000009, -43.2228999000000016 -22.8874670999999985, -43.2233907000000031 -22.8874555999999991))
POLYGON ((-43.3784263000000010 -22.7925107999999987, -43.3776538999999985 -22.7936681000000014, -43.3768492000000023 -22.7940834999999993, -43.3756154000000009 -22.7937373000000001, -43.3757440999999986 -22.7934009999999994, -43.3757012000000017 -22.7933911000000009, -43.3757870000000025 -22.7932823000000013, -43.3760552999999973 -22.7929756999999995, -43.3767526000000032 -22.7926393999999988, -43.3769242999999989 -22.7926986999999990, -43.3774929000000000 -22.7926393999999988, -43.3780900000000003 -22.7926205000000017, -43.3784263000000010 -22.7925107999999987))
POLYGON ((-44.1944457999999969 -22.8360532999999997, -44.1945710999999974 -22.8360968000000000, -44.1946275999999969 -22.8361613000000006, -44.1946425000000005 -22.8362915999999991, -44.1945010999999965 -22.8366427999999999, -44.1942425000000014 -22.8368351999999994, -44.1941522999999989 -22.8368351999999994, -44.1940566999999973 -22.8367867999999987, -44.1939597000000006 -22.8366427999999999, -44.1939259999999976 -22.8364343000000005, -44.1939530000000005 -22.8362097000000013, -44.1940202999999983 -22.8361017000000004, -44.1941051000000016 -22.8360495999999991, -44.1942169000000007 -22.8360483999999992, -44.1942572999999967 -22.8361166000000004, -44.1942963999999989 -22.8361115999999988, -44.1943745000000021 -22.8360669999999999, -44.1944457999999969 -22.8360532999999997))
POLYGON ((-43.5736942999999997 -22.9100670000000015, -43.5721665000000016 -22.9099089000000014, -43.5726729000000006 -22.9068176000000001, -43.5733166999999995 -22.9067781000000004, -43.5735311999999979 -22.9068176000000001, -43.5741234999999989 -22.9070153000000012, -43.5736942999999997 -22.9100670000000015))
POLYGON ((-43.7111237000000017 -22.6188536000000013, -43.7107965000000007 -22.6189873000000006, -43.7100775999999982 -22.6174178999999995, -43.7105417000000003 -22.6173046999999983, -43.7107643000000010 -22.6178632999999998, -43.7106623999999968 -22.6179425000000016, -43.7111237000000017 -22.6188536000000013))
POLYGON ((-43.2192831999999996 -22.8863194999999990, -43.2213224999999994 -22.8862413999999994, -43.2228240000000028 -22.8861829000000014, -43.2228982000000030 -22.8874645000000001, -43.2192974000000021 -22.8875555000000013, -43.2192950000000025 -22.8869445999999996, -43.2192831999999996 -22.8863194999999990))
POLYGON ((-43.0606944000000027 -22.8274420999999990, -43.0603768000000002 -22.8279008999999995, -43.0588060999999982 -22.8288660000000014, -43.0583511999999970 -22.8289608999999984, -43.0580448999999987 -22.8291353999999984, -43.0577096000000026 -22.8285984000000006, -43.0600935000000007 -22.8272206000000004, -43.0606944000000027 -22.8274420999999990))
POLYGON ((-43.3767848000000029 -22.7941229999999990, -43.3757656000000011 -22.7945582000000009, -43.3755294999999990 -22.7947758000000000, -43.3752828000000008 -22.7952209000000003, -43.3749930999999975 -22.7961011999999990, -43.3745102999999972 -22.7959232000000007, -43.3748428999999973 -22.7951121000000008, -43.3748964999999984 -22.7951121000000008, -43.3755402999999973 -22.7937966000000003, -43.3767848000000029 -22.7941229999999990))
POLYGON ((-42.2625419000000022 -22.7243959999999987, -42.2628330000000005 -22.7246443999999990, -42.2618579999999966 -22.7254095000000014, -42.2615668999999983 -22.7250739000000017, -42.2625419000000022 -22.7243959999999987))
POLYGON ((-43.2182768999999993 -22.8825421999999996, -43.2185976000000025 -22.8822204999999990, -43.2186845000000019 -22.8821805000000005, -43.2185526000000024 -22.8819085000000015, -43.2183023999999989 -22.8813576999999988, -43.2203476999999978 -22.8802422999999990, -43.2206503999999967 -22.8801732999999992, -43.2216108000000006 -22.8800112999999996, -43.2223495000000000 -22.8800804000000007, -43.2238688999999994 -22.8801714999999994, -43.2246540000000010 -22.8803358000000010, -43.2245625999999987 -22.8814166999999991, -43.2246015999999997 -22.8816527000000001, -43.2248183999999966 -22.8822180000000017, -43.2258228000000031 -22.8848324000000005, -43.2258691999999982 -22.8849614000000017, -43.2250766000000013 -22.8852626999999984, -43.2241281000000015 -22.8856685000000013, -43.2234793000000010 -22.8859570000000012, -43.2228281000000010 -22.8861823999999991, -43.2229018000000025 -22.8874642000000001, -43.2234046000000021 -22.8874500000000012, -43.2227012000000030 -22.8881774000000000, -43.2224337000000034 -22.8883612999999997, -43.2221935999999971 -22.8884624000000017, -43.2218943000000024 -22.8885037999999987, -43.2193248000000025 -22.8885669000000007, -43.2192997000000005 -22.8880614999999992, -43.2192944999999966 -22.8875564999999987, -43.2192817000000034 -22.8863188000000015, -43.2192713999999967 -22.8859749000000008, -43.2192417999999989 -22.8851100000000010, -43.2192190999999966 -22.8849674999999984, -43.2190553000000008 -22.8842090999999996, -43.2190117000000029 -22.8840934000000011, -43.2186689999999984 -22.8833699000000017, -43.2182768999999993 -22.8825421999999996))
POLYGON ((-41.9900307999999995 -22.5980993999999988, -41.9896973999999972 -22.5985471000000011, -41.9895276999999965 -22.5984332999999999, -41.9898549999999986 -22.5979762999999991, -41.9900307999999995 -22.5980993999999988))
POLYGON ((-44.1697677000000013 -23.1435725000000012, -44.1695070000000030 -23.1436920999999991, -44.1692496000000006 -23.1432178999999998, -44.1695102999999989 -23.1430982999999983, -44.1697677000000013 -23.1435725000000012))
