POLYGON ((170.2596329000000139 -45.9150562000000022, 170.2584313000000122 -45.9155264999999986, 170.2594505000000140 -45.9166535999999965, 170.2605019000000084 -45.9161683999999966, 170.2603838999999937 -45.9160638999999975, 170.2601050000000100 -45.9157579000000027, 170.2596329000000139 -45.9150562000000022))
POLYGON ((167.7247399999999971 -46.3024800000000027, 167.7235100000000045 -46.3020300000000020, 167.7230000000000132 -46.3025000000000020, 167.7235200000000077 -46.3026100000000014, 167.7242999999999995 -46.3029700000000020, 167.7247399999999971 -46.3024800000000027))
POLYGON ((168.0967200000000048 -45.9946699999999993, 168.0984300000000076 -45.9946699999999993, 168.0984300000000076 -45.9937499999999986, 168.0966899999999953 -45.9937499999999986, 168.0967200000000048 -45.9946699999999993))
POLYGON ((168.5457100000000139 -46.3572399999999973, 168.5469600000000128 -46.3571099999999987, 168.5465499999999963 -46.3567299999999989, 168.5461699999999894 -46.3567699999999974, 168.5460500000000081 -46.3566000000000003, 168.5451799999999878 -46.3568300000000022, 168.5457100000000139 -46.3572399999999973))
POLYGON ((168.0098999999999876 -46.1321500000000029, 168.0071499999999958 -46.1296800000000005, 168.0070599999999956 -46.1296800000000005, 168.0067899999999952 -46.1300900000000027, 168.0067099999999982 -46.1312100000000029, 168.0064500000000010 -46.1316100000000020, 168.0061599999999942 -46.1319599999999994, 168.0058999999999969 -46.1321500000000029, 168.0098999999999876 -46.1321500000000029))
POLYGON ((170.5246673999999985 -45.8624137999999988, 170.5249312999999916 -45.8619808999999989, 170.5257636000000048 -45.8621375000000029, 170.5258155999999872 -45.8619904999999974, 170.5257191999999975 -45.8617097999999999, 170.5257563000000118 -45.8616768999999991, 170.5258124000000066 -45.8615703999999980, 170.5258183999999915 -45.8615603000000007, 170.5258257000000128 -45.8615503999999987, 170.5258341999999914 -45.8615409000000014, 170.5258436999999958 -45.8615319000000028, 170.5258526000000074 -45.8615247999999980, 170.5259691999999916 -45.8614377999999974, 170.5260274000000038 -45.8613459999999975, 170.5260495999999932 -45.8610931999999991, 170.5264369999999872 -45.8610972000000032, 170.5270685000000128 -45.8600891000000033, 170.5245454999999879 -45.8594216999999986, 170.5240941000000134 -45.8602261999999996, 170.5239366000000132 -45.8605204999999998, 170.5230630000000076 -45.8620789000000002, 170.5246673999999985 -45.8624137999999988))
POLYGON ((170.4932582000000139 -45.8910914000000005, 170.4934474000000080 -45.8910064000000020, 170.4939870999999982 -45.8907454000000001, 170.4939885999999944 -45.8907342999999983, 170.4939914999999928 -45.8907232999999977, 170.4939956000000052 -45.8907126000000005, 170.4940009000000032 -45.8907020999999986, 170.4940041000000122 -45.8906969000000018, 170.4940226999999879 -45.8906684000000027, 170.4940249999999935 -45.8906650999999997, 170.4940273999999931 -45.8906617999999966, 170.4940301000000034 -45.8906582999999983, 170.4941386000000136 -45.8905233999999993, 170.4941412999999955 -45.8905202999999986, 170.4941441999999938 -45.8905170000000027, 170.4941474000000028 -45.8905135999999985, 170.4948024999999916 -45.8898417999999992, 170.4950557999999887 -45.8895448000000030, 170.4953969000000029 -45.8891337000000021, 170.4954840999999988 -45.8890005000000016, 170.4953399000000047 -45.8883635999999981, 170.4949446999999907 -45.8882382000000035, 170.4943711999999891 -45.8882092999999998, 170.4929717999999923 -45.8886346000000032, 170.4921831999999995 -45.8888741999999965, 170.4919241999999997 -45.8889528999999996, 170.4929684999999893 -45.8906179000000023, 170.4929688999999939 -45.8906184000000010, 170.4929691000000105 -45.8906187999999986, 170.4929692999999986 -45.8906191000000021, 170.4932582000000139 -45.8910914000000005))
POLYGON ((169.7600105999999869 -46.2278323000000029, 169.7593147999999985 -46.2278639000000027, 169.7597059000000002 -46.2293317000000030, 169.7606216000000074 -46.2291956999999982, 169.7606268000000114 -46.2291957999999994, 169.7610531999999921 -46.2291785000000033, 169.7611362000000099 -46.2291564000000008, 169.7613819999999976 -46.2291623999999999, 169.7620989000000122 -46.2291779999999974, 169.7620536000000016 -46.2291298999999967, 169.7600105999999869 -46.2278323000000029))
POLYGON ((170.9551773999999966 -45.1105706999999967, 170.9552931000000058 -45.1105710000000002, 170.9573723000000030 -45.1105949000000024, 170.9573547999999903 -45.1090579000000034, 170.9567932999999869 -45.1090708999999990, 170.9563636999999972 -45.1094014000000030, 170.9561922999999979 -45.1093905999999976, 170.9561091999999860 -45.1093852999999996, 170.9560473999999886 -45.1092920000000035, 170.9555185000000108 -45.1090104000000025, 170.9544846000000007 -45.1092946999999995, 170.9547985000000097 -45.1097729000000029, 170.9551607999999874 -45.1096564999999998, 170.9551773999999966 -45.1105706999999967))
POLYGON ((168.1235800000000040 -46.8944100000000006, 168.1239400000000046 -46.8945399999999992, 168.1244599999999991 -46.8945599999999985, 168.1246299999999962 -46.8943500000000029, 168.1246299999999962 -46.8939599999999999, 168.1242599999999925 -46.8937900000000027, 168.1239899999999921 -46.8937900000000027, 168.1235000000000070 -46.8938500000000005, 168.1235800000000040 -46.8944100000000006))
POLYGON ((170.2051307000000122 -45.8518700999999993, 170.2034885999999858 -45.8522030000000029, 170.2036788999999999 -45.8523732000000024, 170.2044318000000089 -45.8528822000000034, 170.2049379000000044 -45.8530614000000014, 170.2056010000000015 -45.8530979000000016, 170.2063311999999939 -45.8531260999999972, 170.2067193000000032 -45.8530700999999965, 170.2061002000000087 -45.8526559000000020, 170.2056249999999977 -45.8524664999999985, 170.2053756999999905 -45.8522365999999977, 170.2052783999999974 -45.8520901999999992, 170.2051307000000122 -45.8518700999999993))
POLYGON ((169.3930990000000065 -45.2384101000000030, 169.3928965000000062 -45.2385181000000003, 169.3924838000000079 -45.2387384000000026, 169.3948489999999936 -45.2409363000000013, 169.3954641999999922 -45.2406081000000029, 169.3930990000000065 -45.2384101000000030))
POLYGON ((170.9600069999999903 -45.1101894999999971, 170.9606248000000051 -45.1080308000000016, 170.9607206000000019 -45.1076774000000000, 170.9577955999999972 -45.1072868999999983, 170.9563570999999911 -45.1070769000000027, 170.9562570999999878 -45.1074478999999968, 170.9567600999999968 -45.1078019999999995, 170.9600069999999903 -45.1101894999999971))
POLYGON ((170.3856486999999902 -45.9262238999999965, 170.3832552000000078 -45.9272717999999998, 170.3836793000000114 -45.9296870000000013, 170.3839241000000015 -45.9295375000000021, 170.3839279000000033 -45.9295352999999977, 170.3839319999999873 -45.9295329999999993, 170.3839364000000103 -45.9295305999999997, 170.3848383000000126 -45.9290646999999979, 170.3868635999999981 -45.9279330999999971, 170.3881011000000001 -45.9271661000000009, 170.3883423999999991 -45.9270120999999989, 170.3875626999999895 -45.9263175999999973, 170.3869429000000082 -45.9256201000000033, 170.3856486999999902 -45.9262238999999965))
POLYGON ((169.8164473999999871 -46.2508209000000008, 169.8170029999999997 -46.2506059999999977, 169.8147810000000106 -46.2488950999999986, 169.8134244999999964 -46.2494441999999992, 169.8134961000000089 -46.2495352999999980, 169.8139897000000076 -46.2500434999999968, 169.8144407000000058 -46.2503597999999982, 169.8148389000000122 -46.2505504000000016, 169.8149706000000094 -46.2505871999999982, 169.8149908000000039 -46.2505975999999990, 169.8150299000000132 -46.2506175999999982, 169.8155424999999923 -46.2507112999999990, 169.8160436000000004 -46.2507309000000006, 169.8160747999999955 -46.2509648999999996, 169.8164473999999871 -46.2508209000000008))
POLYGON ((170.6975313000000085 -45.4918983999999966, 170.6971146999999860 -45.4919057999999978, 170.6971565999999996 -45.4928089000000000, 170.6987083999999868 -45.4928363000000004, 170.6987167999999997 -45.4934081000000035, 170.6988191000000086 -45.4934257000000031, 170.6995283999999913 -45.4935201999999990, 170.7001290000000040 -45.4934841000000034, 170.7011760999999979 -45.4935286999999988, 170.7017909999999858 -45.4925244000000006, 170.7022211000000027 -45.4921604000000031, 170.7006192000000055 -45.4921468000000004, 170.7005857999999989 -45.4925191999999967, 170.7005867999999964 -45.4925812999999977, 170.6987314000000140 -45.4925785000000005, 170.6984658000000081 -45.4925781000000029, 170.6984882000000141 -45.4918947999999972, 170.6975313000000085 -45.4918983999999966))
POLYGON ((169.9788762000000020 -46.1337824000000012, 169.9791544999999928 -46.1340332999999987, 169.9799401999999873 -46.1333662999999987, 169.9798117999999931 -46.1333449999999985, 169.9798054000000036 -46.1333440000000010, 169.9796326000000022 -46.1333063000000010, 169.9785583999999972 -46.1331180000000032, 169.9777257000000077 -46.1329550999999967, 169.9772767999999985 -46.1328956999999988, 169.9756730999999945 -46.1329319000000027, 169.9751913000000059 -46.1329350999999974, 169.9752488000000028 -46.1329743000000008, 169.9779995000000099 -46.1344794999999976, 169.9788762000000020 -46.1337824000000012))
POLYGON ((170.8244832999999971 -45.3212710999999970, 170.8244108000000097 -45.3228059999999999, 170.8246791999999914 -45.3231017000000023, 170.8250344999999868 -45.3231170000000034, 170.8251174000000105 -45.3224133000000009, 170.8252607999999952 -45.3213068000000021, 170.8244832999999971 -45.3212710999999970))
POLYGON ((169.7524940000000129 -46.2284652000000023, 169.7520239000000117 -46.2291655000000006, 169.7535217999999873 -46.2297481000000019, 169.7538854000000015 -46.2298570000000026, 169.7545917999999858 -46.2290144999999981, 169.7524940000000129 -46.2284652000000023))
POLYGON ((170.4349904999999978 -45.9052179999999979, 170.4349599999999896 -45.9058410000000023, 170.4349512000000004 -45.9060211999999979, 170.4365071000000000 -45.9060720000000018, 170.4365463999999974 -45.9063749000000030, 170.4374760000000038 -45.9063456000000016, 170.4375574000000029 -45.9053176999999977, 170.4362514999999973 -45.9052453999999983, 170.4349904999999978 -45.9052179999999979))
POLYGON ((170.3463629000000026 -45.8900476999999967, 170.3456506999999931 -45.8903463999999985, 170.3452048999999988 -45.8905821999999972, 170.3448357999999985 -45.8908428000000015, 170.3456057999999871 -45.8922328000000022, 170.3473649000000023 -45.8917313999999976, 170.3463629000000026 -45.8900476999999967))
POLYGON ((170.5764685999999983 -45.6677400000000020, 170.5768598999999881 -45.6674506000000022, 170.5757295999999883 -45.6669216000000020, 170.5750644999999963 -45.6675638999999975, 170.5746287999999993 -45.6680708999999965, 170.5760985000000005 -45.6681650000000019, 170.5763359000000037 -45.6678380999999973, 170.5764685999999983 -45.6677400000000020))
POLYGON ((170.5348066999999901 -45.9065209999999979, 170.5350194000000101 -45.9062180999999967, 170.5351416999999969 -45.9058579000000009, 170.5352594999999951 -45.9055966000000026, 170.5352769000000137 -45.9055790000000030, 170.5352648999999872 -45.9055728000000016, 170.5354461999999955 -45.9053042999999974, 170.5357459999999890 -45.9052172000000027, 170.5357609000000139 -45.9052132999999998, 170.5357763000000091 -45.9052103000000002, 170.5357919999999865 -45.9052081999999970, 170.5358017000000075 -45.9052074000000019, 170.5361550000000079 -45.9051832000000033, 170.5364058000000114 -45.9051204000000013, 170.5368175000000122 -45.9049521999999968, 170.5369708000000060 -45.9048338999999999, 170.5370289999999898 -45.9045332000000030, 170.5367071000000010 -45.9040241000000009, 170.5367010999999877 -45.9040134999999978, 170.5366965000000050 -45.9040029000000018, 170.5366932999999960 -45.9039920000000023, 170.5366931000000079 -45.9039914000000024, 170.5366741999999931 -45.9039104000000009, 170.5357362999999964 -45.9033870000000022, 170.5344634999999869 -45.9033143999999993, 170.5344516000000112 -45.9033134000000018, 170.5344398999999953 -45.9033119999999997, 170.5344283000000019 -45.9033100999999988, 170.5337279999999964 -45.9031773999999970, 170.5337126999999953 -45.9031738999999988, 170.5336977999999988 -45.9031696999999994, 170.5336835999999892 -45.9031645999999967, 170.5336760000000140 -45.9031615000000031, 170.5334995000000049 -45.9030844999999985, 170.5330872000000113 -45.9032085999999993, 170.5330771000000141 -45.9032114000000036, 170.5330663999999956 -45.9032138999999972, 170.5330556000000115 -45.9032160000000005, 170.5322850999999957 -45.9033451000000028, 170.5322695000000124 -45.9033471999999989, 170.5322535999999900 -45.9033483999999987, 170.5322376000000020 -45.9033487000000022, 170.5322216000000140 -45.9033482000000035, 170.5322056999999916 -45.9033467000000002, 170.5322026999999991 -45.9033463000000026, 170.5318727000000081 -45.9033015999999989, 170.5318603999999993 -45.9032995999999969, 170.5318483000000072 -45.9032971000000032, 170.5318365999999912 -45.9032941999999977, 170.5315712999999960 -45.9032188999999988, 170.5301765000000103 -45.9029726999999994, 170.5299938999999938 -45.9036852999999994, 170.5302510999999868 -45.9040125000000003, 170.5304470000000094 -45.9043877000000009, 170.5304125000000113 -45.9046343999999991, 170.5299031000000127 -45.9052004999999994, 170.5295651000000134 -45.9053663999999984, 170.5290986999999916 -45.9054963999999970, 170.5288596999999982 -45.9055571999999970, 170.5290186999999946 -45.9057007999999982, 170.5292067000000031 -45.9059067999999968, 170.5296682000000033 -45.9058978999999994, 170.5298780999999906 -45.9057510000000022, 170.5302307000000042 -45.9057492000000025, 170.5307277999999940 -45.9058545999999978, 170.5311202000000037 -45.9058725000000010, 170.5314988000000085 -45.9058995999999979, 170.5319877000000020 -45.9058818000000031, 170.5323662000000127 -45.9059089000000000, 170.5327264999999954 -45.9060397000000009, 170.5335445999999990 -45.9062466999999970, 170.5340285000000051 -45.9063423999999998, 170.5348066999999901 -45.9065209999999979))
POLYGON ((170.7894443000000138 -45.2332573999999994, 170.7893909999999948 -45.2331584000000007, 170.7892152000000010 -45.2327026999999973, 170.7891251000000068 -45.2323379999999986, 170.7889996000000110 -45.2321200000000019, 170.7865089000000012 -45.2327526999999989, 170.7867119000000002 -45.2335885000000033, 170.7868574999999964 -45.2338993999999985, 170.7894443000000138 -45.2332573999999994))
POLYGON ((168.3250271999999939 -46.6018740000000022, 168.3244965000000093 -46.6017415999999969, 168.3242660999999885 -46.6018630000000016, 168.3243686000000139 -46.6021807999999993, 168.3234880999999916 -46.6028568999999990, 168.3235201999999902 -46.6030429999999996, 168.3237987999999916 -46.6031531000000001, 168.3240755999999863 -46.6031252000000009, 168.3247479999999996 -46.6026451999999978, 168.3249916000000042 -46.6023078999999996, 168.3251414000000068 -46.6021406999999996, 168.3252507999999921 -46.6020376999999968, 168.3250271999999939 -46.6018740000000022))
POLYGON ((170.1113836000000106 -45.1318404000000015, 170.1101352000000020 -45.1318307000000019, 170.1101173000000131 -45.1337023000000030, 170.1113804000000016 -45.1337083000000021, 170.1113836000000106 -45.1318404000000015))
POLYGON ((169.5215058999999940 -46.0170251999999991, 169.5214660999999978 -46.0175634000000002, 169.5222195999999997 -46.0175904000000031, 169.5222593999999958 -46.0170521000000008, 169.5215058999999940 -46.0170251999999991))
POLYGON ((170.2743523000000039 -45.2989662000000024, 170.2754552000000103 -45.2986734999999996, 170.2752318999999943 -45.2982573999999971, 170.2741291000000103 -45.2985500999999999, 170.2743523000000039 -45.2989662000000024))
POLYGON ((168.8989435999999955 -46.1269144999999980, 168.8993057000000135 -46.1271048999999991, 168.8997578000000033 -46.1258351999999974, 168.9001077000000066 -46.1248975999999971, 168.8997062999999912 -46.1247825000000020, 168.8980876999999907 -46.1242823999999985, 168.8976720000000000 -46.1252570999999989, 168.8972750000000076 -46.1261883999999966, 168.8988868000000139 -46.1268926999999991, 168.8989435999999955 -46.1269144999999980))
POLYGON ((168.3955499999999859 -46.2049099999999981, 168.3967399999999941 -46.2048899999999989, 168.3964799999999968 -46.2042900000000003, 168.3954899999999952 -46.2042900000000003, 168.3955499999999859 -46.2049099999999981))
POLYGON ((168.8816573999999946 -46.3149506000000031, 168.8815683999999919 -46.3151156999999998, 168.8812891000000036 -46.3155861999999985, 168.8809818000000007 -46.3158146000000031, 168.8806979999999953 -46.3159540999999990, 168.8804764999999861 -46.3160348999999982, 168.8804921999999920 -46.3163502000000022, 168.8826884000000064 -46.3163734000000034, 168.8830189999999902 -46.3156317999999985, 168.8830389999999966 -46.3149585999999971, 168.8816573999999946 -46.3149506000000031))
POLYGON ((169.6701456000000121 -46.4505492999999987, 169.6701084000000037 -46.4496935000000022, 169.6696027000000129 -46.4496985999999978, 169.6694822000000045 -46.4498127999999966, 169.6694335999999907 -46.4498561999999993, 169.6693389000000138 -46.4499096999999992, 169.6692719000000125 -46.4499414000000002, 169.6692193000000088 -46.4499514000000033, 169.6687025999999889 -46.4499822000000009, 169.6686985999999990 -46.4496007999999989, 169.6685382000000004 -46.4496134999999981, 169.6684791000000132 -46.4496342999999996, 169.6678413999999862 -46.4502330999999984, 169.6677928000000009 -46.4503264000000016, 169.6677861999999948 -46.4503527000000034, 169.6677900999999906 -46.4504595000000009, 169.6677993000000129 -46.4505320000000026, 169.6687631000000067 -46.4505538000000016, 169.6701456000000121 -46.4505492999999987))
POLYGON ((168.3020519000000093 -46.5741848999999988, 168.3019489000000135 -46.5739815000000021, 168.3012697000000060 -46.5729325000000003, 168.2986200999999937 -46.5728973000000011, 168.2985969000000068 -46.5741677999999979, 168.3018281999999886 -46.5741851000000011, 168.3020519000000093 -46.5741848999999988))
POLYGON ((168.3419794000000138 -46.3750682000000012, 168.3437586000000010 -46.3750619999999998, 168.3437189999999930 -46.3739898999999980, 168.3437089999999898 -46.3738236000000015, 168.3430009999999868 -46.3738341999999975, 168.3422126000000105 -46.3738529999999969, 168.3420266999999910 -46.3743637000000035, 168.3419794000000138 -46.3750682000000012))
POLYGON ((168.8818143000000020 -46.2018148000000011, 168.8818058999999892 -46.2016326000000035, 168.8799140000000136 -46.2016241999999977, 168.8799121000000127 -46.2027730000000005, 168.8813524999999913 -46.2027870000000007, 168.8818178999999873 -46.2027922999999987, 168.8818181999999979 -46.2027886999999993, 168.8817900999999893 -46.2022949999999994, 168.8817904999999939 -46.2022896000000003, 168.8818143000000020 -46.2018148000000011))
POLYGON ((168.0214799999999968 -46.3317199999999971, 168.0210500000000025 -46.3306100000000001, 168.0201999999999884 -46.3287899999999979, 168.0201099999999883 -46.3286799999999985, 168.0198599999999942 -46.3289199999999965, 168.0203199999999981 -46.3299499999999966, 168.0193600000000060 -46.3302400000000034, 168.0193099999999902 -46.3304800000000014, 168.0196200000000033 -46.3306299999999993, 168.0204099999999983 -46.3311500000000009, 168.0204400000000078 -46.3317100000000011, 168.0214799999999968 -46.3317199999999971))
POLYGON ((169.8475725000000125 -46.2672245999999987, 169.8491047999999921 -46.2669046999999978, 169.8491720000000100 -46.2668614999999974, 169.8491166999999962 -46.2663531999999975, 169.8491128000000003 -46.2661396999999965, 169.8489830999999981 -46.2661362999999994, 169.8472198999999989 -46.2665032999999966, 169.8473989999999958 -46.2668121999999968, 169.8474013000000014 -46.2668176999999972, 169.8475725000000125 -46.2672245999999987))
POLYGON ((168.9371299999999962 -46.0907600000000031, 168.9370999999999867 -46.0900299999999987, 168.9370999999999867 -46.0893200000000007, 168.9343399999999917 -46.0893400000000000, 168.9343200000000138 -46.0907600000000031, 168.9371299999999962 -46.0907600000000031))
POLYGON ((168.1268399999999872 -46.2030699999999968, 168.1271900000000130 -46.2036900000000017, 168.1283200000000022 -46.2033699999999996, 168.1279900000000112 -46.2027199999999993, 168.1268399999999872 -46.2030699999999968))
POLYGON ((168.3253300000000081 -46.1279200000000031, 168.3248399999999947 -46.1279200000000031, 168.3248399999999947 -46.1294499999999985, 168.3252699999999891 -46.1309499999999986, 168.3257399999999961 -46.1324699999999979, 168.3262900000000002 -46.1324699999999979, 168.3253300000000081 -46.1279200000000031))
POLYGON ((169.7540008999999941 -45.9977226999999971, 169.7551938999999948 -45.9970888000000002, 169.7546930999999972 -45.9966371000000009, 169.7534852000000001 -45.9972223999999983, 169.7540008999999941 -45.9977226999999971))
POLYGON ((168.3540600000000040 -46.1378500000000003, 168.3557099999999878 -46.1379200000000012, 168.3557399999999973 -46.1371299999999991, 168.3543200000000013 -46.1371299999999991, 168.3541099999999915 -46.1371899999999968, 168.3540600000000040 -46.1378500000000003))
POLYGON ((169.6780483999999944 -45.9188649999999967, 169.6777262999999891 -45.9183851000000018, 169.6776134000000127 -45.9182172000000008, 169.6772949999999867 -45.9178076000000033, 169.6772845000000132 -45.9177893000000026, 169.6770239999999887 -45.9173371999999986, 169.6766897999999912 -45.9168433999999976, 169.6766843000000051 -45.9168269999999978, 169.6763060000000110 -45.9162707999999995, 169.6758653999999922 -45.9157443000000001, 169.6749365000000012 -45.9161044000000018, 169.6773384999999905 -45.9191270999999972, 169.6780483999999944 -45.9188649999999967))
POLYGON ((170.1385444000000007 -45.0260263999999992, 170.1386248999999964 -45.0252553999999989, 170.1375118999999927 -45.0251281000000034, 170.1374031999999943 -45.0259276999999969, 170.1385444000000007 -45.0260263999999992))
POLYGON ((169.3395443000000000 -45.1926775000000021, 169.3376485999999943 -45.1922283999999976, 169.3370419000000027 -45.1936579999999992, 169.3389654000000064 -45.1940140999999969, 169.3410711999999876 -45.1944038000000035, 169.3414947999999924 -45.1932241000000019, 169.3395443000000000 -45.1926775000000021))
POLYGON ((168.3524192000000141 -45.9002039000000011, 168.3524001000000112 -45.8995832000000021, 168.3510113000000104 -45.8995596999999975, 168.3509109999999964 -45.9002203000000009, 168.3524192000000141 -45.9002039000000011))
POLYGON ((169.3639302999999927 -46.1971422000000018, 169.3619352999999990 -46.1971148000000014, 169.3618787999999995 -46.1990842000000015, 169.3638737999999933 -46.1991116000000019, 169.3639302999999927 -46.1971422000000018))
POLYGON ((168.7348599999999976 -46.3076500000000024, 168.7327699999999879 -46.3077200000000033, 168.7325099999999907 -46.3081400000000016, 168.7342800000000125 -46.3081400000000016, 168.7348599999999976 -46.3076500000000024))
POLYGON ((169.6055078999999921 -45.0899991000000000, 169.6036516000000063 -45.0894872000000007, 169.6033330999999862 -45.0901677000000021, 169.6033289000000082 -45.0902537999999993, 169.6042089000000033 -45.0904956999999982, 169.6050174000000084 -45.0907198000000022, 169.6051860000000033 -45.0905198999999968, 169.6055078999999921 -45.0899991000000000))
POLYGON ((168.5799174999999934 -45.5101658999999970, 168.5800973000000056 -45.5096086000000000, 168.5803161000000046 -45.5088256000000015, 168.5750630000000001 -45.5079321999999991, 168.5750540999999885 -45.5079308999999981, 168.5750688999999909 -45.5080225000000027, 168.5750678999999934 -45.5080359999999970, 168.5750262999999904 -45.5083958000000024, 168.5750112999999999 -45.5085241000000025, 168.5749850999999921 -45.5085988000000015, 168.5773184999999899 -45.5089564999999965, 168.5774021999999945 -45.5090181999999999, 168.5773306000000105 -45.5092344999999980, 168.5770679999999970 -45.5100364999999982, 168.5796469000000002 -45.5104530999999994, 168.5798181000000113 -45.5104776000000015, 168.5799174999999934 -45.5101658999999970))
POLYGON ((168.2836781999999971 -46.3370693000000031, 168.2826090000000079 -46.3368285999999969, 168.2824081999999919 -46.3370492999999968, 168.2822582000000011 -46.3374392999999998, 168.2834319000000107 -46.3376755999999972, 168.2836781999999971 -46.3371192999999977, 168.2836781999999971 -46.3370693000000031))
POLYGON ((170.1998733000000072 -45.9621101999999979, 170.2000932999999918 -45.9622444000000030, 170.2004097999999885 -45.9622407000000024, 170.2008453999999915 -45.9625235000000032, 170.2011071000000015 -45.9625314999999972, 170.2013729999999896 -45.9623120999999983, 170.2005235000000027 -45.9616881999999976, 170.1998733000000072 -45.9621101999999979))
POLYGON ((169.3096673999999950 -45.5272262000000012, 169.3096984999999961 -45.5273151000000027, 169.3120858000000055 -45.5271319000000005, 169.3118556999999953 -45.5263825999999980, 169.3107336999999859 -45.5264668000000015, 169.3095284000000049 -45.5265648000000027, 169.3096673999999950 -45.5272262000000012))
POLYGON ((168.4535841000000005 -45.7427475000000001, 168.4539246999999875 -45.7423628000000022, 168.4540130000000033 -45.7421890999999974, 168.4524151999999901 -45.7415590000000023, 168.4524581000000012 -45.7427737000000008, 168.4535841000000005 -45.7427475000000001))
POLYGON ((169.2835557999999878 -45.9422779000000006, 169.2836350999999979 -45.9432703000000018, 169.2851171000000079 -45.9432915000000008, 169.2852051000000131 -45.9412651000000025, 169.2852061000000106 -45.9412498000000014, 169.2849261000000070 -45.9412473000000006, 169.2836605999999904 -45.9414129999999972, 169.2835557999999878 -45.9422779000000006))
POLYGON ((167.6901569000000052 -46.1093700999999996, 167.6903690000000040 -46.1092130999999981, 167.6903709000000049 -46.1092117000000030, 167.6903730999999880 -46.1092101999999997, 167.6903754999999876 -46.1092085000000012, 167.6910771999999952 -46.1087363999999980, 167.6893262000000107 -46.1075499000000022, 167.6893609999999910 -46.1087935999999985, 167.6900717000000043 -46.1093043999999992, 167.6901569000000052 -46.1093700999999996))
POLYGON ((168.4005813999999930 -46.4070310000000035, 168.3999978999999882 -46.4060295000000025, 168.3993719000000056 -46.4061394000000007, 168.3989592000000073 -46.4057790999999966, 168.3988559999999950 -46.4043670000000006, 168.3971252000000050 -46.4049309999999977, 168.3961914999999863 -46.4052330000000026, 168.3935578999999905 -46.4061165999999972, 168.3953651999999863 -46.4097306999999972, 168.3957053000000030 -46.4104031999999975, 168.3957080000000133 -46.4104083000000003, 168.3959648000000016 -46.4103489999999965, 168.3974598000000071 -46.4100330999999997, 168.3980339000000015 -46.4097642999999991, 168.3985921999999960 -46.4094345000000033, 168.4011620999999934 -46.4076893000000013, 168.4009571999999935 -46.4074547999999965, 168.4005813999999930 -46.4070310000000035))
POLYGON ((170.6213639000000057 -45.8101608999999996, 170.6210582999999872 -45.8102714999999989, 170.6207914000000017 -45.8107972000000032, 170.6210738000000049 -45.8111180000000004, 170.6216037000000085 -45.8108889000000019, 170.6217815999999914 -45.8107863999999978, 170.6237427000000082 -45.8098373999999993, 170.6233675000000005 -45.8094949999999983, 170.6223386000000062 -45.8098535999999967, 170.6222999000000016 -45.8098698000000013, 170.6216384999999889 -45.8100801000000004, 170.6213639000000057 -45.8101608999999996))
POLYGON ((167.9946519000000080 -46.1453297999999990, 167.9943829000000051 -46.1453653000000017, 167.9938932000000023 -46.1454481000000030, 167.9932628999999906 -46.1455665000000010, 167.9932574999999986 -46.1463792999999995, 167.9934229000000130 -46.1471477999999991, 167.9937242000000026 -46.1470871000000002, 167.9942264000000023 -46.1470643999999979, 167.9945859999999982 -46.1470600999999974, 167.9946519000000080 -46.1453297999999990))
POLYGON ((169.1746702000000084 -45.0522003999999967, 169.1721918000000073 -45.0525578000000024, 169.1724790000000098 -45.0542214999999970, 169.1731134999999995 -45.0541184000000001, 169.1737441999999874 -45.0540491000000003, 169.1740944999999954 -45.0539920000000009, 169.1751385000000028 -45.0538238000000035, 169.1749527999999998 -45.0534375000000011, 169.1746702000000084 -45.0522003999999967))
POLYGON ((168.0099899999999877 -45.9602300000000028, 168.0086300000000108 -45.9604900000000001, 168.0074999999999932 -45.9603800000000007, 168.0084799999999916 -45.9622699999999966, 168.0103599999999915 -45.9616200000000035, 168.0099899999999877 -45.9602300000000028))
POLYGON ((168.6562127999999916 -45.0299453000000014, 168.6567541000000006 -45.0297440000000009, 168.6565881999999874 -45.0295519000000013, 168.6558525000000088 -45.0285656000000003, 168.6553227999999933 -45.0291489000000027, 168.6550689999999975 -45.0296605999999997, 168.6549406999999974 -45.0298670000000030, 168.6545955999999933 -45.0301171999999994, 168.6543920000000014 -45.0304611999999977, 168.6545645999999863 -45.0306174999999982, 168.6561199999999872 -45.0299817000000004, 168.6562127999999916 -45.0299453000000014))
