POLYGON ((13.5389488000000000 -12.4267907999999991, 13.5395603999999992 -12.4268064999999996, 13.5396239000000005 -12.4235061000000009, 13.5392278000000008 -12.4235009000000005, 13.5391955999999993 -12.4225473999999991, 13.5372313999999996 -12.4226416999999998, 13.5389488000000000 -12.4267907999999991))
POLYGON ((34.6961324999999974 -10.1184445000000007, 34.6955906000000027 -10.1181011999999999, 34.6950756999999967 -10.1186398000000004, 34.6955450999999968 -10.1189196999999993, 34.6959312999999980 -10.1185448000000004, 34.6960492999999985 -10.1186082000000006, 34.6961324999999974 -10.1184445000000007))
POLYGON ((35.0183681000000036 -15.7809066999999992, 35.0186254999999989 -15.7812473999999998, 35.0193980000000025 -15.7815881000000005, 35.0201168999999979 -15.7816706999999994, 35.0207284000000030 -15.7814435999999993, 35.0209643999999969 -15.7810719000000006, 35.0206748000000019 -15.7808343999999998, 35.0213614000000035 -15.7802252999999997, 35.0207606000000027 -15.7797090999999998, 35.0201382999999993 -15.7796161999999995, 35.0192156000000026 -15.7800498000000005, 35.0183681000000036 -15.7809066999999992))
POLYGON ((28.6208160999999990 -12.9694900000000004, 28.6228565000000010 -12.9693933999999995, 28.6226175000000005 -12.9659110000000002, 28.6205654000000003 -12.9660756999999993, 28.6206080000000007 -12.9666557000000005, 28.6208160999999990 -12.9694900000000004))
POLYGON ((15.2931895999999998 -4.3483953000000000, 15.2964763999999995 -4.3495051000000000, 15.2976743000000006 -4.3457315000000003, 15.2946165999999995 -4.3447899999999997, 15.2931895999999998 -4.3483953000000000))
POLYGON ((39.2463364999999982 -6.7930921000000000, 39.2464050000000029 -6.7930695999999999, 39.2463486999999986 -6.7929107999999996, 39.2463320999999965 -6.7928636999999998, 39.2463106000000010 -6.7928031000000004, 39.2462023000000002 -6.7927989000000002, 39.2462382000000005 -6.7928772999999998, 39.2462648999999999 -6.7929355999999999, 39.2463364999999982 -6.7930921000000000))
POLYGON ((36.7805068999999989 -1.3309743999999999, 36.7782734999999974 -1.3321445999999999, 36.7781141999999974 -1.3317954999999999, 36.7754809999999992 -1.3333562000000001, 36.7766653999999988 -1.3355357999999999, 36.7814158999999989 -1.3328716000000000, 36.7805068999999989 -1.3309743999999999))
POLYGON ((30.1583192000000011 -18.1381419000000008, 30.1591237999999997 -18.1377850000000009, 30.1586196000000015 -18.1370101999999989, 30.1578793000000012 -18.1373363999999988, 30.1583192000000011 -18.1381419000000008))
POLYGON ((36.3633953000000005 -6.7176026000000002, 36.3638278000000028 -6.7182629000000000, 36.3642950999999996 -6.7176514000000003, 36.3637742000000017 -6.7172637999999996, 36.3633953000000005 -6.7176026000000002))
POLYGON ((28.3662698000000013 -15.4298529999999996, 28.3654973999999989 -15.4341758999999996, 28.3635446999999985 -15.4338242999999995, 28.3623596000000013 -15.4388748000000007, 28.3660123000000013 -15.4396156999999992, 28.3681151999999983 -15.4302253000000000, 28.3662698000000013 -15.4298529999999996))
POLYGON ((29.2434960000000004 -1.6689505000000000, 29.2435620000000007 -1.6694610000000001, 29.2438324999999999 -1.6694260999999999, 29.2437696000000003 -1.6689390000000000, 29.2434960000000004 -1.6689505000000000))
POLYGON ((36.6887082000000007 -3.3686921000000001, 36.6887698999999969 -3.3695677000000002, 36.6898696000000015 -3.3694486000000001, 36.6898361000000008 -3.3688728999999999, 36.6897823999999986 -3.3683882000000001, 36.6887082000000007 -3.3686921000000001))
POLYGON ((39.2398219000000026 -6.8042068000000002, 39.2397413999999998 -6.8044517999999998, 39.2396770000000004 -6.8047713999999999, 39.2396395000000027 -6.8051176000000000, 39.2396127000000021 -6.8056077000000004, 39.2395483000000027 -6.8059326000000002, 39.2394893000000025 -6.8060777999999997, 39.2395643999999990 -6.8061457000000001, 39.2398969999999991 -6.8061522999999999, 39.2401758999999970 -6.8061790000000002, 39.2405514000000011 -6.8062202999999997, 39.2408519000000027 -6.8062148999999996, 39.2411951999999999 -6.8061936000000003, 39.2415062999999975 -6.8062003000000004, 39.2417476999999977 -6.8061683000000004, 39.2419140000000013 -6.8059979000000004, 39.2419568999999981 -6.8056663000000004, 39.2420158999999984 -6.8053426999999997, 39.2420910000000021 -6.8050591000000002, 39.2421392999999981 -6.8048513000000002, 39.2420642000000015 -6.8047608000000004, 39.2416672000000020 -6.8047500999999997, 39.2415384999999972 -6.8046702000000003, 39.2411414999999977 -6.8045597000000004, 39.2407392000000002 -6.8044785000000001, 39.2404978000000000 -6.8043826000000003, 39.2401813000000033 -6.8042813999999998, 39.2399344999999968 -6.8042280999999996, 39.2398219000000026 -6.8042068000000002))
POLYGON ((35.2807296000000008 -0.3633374000000000, 35.2820904000000013 -0.3613669000000000, 35.2810387999999975 -0.3606070000000000, 35.2804379999999966 -0.3612874000000000, 35.2803143000000006 -0.3617911000000000, 35.2792804999999987 -0.3626216000000000, 35.2807296000000008 -0.3633374000000000))
POLYGON ((16.6715735000000009 -20.4643858999999999, 16.6712623999999998 -20.4660539999999997, 16.6757148999999991 -20.4666269000000014, 16.6770560000000003 -20.4655915999999998, 16.6715735000000009 -20.4643858999999999))
POLYGON ((12.1784251000000001 -5.5613038000000001, 12.1790345000000002 -5.5616922999999998, 12.1795995000000001 -5.5608145999999996, 12.1789901000000000 -5.5604260999999999, 12.1784251000000001 -5.5613038000000001))
POLYGON ((15.1747028000000004 -4.1829803999999999, 15.1754529999999992 -4.1848210000000003, 15.1773716000000007 -4.1840431999999996, 15.1766214000000002 -4.1822026000000001, 15.1747028000000004 -4.1829803999999999))
POLYGON ((22.4101268000000005 -5.8840611999999997, 22.4109128999999996 -5.8842530999999996, 22.4113773999999992 -5.8827138999999997, 22.4104233000000015 -5.8824971000000001, 22.4102004000000008 -5.8836728000000003, 22.4101268000000005 -5.8840611999999997))
POLYGON ((18.9740162000000012 -22.4508061999999988, 18.9741074000000012 -22.4526505000000007, 18.9757703999999983 -22.4525959999999998, 18.9756524000000013 -22.4507466999999998, 18.9740162000000012 -22.4508061999999988))
POLYGON ((39.2798839000000015 -6.8404616999999996, 39.2798056999999972 -6.8404423000000003, 39.2797778999999991 -6.8404353999999996, 39.2797064000000020 -6.8404802000000000, 39.2796956999999978 -6.8404892999999998, 39.2796665999999988 -6.8405142999999997, 39.2795924999999997 -6.8405696000000002, 39.2795660000000026 -6.8406722000000002, 39.2795713000000006 -6.8407325999999999, 39.2795872000000017 -6.8408141999999996, 39.2795473999999984 -6.8408799000000000, 39.2795209000000014 -6.8409561999999999, 39.2795102999999983 -6.8410798000000002, 39.2796031000000028 -6.8410772000000000, 39.2797248999999979 -6.8410614000000001, 39.2798573999999974 -6.8410403999999998, 39.2799315000000036 -6.8410114000000002, 39.2799580000000006 -6.8409219999999999, 39.2799898000000027 -6.8408562999999996, 39.2799553999999986 -6.8407325999999999, 39.2799448000000027 -6.8406089999999997, 39.2798839000000015 -6.8404616999999996))
POLYGON ((36.3403125999999972 -0.4897793000000000, 36.3402827000000030 -0.4909478000000000, 36.3410506000000026 -0.4909675000000000, 36.3410804999999968 -0.4897989000000000, 36.3403125999999972 -0.4897793000000000))
POLYGON ((29.8020007999999983 -19.4473969999999987, 29.8013589000000003 -19.4473585000000000, 29.8015870000000014 -19.4501574999999995, 29.8020823999999998 -19.4514978999999997, 29.8027495000000009 -19.4523472999999996, 29.8039740000000002 -19.4525782000000014, 29.8043709999999997 -19.4511819999999993, 29.8041654999999999 -19.4509563999999990, 29.8020007999999983 -19.4473969999999987))
POLYGON ((30.1588020000000014 -18.1350219999999993, 30.1576647000000015 -18.1359192000000000, 30.1579650999999984 -18.1364188000000013, 30.1591452999999987 -18.1354502000000011, 30.1588020000000014 -18.1350219999999993))
POLYGON ((34.5746291000000028 -8.8839693000000004, 34.5744407999999979 -8.8841327999999997, 34.5741913999999966 -8.8846176999999997, 34.5748511999999977 -8.8851344999999995, 34.5751521999999980 -8.8848120000000002, 34.5746291000000028 -8.8839693000000004))
POLYGON ((11.9015745000000006 -4.7546685999999996, 11.9006743000000004 -4.7566972999999999, 11.9072055999999993 -4.7642636999999999, 11.9094385999999997 -4.7610637000000002, 11.9051103000000005 -4.7550423999999998, 11.9031401999999993 -4.7524353000000001, 11.9015745000000006 -4.7546685999999996))
POLYGON ((39.2834446999999969 -6.8406355999999997, 39.2834857000000000 -6.8405589999999998, 39.2836043000000004 -6.8405741999999998, 39.2836619999999996 -6.8405068000000000, 39.2836890999999966 -6.8404394999999996, 39.2833483000000001 -6.8402947000000003, 39.2833534000000029 -6.8403536000000003, 39.2832839000000007 -6.8404378000000001, 39.2832553000000004 -6.8405769000000003, 39.2833028000000013 -6.8405871999999999, 39.2834446999999969 -6.8406355999999997))
POLYGON ((18.6078207000000013 -17.6199745999999990, 18.6086665000000018 -17.6209617999999999, 18.6087464999999987 -17.6210395999999996, 18.6088343000000016 -17.6211249000000016, 18.6094520000000010 -17.6219430000000017, 18.6106051000000008 -17.6209588000000004, 18.6102218000000015 -17.6206236999999994, 18.6102534999999989 -17.6205904999999987, 18.6100697000000004 -17.6203852000000012, 18.6096928000000013 -17.6195580000000014, 18.6078207000000013 -17.6199745999999990))
POLYGON ((30.0607958000000011 -1.9310430999999999, 30.0601377999999997 -1.9315484000000001, 30.0598521000000005 -1.9311768000000000, 30.0595858000000007 -1.9313813000000000, 30.0599759999999989 -1.9318888000000001, 30.0609003000000001 -1.9311790000000000, 30.0607958000000011 -1.9310430999999999))
POLYGON ((39.2829820999999981 -6.8405136000000004, 39.2830194000000006 -6.8403907000000004, 39.2830058999999991 -6.8403333999999996, 39.2828177000000025 -6.8402896999999996, 39.2827260999999979 -6.8404512999999998, 39.2829820999999981 -6.8405136000000004))
POLYGON ((10.2304594000000009 -0.6792746000000000, 10.2304422000000006 -0.6792500000000000, 10.2304286999999992 -0.6792595000000000, 10.2304460000000006 -0.6792840000000000, 10.2304594000000009 -0.6792746000000000))
POLYGON ((39.6627184000000028 -4.0560466000000002, 39.6627401000000006 -4.0558522000000004, 39.6625713999999974 -4.0555270999999999, 39.6632330999999994 -4.0554705000000002, 39.6632011000000020 -4.0549833000000000, 39.6628478000000015 -4.0548231000000001, 39.6623374999999996 -4.0548311000000004, 39.6621987999999988 -4.0548951999999998, 39.6621894000000026 -4.0551155999999997, 39.6620393999999976 -4.0559460999999999, 39.6627184000000028 -4.0560466000000002))
POLYGON ((28.2135783999999994 -12.7716904000000007, 28.2169692000000012 -12.7699508000000002, 28.2145219000000012 -12.7675920000000005, 28.2134898999999990 -12.7669139000000005, 28.2090966999999999 -12.7645551000000008, 28.2088608000000001 -12.7647025000000003, 28.2091555999999990 -12.7657933999999997, 28.2135783999999994 -12.7716904000000007))
POLYGON ((13.3793273999999993 -8.9416525999999994, 13.3795795999999996 -8.9426587000000008, 13.3804613999999997 -8.9460259000000004, 13.3841158999999994 -8.9451490000000007, 13.3829571999999999 -8.9407824999999992, 13.3793273999999993 -8.9416525999999994))
POLYGON ((39.6660252000000000 -4.0570795999999998, 39.6658290000000022 -4.0576827000000000, 39.6660252000000000 -4.0579580000000002, 39.6665783999999988 -4.0579204000000004, 39.6665989999999979 -4.0573790000000001, 39.6660252000000000 -4.0570795999999998))
POLYGON ((13.7635462999999998 -10.7357063999999998, 13.7659532999999996 -10.7358644000000005, 13.7659737000000000 -10.7353874999999999, 13.7635837999999993 -10.7352162000000000, 13.7635462999999998 -10.7357063999999998))
POLYGON ((13.4081855000000001 -12.5920980000000000, 13.4101286000000002 -12.5934039999999996, 13.4110466000000006 -12.5921029999999998, 13.4091035000000005 -12.5907970000000002, 13.4081855000000001 -12.5920980000000000))
POLYGON ((11.8455493999999995 -4.8059279999999998, 11.8463224999999994 -4.8066456000000004, 11.8474874000000003 -4.8055269999999997, 11.8467073999999997 -4.8049172999999996, 11.8455493999999995 -4.8059279999999998))
POLYGON ((34.9116331000000031 -16.4956680999999996, 34.9118283000000034 -16.4960157000000009, 34.9113262999999989 -16.4966396000000017, 34.9126183999999995 -16.4972367999999996, 34.9134178999999989 -16.4960602999999999, 34.9128508000000011 -16.4953561999999998, 34.9116331000000031 -16.4956680999999996))
POLYGON ((35.3209054000000009 -8.2840106000000002, 35.3210876999999996 -8.2841486000000000, 35.3223966999999988 -8.2843715000000007, 35.3224718000000024 -8.2839416000000003, 35.3212058000000013 -8.2837133000000005, 35.3209054000000009 -8.2840106000000002))
POLYGON ((15.2918880000000001 -4.3090698999999999, 15.2923492999999997 -4.3097867000000001, 15.2917485000000006 -4.3101396999999997, 15.2918987000000008 -4.3103644000000001, 15.2916626999999998 -4.3105355999999997, 15.2926175999999998 -4.3120333000000004, 15.2942269000000000 -4.3110491000000000, 15.2925961000000008 -4.3086418999999996, 15.2918880000000001 -4.3090698999999999))
POLYGON ((15.7553830000000001 -17.7586137999999991, 15.7574755000000000 -17.7577168999999984, 15.7565077999999996 -17.7562578000000002, 15.7556531999999994 -17.7560678000000003, 15.7543834999999994 -17.7566665000000015, 15.7553830000000001 -17.7586137999999991))
POLYGON ((35.3194520999999995 -15.3844189999999994, 35.3190845999999965 -15.3845922000000002, 35.3194279000000009 -15.3851715000000002, 35.3197400999999971 -15.3850245999999995, 35.3198055000000011 -15.3849888000000004, 35.3194520999999995 -15.3844189999999994))
POLYGON ((39.1111418999999998 -5.0702539000000000, 39.1120321000000004 -5.0713458999999999, 39.1127765999999966 -5.0707249000000001, 39.1118433999999979 -5.0695893999999999, 39.1111418999999998 -5.0702539000000000))
POLYGON ((28.3678792000000008 -15.4430283999999993, 28.3712909000000018 -15.4308250999999998, 28.3681151999999983 -15.4302253000000000, 28.3655831999999997 -15.4415391999999994, 28.3678792000000008 -15.4430283999999993))
POLYGON ((16.3327333999999986 -9.5399650999999999, 16.3321503999999997 -9.5410713999999999, 16.3332428999999983 -9.5416319000000005, 16.3333264000000007 -9.5414817000000003, 16.3338551999999986 -9.5405303000000004, 16.3337933000000000 -9.5404990999999999, 16.3327333999999986 -9.5399650999999999))
POLYGON ((39.2415920999999983 -6.7936680000000003, 39.2414077000000034 -6.7937060000000002, 39.2413773000000035 -6.7937285999999997, 39.2412179000000023 -6.7938561999999996, 39.2410774000000018 -6.7941273000000004, 39.2411583000000022 -6.7941523000000004, 39.2414186000000029 -6.7943160999999996, 39.2415031999999968 -6.7941729999999998, 39.2415745999999999 -6.7940556000000001, 39.2416820999999985 -6.7938349000000002, 39.2416896000000008 -6.7937862000000004, 39.2417433999999972 -6.7937345000000002, 39.2415920999999983 -6.7936680000000003))
POLYGON ((15.2034532000000002 -4.3522683999999998, 15.2041532999999998 -4.3553977000000001, 15.2046635000000006 -4.3555989000000004, 15.2057520000000004 -4.3554656999999999, 15.2071404999999995 -4.3550598999999997, 15.2078915000000006 -4.3546291000000004, 15.2084577999999997 -4.3540937000000000, 15.2075349000000006 -4.3534117999999999, 15.2068846000000004 -4.3528555000000004, 15.2063811999999992 -4.3525418000000000, 15.2061966999999996 -4.3522363999999998, 15.2061966999999996 -4.3521108999999996, 15.2063518999999996 -4.3520357000000001, 15.2063141000000002 -4.3515838999999996, 15.2034532000000002 -4.3522683999999998))
POLYGON ((15.5978825000000008 -4.2205572000000000, 15.5977815999999994 -4.2215486000000002, 15.5987696000000007 -4.2216486000000000, 15.5988705000000003 -4.2206571999999998, 15.5978825000000008 -4.2205572000000000))
POLYGON ((15.5955279999999998 -4.2209979999999998, 15.5957232999999995 -4.2222575000000004, 15.5966623000000002 -4.2221126000000000, 15.5964668999999994 -4.2208531999999996, 15.5955279999999998 -4.2209979999999998))
POLYGON ((13.5199490000000004 -12.4673982999999993, 13.5164781999999999 -12.4726151999999999, 13.5195626999999998 -12.4746003999999999, 13.5230441999999993 -12.4693781999999995, 13.5199490000000004 -12.4673982999999993))
POLYGON ((28.3612186999999984 -15.4287329000000000, 28.3596609000000015 -15.4356857999999999, 28.3584914999999995 -15.4378110999999993, 28.3585534999999993 -15.4380810000000004, 28.3609727999999990 -15.4392870999999996, 28.3618695999999986 -15.4397780000000004, 28.3624499000000014 -15.4375771000000004, 28.3627667000000017 -15.4362940999999996, 28.3626395000000002 -15.4361116000000003, 28.3633030999999995 -15.4334390999999993, 28.3636412000000000 -15.4320074999999992, 28.3643214999999991 -15.4294028000000001, 28.3612186999999984 -15.4287329000000000))
POLYGON ((29.1905776999999986 -5.9227578000000003, 29.1904919999999990 -5.9228661999999996, 29.1903575999999987 -5.9229583999999997, 29.1903366999999996 -5.9230713000000002, 29.1901350999999991 -5.9231151000000004, 29.1901350999999991 -5.9233963000000003, 29.1905731000000017 -5.9233086999999998, 29.1906147999999988 -5.9235346000000000, 29.1904664999999994 -5.9235669000000000, 29.1904989000000015 -5.9237444000000004, 29.1912567000000003 -5.9236313999999997, 29.1916252000000007 -5.9235069999999999, 29.1915556999999986 -5.9231242999999996, 29.1914605999999992 -5.9227439999999998, 29.1913203999999986 -5.9223774999999996, 29.1905405999999985 -5.9225918999999996, 29.1905776999999986 -5.9227578000000003))
POLYGON ((12.1951324000000003 -5.6027326000000004, 12.1970275000000008 -5.6022886999999999, 12.1967195000000004 -5.6009865999999997, 12.1956503000000005 -5.6012370999999996, 12.1956787000000002 -5.6013574999999998, 12.1948529000000008 -5.6015509000000003, 12.1951324000000003 -5.6027326000000004))
POLYGON ((15.5844568999999993 -4.2124721999999997, 15.5837996000000008 -4.2142812999999997, 15.5867974000000000 -4.2153644999999997, 15.5874547000000003 -4.2135553000000003, 15.5844568999999993 -4.2124721999999997))
POLYGON ((13.2562084000000002 -8.9024927999999992, 13.2562621000000007 -8.9070400000000003, 13.2560260000000003 -8.9070400000000003, 13.2560687999999995 -8.9115281999999993, 13.2606135999999992 -8.9115172000000005, 13.2606040000000007 -8.9094844000000002, 13.2606138999999992 -8.9086694000000008, 13.2606084000000006 -8.9069886000000000, 13.2608277999999995 -8.9069856999999999, 13.2607681999999993 -8.9056301999999992, 13.2604247999999991 -8.9049837000000007, 13.2604033999999995 -8.9044218999999991, 13.2608046000000002 -8.9038058000000007, 13.2607896000000007 -8.9024821999999997, 13.2562084000000002 -8.9024927999999992))
POLYGON ((27.4911776000000003 -11.6498082000000007, 27.4903350999999994 -11.6506070000000008, 27.4903714999999984 -11.6518254999999993, 27.4911233000000017 -11.6535498999999998, 27.4933335999999997 -11.6519668000000003, 27.4932973999999994 -11.6515494999999998, 27.4911776000000003 -11.6498082000000007))
POLYGON ((18.1130217999999985 -19.5760052000000009, 18.1129038000000016 -19.5752874000000006, 18.1116485000000011 -19.5746101000000010, 18.1107703999999998 -19.5748052000000001, 18.1107365999999992 -19.5749336000000014, 18.1112086999999988 -19.5764803000000001, 18.1130217999999985 -19.5760052000000009))
POLYGON ((36.7261346000000017 -1.0041689000000000, 36.7265507999999983 -1.0037628999999999, 36.7266838999999976 -1.0037117000000000, 36.7264587000000020 -1.0030806000000001, 36.7262283999999966 -1.0031734999999999, 36.7258463000000006 -1.0035658000000001, 36.7261346000000017 -1.0041689000000000))
POLYGON ((29.1785244000000006 -5.9169624000000001, 29.1789585000000002 -5.9172194999999999, 29.1791772999999992 -5.9172590999999999, 29.1790348000000002 -5.9168998000000004, 29.1789287000000002 -5.9163063999999999, 29.1787862000000011 -5.9162568999999996, 29.1785244000000006 -5.9169624000000001))
POLYGON ((34.9017559999999989 -16.2895065999999993, 34.9017493999999999 -16.2895487999999986, 34.9017515999999972 -16.2897156000000010, 34.9018307999999990 -16.2898846000000006, 34.9017845999999992 -16.2902054999999990, 34.9024423999999982 -16.2905729999999984, 34.9029835999999989 -16.2901190000000007, 34.9028076000000027 -16.2896502000000005, 34.9021497999999966 -16.2894517000000008, 34.9017559999999989 -16.2895065999999993))
POLYGON ((13.2439465999999992 -8.8125020999999997, 13.2457100000000008 -8.8135431999999998, 13.2462035000000000 -8.8138345000000005, 13.2472174000000003 -8.8121015000000007, 13.2450109999999999 -8.8108138999999994, 13.2448914999999996 -8.8108953999999997, 13.2439465999999992 -8.8125020999999997))
POLYGON ((33.7850548999999987 -14.0002984999999995, 33.7866365000000002 -14.0024007000000008, 33.7882478000000006 -14.0002402000000004, 33.7881706000000008 -13.9993408000000006, 33.7880247000000011 -13.9991742000000006, 33.7865826999999967 -13.9985578999999998, 33.7850548999999987 -14.0002984999999995))
POLYGON ((36.8229927000000004 -1.2987978000000000, 36.8229551000000015 -1.2996719000000001, 36.8237141999999977 -1.2996532000000001, 36.8237033999999994 -1.2987468000000000, 36.8229927000000004 -1.2987978000000000))
POLYGON ((34.5831583000000009 -8.9106327000000007, 34.5833889000000028 -8.9108286999999997, 34.5835821000000010 -8.9105425999999994, 34.5834533000000022 -8.9104206999999995, 34.5835605999999984 -8.9103147000000007, 34.5833645000000018 -8.9101789999999994, 34.5831583000000009 -8.9106327000000007))
POLYGON ((36.9502744999999990 -0.4192550000000000, 36.9506329000000022 -0.4190904000000000, 36.9504658000000035 -0.4187472000000000, 36.9502294999999989 -0.4188610000000000, 36.9498626000000030 -0.4185419000000000, 36.9497034999999983 -0.4187286000000000, 36.9498891000000000 -0.4188985000000000, 36.9498942999999969 -0.4189206000000000, 36.9499015000000028 -0.4189438000000000, 36.9502744999999990 -0.4192550000000000))
POLYGON ((36.8250804999999986 -1.2841625999999999, 36.8250260000000011 -1.2842320000000000, 36.8250686000000016 -1.2842654000000000, 36.8251230999999990 -1.2841959999999999, 36.8250804999999986 -1.2841625999999999))
POLYGON ((42.5526330000000002 -0.3634700000000000, 42.5529179999999982 -0.3626970000000000, 42.5521600000000007 -0.3627020000000000, 42.5519139999999965 -0.3634120000000000, 42.5526330000000002 -0.3634700000000000))
POLYGON ((39.2232459000000020 -6.7807050000000002, 39.2233367999999984 -6.7807126999999996, 39.2235785000000021 -6.7805771000000004, 39.2238249999999979 -6.7803931000000004, 39.2239375999999993 -6.7802812000000001, 39.2239537000000027 -6.7801746999999999, 39.2235731000000030 -6.7794584999999996, 39.2234819000000030 -6.7792667000000000, 39.2233585000000033 -6.7792241000000004, 39.2231439999999978 -6.7792081000000000, 39.2230741999999992 -6.7792667000000000, 39.2229723000000021 -6.7794211999999998, 39.2228381999999982 -6.7794159000000001, 39.2227309000000020 -6.7796608999999997, 39.2226397000000020 -6.7799752000000000, 39.2226451000000012 -6.7800444000000004, 39.2226451000000012 -6.7802362000000000, 39.2226879999999980 -6.7803053999999996, 39.2228005999999993 -6.7803800000000001, 39.2229507999999996 -6.7805078999999999, 39.2232459000000020 -6.7807050000000002))
POLYGON ((28.3603929000000008 -15.3421488000000004, 28.3589561000000003 -15.3439171999999999, 28.3563207999999989 -15.3434480999999998, 28.3546097999999986 -15.3429737999999993, 28.3537287000000013 -15.3457673000000003, 28.3544678999999995 -15.3490521999999991, 28.3549633000000014 -15.3488310999999999, 28.3622320999999999 -15.3514573999999993, 28.3635705000000016 -15.3480463000000000, 28.3603929000000008 -15.3421488000000004))
POLYGON ((39.2662284999999969 -6.7880881999999998, 39.2661398999999989 -6.7884263999999996, 39.2662472000000022 -6.7884690000000001, 39.2663652000000027 -6.7896115999999997, 39.2668506999999991 -6.7888659000000002, 39.2672584000000029 -6.7889831000000003, 39.2673028000000031 -6.7880159999999998, 39.2662284999999969 -6.7880881999999998))
POLYGON ((28.2657834000000001 -15.3694773999999992, 28.2661803999999997 -15.3660633999999998, 28.2649748999999986 -15.3645288999999998, 28.2637570999999994 -15.3625188000000001, 28.2610628000000013 -15.3650085000000001, 28.2610431999999996 -15.3660102999999992, 28.2595500000000008 -15.3660426999999995, 28.2594427000000010 -15.3668806999999994, 28.2591208000000016 -15.3684841999999993, 28.2597763999999998 -15.3686819000000003, 28.2596914000000012 -15.3691315999999993, 28.2610734999999984 -15.3695495999999991, 28.2627434000000015 -15.3695240000000002, 28.2657834000000001 -15.3694773999999992))
POLYGON ((36.8287825999999967 -1.2846122000000000, 36.8286754000000016 -1.2846686000000000, 36.8287076000000013 -1.2847383000000001, 36.8288191999999981 -1.2846872000000000, 36.8287825999999967 -1.2846122000000000))
POLYGON ((36.8290095999999991 -1.2818387000000000, 36.8289825000000022 -1.2818601000000001, 36.8289772999999983 -1.2819119999999999, 36.8289854000000005 -1.2819459000000000, 36.8290095999999991 -1.2819647000000001, 36.8290229999999994 -1.2819164000000001, 36.8290363999999997 -1.2818788999999999, 36.8290441999999985 -1.2818360000000000, 36.8290095999999991 -1.2818387000000000))
POLYGON ((15.7156529000000003 -12.7647717000000007, 15.7160606000000005 -12.7670736999999992, 15.7193544000000003 -12.7665086999999993, 15.7209637000000004 -12.7637985999999994, 15.7191612999999997 -12.7627521999999995, 15.7156529000000003 -12.7647717000000007))
POLYGON ((35.1462543999999966 -16.6162807999999984, 35.1460286000000011 -16.6165188000000015, 35.1462637999999998 -16.6166577000000011, 35.1464350999999979 -16.6167586999999983, 35.1465461000000019 -16.6167496999999997, 35.1466233000000017 -16.6166613000000005, 35.1469620000000020 -16.6163619000000011, 35.1471689999999981 -16.6161707999999990, 35.1474137000000013 -16.6159759999999999, 35.1475021999999981 -16.6158462000000000, 35.1474682999999999 -16.6157542000000014, 35.1473873999999995 -16.6157380000000003, 35.1471840999999969 -16.6157380000000003, 35.1470448000000033 -16.6157812000000007, 35.1467625000000012 -16.6159543999999997, 35.1463748999999979 -16.6161418999999988, 35.1462543999999966 -16.6162807999999984))
POLYGON ((34.5728097000000005 -16.0785097999999991, 34.5727643000000029 -16.0785960000000010, 34.5728626000000006 -16.0786516000000006, 34.5729079999999982 -16.0785449999999983, 34.5728097000000005 -16.0785097999999991))
POLYGON ((39.2522084000000007 -6.7847828000000003, 39.2522592999999986 -6.7847401999999999, 39.2523424999999975 -6.7847482000000001, 39.2524954000000008 -6.7850505999999999, 39.2529916000000014 -6.7847695000000003, 39.2534394999999989 -6.7843061000000002, 39.2535092000000034 -6.7837813999999996, 39.2535252999999997 -6.7834311999999999, 39.2534716999999986 -6.7830383000000003, 39.2534288000000018 -6.7827107000000000, 39.2532758999999984 -6.7824298000000001, 39.2527742999999987 -6.7822285999999998, 39.2526992000000021 -6.7826200999999999, 39.2525758000000025 -6.7831741000000001, 39.2525544000000011 -6.7833632000000001, 39.2523398000000014 -6.7833579000000004, 39.2522726999999989 -6.7834909999999997, 39.2521762000000010 -6.7836162000000000, 39.2520904000000002 -6.7838399999999996, 39.2519992000000002 -6.7839970999999997, 39.2518864999999977 -6.7840850000000001, 39.2522084000000007 -6.7847828000000003))
POLYGON ((30.5072243000000007 -1.7963922000000001, 30.5072015999999984 -1.7960385999999999, 30.5067595000000011 -1.7961349000000000, 30.5068221999999984 -1.7964180000000001, 30.5072243000000007 -1.7963922000000001))
POLYGON ((36.7728400000000022 -3.3796469999999998, 36.7730119000000002 -3.3788190000000000, 36.7720707000000004 -3.3791793999999999, 36.7720320999999970 -3.3794368000000001, 36.7726035999999965 -3.3795267999999998, 36.7725864000000016 -3.3796168999999998, 36.7728400000000022 -3.3796469999999998))
POLYGON ((15.5955466000000005 -4.2144044999999997, 15.5958223000000000 -4.2164773999999996, 15.5982336000000004 -4.2161584999999997, 15.5979579000000008 -4.2140855999999998, 15.5955466000000005 -4.2144044999999997))
POLYGON ((29.3559166000000005 -3.4175589000000000, 29.3569889999999987 -3.4178530000000000, 29.3572932000000009 -3.4168121000000000, 29.3572124000000017 -3.4167806000000001, 29.3573544999999996 -3.4160240000000002, 29.3558045000000014 -3.4157310000000001, 29.3556142999999992 -3.4162990000000000, 29.3555005999999992 -3.4166628000000001, 29.3560471999999990 -3.4167521999999999, 29.3558981000000010 -3.4174057000000002, 29.3559166000000005 -3.4175589000000000))
POLYGON ((13.2625250000000001 -8.8429543000000006, 13.2630271999999998 -8.8431564999999992, 13.2643970000000007 -8.8437161000000000, 13.2662826999999997 -8.8444863999999992, 13.2664066999999992 -8.8441899999999993, 13.2676648999999998 -8.8411386000000007, 13.2650307000000005 -8.8400780999999995, 13.2644696999999994 -8.8398521999999993, 13.2638987999999998 -8.8396223999999997, 13.2625250000000001 -8.8429543000000006))
POLYGON ((15.9405061000000003 -21.4442379000000010, 15.9406084000000003 -21.4465053999999995, 15.9418776999999992 -21.4463657000000012, 15.9415671999999997 -21.4440728000000007, 15.9405061000000003 -21.4442379000000010))
POLYGON ((28.2319032999999990 -12.8737905999999995, 28.2317956999999993 -12.8740773999999991, 28.2322437999999991 -12.8747047000000006, 28.2319749999999985 -12.8751528000000004, 28.2319929000000016 -12.8755292000000008, 28.2347889999999992 -12.8774111999999992, 28.2355058999999997 -12.8764433000000000, 28.2352549999999987 -12.8757622000000005, 28.2319032999999990 -12.8737905999999995))
POLYGON ((35.7380126999999987 -6.1752342000000002, 35.7376908000000029 -6.1750848999999999, 35.7373796999999982 -6.1756716000000003, 35.7377336999999997 -6.1758742000000000, 35.7380448999999984 -6.1755116000000001, 35.7380126999999987 -6.1753942000000004, 35.7380126999999987 -6.1752342000000002))
POLYGON ((38.9133951999999965 -6.4451140000000002, 38.9131598999999966 -6.4449145999999997, 38.9130822999999992 -6.4450050000000001, 38.9133177000000003 -6.4452043999999997, 38.9133951999999965 -6.4451140000000002))
POLYGON ((36.3789778000000013 -6.7156007000000004, 36.3789670000000029 -6.7162587000000000, 36.3799112000000022 -6.7160536000000004, 36.3801901000000001 -6.7158964000000001, 36.3798038999999989 -6.7154116000000004, 36.3789778000000013 -6.7156007000000004))
POLYGON ((34.5842845000000025 -8.8962088000000001, 34.5842175000000012 -8.8964181000000000, 34.5843301000000025 -8.8964631999999995, 34.5844876999999968 -8.8961912000000005, 34.5849292999999989 -8.8961395000000003, 34.5854217999999989 -8.8961424999999998, 34.5857536999999979 -8.8955359999999999, 34.5859725999999981 -8.8951300999999994, 34.5863405999999998 -8.8947195000000008, 34.5868701999999999 -8.8942636999999998, 34.5865591000000023 -8.8939986999999991, 34.5864035000000030 -8.8939907999999992, 34.5862758000000028 -8.8940892999999992, 34.5859814000000014 -8.8945237000000006, 34.5855827000000033 -8.8948785000000008, 34.5851767999999993 -8.8954170000000001, 34.5851229000000018 -8.8953629999999997, 34.5848853999999974 -8.8955397999999999, 34.5846787999999989 -8.8954693999999996, 34.5842845000000025 -8.8962088000000001))
POLYGON ((39.2866484999999983 -6.8072882000000003, 39.2867050999999989 -6.8079102999999996, 39.2872107999999969 -6.8078506000000001, 39.2871164000000022 -6.8073904000000001, 39.2866484999999983 -6.8072882000000003))
POLYGON ((35.2846037999999993 -8.2960615999999998, 35.2858214999999973 -8.2974470999999994, 35.2865510999999969 -8.2968048000000003, 35.2869266000000010 -8.2964225999999996, 35.2871464999999986 -8.2952387999999999, 35.2857786000000004 -8.2950795999999993, 35.2846037999999993 -8.2960615999999998))
POLYGON ((16.6922946000000003 -11.4937734000000003, 16.6920238000000012 -11.4953614999999996, 16.6934195999999986 -11.4955569000000004, 16.6937199000000014 -11.4939525000000007, 16.6922946000000003 -11.4937734000000003))
POLYGON ((35.1899552000000000 -16.6419800000000002, 35.1900424000000029 -16.6420649000000012, 35.1901606999999998 -16.6419856000000017, 35.1900778999999986 -16.6419092000000006, 35.1899552000000000 -16.6419800000000002))
POLYGON ((35.0298629999999989 -16.5244050000000016, 35.0296945999999991 -16.5242883999999997, 35.0295636999999971 -16.5242794000000011, 35.0294935000000009 -16.5242345999999998, 35.0296057999999988 -16.5241314000000017, 35.0294608000000025 -16.5240103000000005, 35.0293579000000008 -16.5238712999999997, 35.0292456000000030 -16.5237726999999985, 35.0290679000000011 -16.5235394999999983, 35.0289462000000000 -16.5235304999999997, 35.0287732000000034 -16.5232929000000013, 35.0286141999999998 -16.5232659999999996, 35.0284316999999987 -16.5234139000000013, 35.0285300000000035 -16.5235708999999993, 35.0283382000000003 -16.5237009000000015, 35.0283895999999970 -16.5237906000000017, 35.0283428999999984 -16.5238174999999998, 35.0283100999999988 -16.5238623999999987, 35.0282119000000023 -16.5238489000000008, 35.0282024999999990 -16.5239072000000000, 35.0282679999999971 -16.5239924000000009, 35.0282306000000005 -16.5241134999999986, 35.0283663000000018 -16.5241672999999984, 35.0285252999999983 -16.5242256000000012, 35.0286468999999983 -16.5242928000000013, 35.0286936999999980 -16.5244050000000016, 35.0286468999999983 -16.5245394999999995, 35.0287124000000034 -16.5246829999999996, 35.0288011999999966 -16.5247187999999987, 35.0288948000000033 -16.5247458000000016, 35.0288760999999980 -16.5248309999999989, 35.0289696000000035 -16.5248579000000007, 35.0290024000000031 -16.5249474999999997, 35.0290397999999996 -16.5250237999999996, 35.0290537999999998 -16.5251447999999996, 35.0291240000000030 -16.5251628000000004, 35.0292035000000013 -16.5252076000000017, 35.0293016999999978 -16.5251404000000015, 35.0292829999999995 -16.5250327000000006, 35.0293672000000029 -16.5250057999999989, 35.0294140000000027 -16.5250282999999989, 35.0294935000000009 -16.5249789000000007, 35.0295543000000009 -16.5248847999999988, 35.0297975000000008 -16.5246336000000014, 35.0297460999999970 -16.5245171000000006, 35.0298629999999989 -16.5244050000000016))
POLYGON ((39.2818722000000022 -6.8115152999999999, 39.2816918999999984 -6.8116345999999997, 39.2814515999999969 -6.8113364000000001, 39.2803443999999971 -6.8120778000000000, 39.2814601999999979 -6.8131857000000000, 39.2825158999999999 -6.8123420000000001, 39.2818722000000022 -6.8115152999999999))
POLYGON ((25.8471748000000012 -17.8533630999999993, 25.8471764999999998 -17.8537408999999982, 25.8434887000000018 -17.8536952000000007, 25.8434975000000016 -17.8542947000000005, 25.8476533000000011 -17.8542896000000013, 25.8484148000000005 -17.8540495999999997, 25.8485309000000001 -17.8538287999999987, 25.8490372999999991 -17.8537961000000003, 25.8490287000000016 -17.8532569000000017, 25.8471748000000012 -17.8533630999999993))
POLYGON ((36.8143310000000028 -1.2918829000000001, 36.8140842000000035 -1.2919901000000000, 36.8141378999999986 -1.2920974000000001, 36.8143845999999968 -1.2919794000000000, 36.8143310000000028 -1.2918829000000001))
POLYGON ((29.1296098000000008 -3.4019594000000000, 29.1294649999999997 -3.4024874000000001, 29.1295152000000002 -3.4026646000000000, 29.1296445000000013 -3.4027167000000000, 29.1299360000000007 -3.4025991000000002, 29.1301251999999984 -3.4024276000000002, 29.1302428999999989 -3.4021385999999998, 29.1298625999999992 -3.4019517000000001, 29.1296098000000008 -3.4019594000000000))
POLYGON ((15.9515627000000002 -21.4149394000000015, 15.9524156000000001 -21.4139654999999998, 15.9515572999999993 -21.4132862999999993, 15.9506560999999998 -21.4142702000000007, 15.9514837000000007 -21.4149419999999999, 15.9515358999999997 -21.4149843000000004, 15.9515627000000002 -21.4149394000000015))
POLYGON ((37.3311875999999998 -3.3466380000000000, 37.3293971000000013 -3.3468062000000001, 37.3295767999999981 -3.3477486999999999, 37.3297403999999986 -3.3487125999999998, 37.3298155000000023 -3.3492696000000000, 37.3330072999999985 -3.3489803999999999, 37.3325384999999983 -3.3474615000000001, 37.3317746999999969 -3.3475111000000002, 37.3311875999999998 -3.3466380000000000))
POLYGON ((31.6182356999999996 -1.7503244000000000, 31.6178322999999999 -1.7503377000000000, 31.6177220000000005 -1.7510368999999999, 31.6181657999999999 -1.7510798999999999, 31.6182356999999996 -1.7503244000000000))
POLYGON ((31.7070848000000005 -1.5502752000000000, 31.7059575000000002 -1.5500681000000001, 31.7058460000000011 -1.5504822000000000, 31.7070050999999999 -1.5507569999999999, 31.7070848000000005 -1.5502752000000000))
POLYGON ((30.0940404999999984 -2.1489736000000002, 30.0940614999999987 -2.1489587999999999, 30.0940903000000013 -2.1489387000000000, 30.0940119999999993 -2.1488271999999999, 30.0939623000000012 -2.1488621000000001, 30.0940404999999984 -2.1489736000000002))
POLYGON ((18.1121115999999986 -19.5564290999999990, 18.1119506000000001 -19.5563305000000014, 18.1118755000000000 -19.5564214999999990, 18.1120257000000002 -19.5565630000000006, 18.1121115999999986 -19.5564290999999990))
POLYGON ((34.8148101999999966 -8.8509218000000001, 34.8152339999999967 -8.8509589000000002, 34.8156497000000016 -8.8512795999999998, 34.8157837999999984 -8.8500843000000007, 34.8154915000000003 -8.8501399999999997, 34.8151931000000019 -8.8502685000000003, 34.8148101999999966 -8.8509218000000001))
POLYGON ((36.8144382999999991 -1.2920974000000001, 36.8141861000000006 -1.2922153999999999, 36.8142398000000028 -1.2923334000000000, 36.8144919000000002 -1.2922100000000001, 36.8144382999999991 -1.2920974000000001))
POLYGON ((35.0017400999999992 -15.8334200000000003, 35.0021424999999979 -15.8336831999999994, 35.0024374999999992 -15.8337503000000002, 35.0027378999999996 -15.8332136000000006, 35.0029524999999992 -15.8328059000000003, 35.0030704999999998 -15.8321658999999997, 35.0022068000000033 -15.8319234000000009, 35.0018206000000021 -15.8322175000000005, 35.0015898999999990 -15.8329761999999992, 35.0017400999999992 -15.8334200000000003))
POLYGON ((34.9898559000000020 -16.2017005999999988, 34.9898736999999969 -16.2023735000000002, 34.9903437999999980 -16.2024204000000012, 34.9908494000000019 -16.2026418999999997, 34.9910756000000021 -16.2034680999999985, 34.9911243999999968 -16.2034595000000010, 34.9918739000000016 -16.2033914000000010, 34.9920068999999998 -16.2038130000000002, 34.9921576999999999 -16.2036000999999992, 34.9929559999999995 -16.2029698000000018, 34.9933064000000016 -16.2027780999999997, 34.9939050999999992 -16.2023097000000007, 34.9939937999999984 -16.2021307999999991, 34.9942732000000021 -16.2018540000000009, 34.9943130999999994 -16.2016367999999993, 34.9941755999999984 -16.2015984000000017, 34.9936478999999991 -16.2012448999999989, 34.9930846000000031 -16.1998864000000005, 34.9928717000000020 -16.1998692999999996, 34.9924548999999985 -16.1999502000000000, 34.9924858999999984 -16.2002142999999990, 34.9924016000000009 -16.2001631999999987, 34.9922242000000026 -16.2002270999999993, 34.9922642000000010 -16.2004443000000009, 34.9916477000000015 -16.2007338999999995, 34.9911776000000003 -16.2010192000000011, 34.9912441000000030 -16.2008445999999999, 34.9911863999999966 -16.2005167000000014, 34.9910135000000011 -16.2004954000000012, 34.9906720000000035 -16.2006784999999986, 34.9901796999999988 -16.2012235999999987, 34.9903083000000024 -16.2013557000000006, 34.9898559000000020 -16.2017005999999988))
POLYGON ((14.2864842000000003 -22.1072156000000000, 14.2873888000000004 -22.1081609999999991, 14.2882792999999992 -22.1069184999999990, 14.2878919000000000 -22.1065931000000013, 14.2864842000000003 -22.1072156000000000))
POLYGON ((35.0136170999999976 -16.5287162999999993, 35.0131863000000010 -16.5289074000000014, 35.0131830999999991 -16.5291169999999994, 35.0134789000000026 -16.5296717999999991, 35.0136686000000026 -16.5298474999999989, 35.0137554000000009 -16.5297026000000002, 35.0139611000000031 -16.5295701000000008, 35.0140930000000026 -16.5292987999999994, 35.0142505000000028 -16.5291293000000010, 35.0146427000000031 -16.5290059999999990, 35.0149031999999991 -16.5290800000000004, 35.0149802999999977 -16.5290861000000007, 35.0149352999999977 -16.5288149000000004, 35.0146492000000009 -16.5282723999999988, 35.0143340999999992 -16.5283216999999993, 35.0140993999999992 -16.5284142000000003, 35.0138646999999992 -16.5285466999999997, 35.0136170999999976 -16.5287162999999993))
POLYGON ((35.0383803000000000 -16.2879339999999999, 35.0380711999999974 -16.2881366000000014, 35.0378864999999990 -16.2880497999999996, 35.0375245999999976 -16.2880353000000007, 35.0369063999999995 -16.2880931999999987, 35.0366119999999981 -16.2881309999999999, 35.0363534000000030 -16.2881718999999983, 35.0360441999999992 -16.2882281999999989, 35.0356416999999993 -16.2881974999999990, 35.0354337999999998 -16.2882716999999992, 35.0352924999999971 -16.2883792000000014, 35.0352098999999981 -16.2885658999999983, 35.0352419000000026 -16.2886707999999985, 35.0352899000000022 -16.2887604000000010, 35.0353777999999991 -16.2890060000000005, 35.0354631000000012 -16.2892310999999985, 35.0355510999999993 -16.2893028000000015, 35.0358230000000006 -16.2895816999999994, 35.0359349000000009 -16.2897683999999998, 35.0360761999999966 -16.2900883000000007, 35.0361614999999986 -16.2902647999999992, 35.0362707999999969 -16.2904772000000015, 35.0365107000000009 -16.2907867000000017, 35.0366093000000021 -16.2908608999999984, 35.0368411999999978 -16.2910733000000008, 35.0370251000000010 -16.2911627999999986, 35.0373289999999997 -16.2913649999999990, 35.0376649000000029 -16.2911755999999990, 35.0383099000000016 -16.2907687999999986, 35.0384912000000028 -16.2906793000000008, 35.0388507999999987 -16.2901993000000012, 35.0389405999999966 -16.2898190999999990, 35.0389352999999986 -16.2895454000000015, 35.0389510999999985 -16.2892514000000013, 35.0390092000000024 -16.2890739999999994, 35.0390251000000035 -16.2888154999999983, 35.0388614000000018 -16.2886735999999992, 35.0386659999999992 -16.2885011999999989, 35.0384917000000016 -16.2882326000000006, 35.0383803000000000 -16.2879339999999999))
POLYGON ((16.6430427999999999 -20.4576324000000014, 16.6422595999999992 -20.4582857999999987, 16.6425117000000000 -20.4584668000000001, 16.6428925999999997 -20.4588186000000007, 16.6431184999999999 -20.4593337999999996, 16.6432096999999999 -20.4593992000000000, 16.6441939999999988 -20.4592986000000003, 16.6445481000000015 -20.4589368000000000, 16.6439821999999999 -20.4568936999999984, 16.6435315000000017 -20.4571599999999982, 16.6430427999999999 -20.4576324000000014))
POLYGON ((25.8352491999999998 -17.9331306999999995, 25.8353226999999990 -17.9326746999999997, 25.8344790999999994 -17.9325517000000012, 25.8344056000000002 -17.9330077000000010, 25.8352491999999998 -17.9331306999999995))
POLYGON ((35.0321183000000005 -16.5146684000000015, 35.0322625000000016 -16.5151670000000017, 35.0325577999999993 -16.5151734999999995, 35.0328798999999975 -16.5151058999999982, 35.0332590000000010 -16.5149708000000004, 35.0332422999999977 -16.5146845000000013, 35.0331147999999999 -16.5143756999999987, 35.0329570999999973 -16.5143659999999990, 35.0321183000000005 -16.5146684000000015))
POLYGON ((42.5505983999999984 -0.3644565000000000, 42.5505270000000024 -0.3646540000000000, 42.5506900000000030 -0.3647190000000000, 42.5507660000000030 -0.3645240000000000, 42.5505983999999984 -0.3644565000000000))
POLYGON ((37.3217422999999968 -3.3076838999999998, 37.3216725999999994 -3.3079812000000000, 37.3220614999999967 -3.3080989999999999, 37.3221553999999998 -3.3078257999999998, 37.3217422999999968 -3.3076838999999998))
POLYGON ((13.3187303000000004 -8.7944265999999995, 13.3167668999999993 -8.7913093999999994, 13.3108982000000005 -8.7949143999999997, 13.3128829999999994 -8.7980844999999999, 13.3187303000000004 -8.7944265999999995))
POLYGON ((17.7283179000000004 -19.2573995999999994, 17.7278565999999991 -19.2585441000000017, 17.7281033000000008 -19.2592633000000006, 17.7292835000000011 -19.2602557999999995, 17.7320837000000004 -19.2611269000000007, 17.7328465000000008 -19.2588718000000014, 17.7283179000000004 -19.2573995999999994))
POLYGON ((17.7191200000000002 -19.2477167000000016, 17.7205897999999991 -19.2484603000000014, 17.7208930000000002 -19.2478979000000017, 17.7208272999999998 -19.2474419999999995, 17.7206866000000005 -19.2473725000000009, 17.7207763000000007 -19.2468785000000011, 17.7206398999999983 -19.2468029999999999, 17.7208772000000003 -19.2463799999999985, 17.7204268999999996 -19.2461477999999993, 17.7200726999999993 -19.2459689000000012, 17.7195901000000013 -19.2468544000000001, 17.7191200000000002 -19.2477167000000016))
POLYGON ((28.5772113999999995 -20.1233341000000010, 28.5770033999999988 -20.1260677000000001, 28.5790655999999998 -20.1269910000000003, 28.5789356000000012 -20.1313941000000014, 28.5809891000000000 -20.1314348000000010, 28.5810281000000010 -20.1305195999999995, 28.5822372000000016 -20.1305627999999999, 28.5823530999999988 -20.1271516999999989, 28.5825920999999994 -20.1235563000000006, 28.5772113999999995 -20.1233341000000010))
POLYGON ((28.2972283000000004 -15.4088423999999993, 28.2978801000000004 -15.4087461999999995, 28.2994588000000000 -15.4084760999999997, 28.2992917000000013 -15.4076705000000000, 28.2988822999999989 -15.4074510999999994, 28.2970244000000015 -15.4077759000000007, 28.2972283000000004 -15.4088423999999993))
POLYGON ((15.7778424000000008 -17.7905251000000000, 15.7782982999999994 -17.7910409999999999, 15.7791124000000007 -17.7905698000000001, 15.7787006999999999 -17.7895393000000013, 15.7778424000000008 -17.7905251000000000))
POLYGON ((39.2366016000000002 -6.7929874999999997, 39.2365873999999977 -6.7929876000000000, 39.2365828000000008 -6.7930311000000003, 39.2366513999999995 -6.7930311000000003, 39.2366863000000023 -6.7930311000000003, 39.2366943999999975 -6.7930834999999998, 39.2367289000000028 -6.7931093000000002, 39.2367306000000013 -6.7931489000000003, 39.2367538000000025 -6.7931521999999998, 39.2367605000000026 -6.7931803000000004, 39.2368444000000025 -6.7931876999999998, 39.2368436000000003 -6.7931613000000004, 39.2369017999999983 -6.7931599000000000, 39.2369083000000032 -6.7929475000000004, 39.2368218000000013 -6.7929408999999996, 39.2368276999999992 -6.7929591000000000, 39.2368127000000015 -6.7929649000000003, 39.2368127000000015 -6.7929937999999996, 39.2367761000000002 -6.7929846999999999, 39.2367640000000009 -6.7929697999999998, 39.2367172000000011 -6.7929605000000004, 39.2367172000000011 -6.7929779999999997, 39.2366870999999975 -6.7929791000000002, 39.2366827999999970 -6.7929915000000003, 39.2366016000000002 -6.7929874999999997))
POLYGON ((39.2445401000000018 -6.7741397000000001, 39.2445159000000032 -6.7741103999999996, 39.2444751999999966 -6.7740781999999999, 39.2444355000000016 -6.7740571999999997, 39.2443871999999985 -6.7740331999999999, 39.2443141999999980 -6.7740143000000002, 39.2442879999999974 -6.7739745999999998, 39.2442229999999981 -6.7739130999999997, 39.2441559999999967 -6.7739130999999997, 39.2441163000000017 -6.7739693000000001, 39.2441211000000010 -6.7740302999999997, 39.2440540999999996 -6.7740516000000000, 39.2440271999999979 -6.7741102000000000, 39.2440331000000029 -6.7741769999999999, 39.2440465999999972 -6.7742355999999999, 39.2439715000000007 -6.7743102000000004, 39.2439445999999990 -6.7743634999999998, 39.2439225999999977 -6.7744457999999996, 39.2439253000000008 -6.7745122999999996, 39.2438073000000003 -6.7745389999999999, 39.2438077999999990 -6.7745844999999996, 39.2438265999999985 -6.7746671000000003, 39.2439123999999993 -6.7747630000000001, 39.2439901999999989 -6.7748401999999999, 39.2440895000000012 -6.7748987999999999, 39.2442369999999983 -6.7749414000000003, 39.2443303000000014 -6.7749465000000004, 39.2444757000000024 -6.7748695000000003, 39.2444509999999980 -6.7747067999999997, 39.2445185999999993 -6.7746458000000001, 39.2445589000000012 -6.7745471999999998, 39.2445695999999984 -6.7744726999999996, 39.2445803000000026 -6.7744327000000002, 39.2446259000000026 -6.7744033999999997, 39.2446581000000023 -6.7743688000000004, 39.2446661000000034 -6.7743181999999997, 39.2446607999999983 -6.7742675999999999, 39.2447143999999994 -6.7742543000000000, 39.2447627000000026 -6.7741902999999999, 39.2447331999999989 -6.7741316999999999, 39.2446683000000007 -6.7740781999999999, 39.2446017999999981 -6.7740730999999998, 39.2445535000000021 -6.7740998000000001, 39.2445401000000018 -6.7741397000000001))
POLYGON ((37.0102448000000024 -0.4016374000000000, 37.0104751000000007 -0.4018102000000000, 37.0101134000000016 -0.4022923000000000, 37.0105233000000027 -0.4025998000000000, 37.0112031000000030 -0.4016935000000000, 37.0105629999999977 -0.4012133000000000, 37.0102448000000024 -0.4016374000000000))
POLYGON ((34.7851878000000028 -9.2957502999999999, 34.7853406999999990 -9.2962346999999994, 34.7855915000000024 -9.2963248000000007, 34.7856544999999997 -9.2962982000000007, 34.7854264999999998 -9.2955968000000002, 34.7851878000000028 -9.2957502999999999))
POLYGON ((17.3853286999999987 -3.3175490000000001, 17.3863634000000005 -3.3178516000000000, 17.3870426999999985 -3.3167456000000000, 17.3865619000000002 -3.3161092000000001, 17.3858095000000006 -3.3158484000000001, 17.3853286999999987 -3.3175490000000001))
POLYGON ((34.5849711999999982 -8.8893745000000006, 34.5845048999999989 -8.8890864999999994, 34.5841557999999978 -8.8897057999999998, 34.5844455000000011 -8.8898568000000004, 34.5847753999999981 -8.8896660000000001, 34.5849711999999982 -8.8893745000000006))
POLYGON ((37.0726998000000023 -1.0443175000000000, 37.0709711000000013 -1.0436840000000001, 37.0709084000000004 -1.0437824000000000, 37.0708636999999968 -1.0439077000000001, 37.0708368000000021 -1.0440688000000000, 37.0708278999999976 -1.0442836000000000, 37.0708010000000030 -1.0444000000000000, 37.0706488000000007 -1.0445253000000001, 37.0705323999999976 -1.0446148000000000, 37.0704429000000033 -1.0447670000000000, 37.0703802999999965 -1.0448653999999999, 37.0704161000000028 -1.0450086000000001, 37.0704250000000002 -1.0450980999999999, 37.0731911999999966 -1.0465034000000000, 37.0733791999999980 -1.0465481000000001, 37.0735402999999977 -1.0465392000000000, 37.0736297999999991 -1.0465481000000001, 37.0738178000000005 -1.0466375999999999, 37.0739432000000022 -1.0466466000000001, 37.0740326999999965 -1.0466645000000001, 37.0738805000000013 -1.0463511999999999, 37.0738267999999991 -1.0462080000000000, 37.0737282999999991 -1.0460826999999999, 37.0736209000000017 -1.0458679000000000, 37.0735493000000034 -1.0456173000000000, 37.0734240000000028 -1.0453667000000000, 37.0726998000000023 -1.0443175000000000))
POLYGON ((27.4939138999999990 -11.6518478999999999, 27.4954856999999997 -11.6505817000000000, 27.4957211999999984 -11.6503657000000000, 27.4960650000000015 -11.6496674999999996, 27.4965906999999987 -11.6492471999999996, 27.4964082999999988 -11.6490054999999995, 27.4959363000000003 -11.6493575000000007, 27.4939836000000000 -11.6472453999999992, 27.4931462000000018 -11.6478438999999998, 27.4932593999999995 -11.6480020000000000, 27.4928248999999987 -11.6483697999999993, 27.4925995999999984 -11.6480861000000004, 27.4909366000000013 -11.6494415999999994, 27.4918218000000003 -11.6501666000000004, 27.4939138999999990 -11.6518478999999999))
POLYGON ((30.5061241000000010 -1.7940431999999999, 30.5062441000000000 -1.7943642000000000, 30.5063221999999996 -1.7943473999999999, 30.5062441000000000 -1.7939288000000000, 30.5061241000000010 -1.7940431999999999))
POLYGON ((39.2714055000000002 -6.7905417000000003, 39.2709226999999998 -6.7916603000000002, 39.2720707000000004 -6.7919372999999998, 39.2727037000000010 -6.7924593000000000, 39.2733473999999987 -6.7920011999999996, 39.2740341000000015 -6.7919904999999998, 39.2741091999999981 -6.7907867000000000, 39.2735297999999986 -6.7907546999999999, 39.2720063000000010 -6.7906161999999997, 39.2714055000000002 -6.7905417000000003))
POLYGON ((16.1555779000000008 -20.1166201999999998, 16.1560178000000008 -20.1185745999999988, 16.1573910000000005 -20.1184097999999985, 16.1574252999999999 -20.1180744000000011, 16.1575614999999999 -20.1177692000000015, 16.1584210000000006 -20.1177788000000000, 16.1583816999999996 -20.1172207000000007, 16.1572819999999986 -20.1172393000000014, 16.1571698999999995 -20.1165194999999990, 16.1555779000000008 -20.1166201999999998))
POLYGON ((39.2454601000000025 -6.7743181999999997, 39.2455191000000028 -6.7741530000000001, 39.2455941999999993 -6.7739453000000003, 39.2457068000000007 -6.7737482000000000, 39.2454439999999991 -6.7735137999999999, 39.2455835000000022 -6.7733540000000003, 39.2459372000000002 -6.7735776999999997, 39.2461733000000024 -6.7733645999999998, 39.2463879000000020 -6.7732260999999996, 39.2461089000000030 -6.7725976000000001, 39.2455453999999975 -6.7726905000000004, 39.2450523999999987 -6.7733379999999999, 39.2442905999999994 -6.7733379999999999, 39.2440702000000030 -6.7735428000000004, 39.2440813999999989 -6.7737429000000002, 39.2454601000000025 -6.7743181999999997))
POLYGON ((34.6302925000000030 -8.8501975999999996, 34.6310489000000032 -8.8503672000000009, 34.6315476999999987 -8.8496781000000002, 34.6307216000000011 -8.8491745999999996, 34.6304212000000007 -8.8496144999999995, 34.6302925000000030 -8.8501975999999996))
POLYGON ((39.2831741999999977 -6.8137372000000003, 39.2837922000000006 -6.8141634000000000, 39.2841268999999969 -6.8136520000000003, 39.2837235000000007 -6.8132174000000001, 39.2831741999999977 -6.8137372000000003))
POLYGON ((15.2491465999999996 -4.3306563000000002, 15.2490392999999997 -4.3302284000000002, 15.2491359000000006 -4.3299501999999999, 15.2493397999999996 -4.3295864999999996, 15.2495650999999999 -4.3292335000000000, 15.2496723000000003 -4.3289767000000001, 15.2496831000000004 -4.3286344000000003, 15.2496937999999993 -4.3280246000000000, 15.2496186999999992 -4.3279604000000003, 15.2493718999999999 -4.3284525000000000, 15.2490500999999998 -4.3289980999999997, 15.2483205000000002 -4.3298005000000002, 15.2480630000000001 -4.3301641999999996, 15.2481167000000006 -4.3304638000000004, 15.2482991000000005 -4.3306883999999997, 15.2491465999999996 -4.3306563000000002))
POLYGON ((26.7272297999999999 -10.9820355000000003, 26.7254947999999999 -10.9827025000000003, 26.7259859999999989 -10.9835951000000005, 26.7276896999999991 -10.9828769000000008, 26.7272297999999999 -10.9820355000000003))
POLYGON ((31.0339625000000012 -17.8516987000000000, 31.0349429000000008 -17.8541004000000001, 31.0405516000000006 -17.8495027999999998, 31.0384753999999994 -17.8469088999999990, 31.0376967999999991 -17.8473481000000014, 31.0367595999999999 -17.8480206000000017, 31.0348563999999989 -17.8503605999999984, 31.0339625000000012 -17.8516987000000000))
POLYGON ((30.0527799999999985 -20.3082658999999985, 30.0541881999999987 -20.3084902999999990, 30.0543581000000017 -20.3073614000000013, 30.0526429999999998 -20.3070084999999985, 30.0527799999999985 -20.3082658999999985))
POLYGON ((34.2868445000000008 -12.9075296000000002, 34.2857662999999988 -12.9069073999999997, 34.2844894999999994 -12.9087897999999992, 34.2862705000000005 -12.9091871000000005, 34.2868445000000008 -12.9075296000000002))
POLYGON ((15.3795505000000006 -21.3591970000000018, 15.3795903999999997 -21.3595192000000011, 15.3793036999999995 -21.3595517000000008, 15.3793681000000007 -21.3600512999999985, 15.3794377999999998 -21.3609755999999997, 15.3801486000000001 -21.3609681000000009, 15.3801083999999992 -21.3607221000000003, 15.3811490000000006 -21.3605583000000010, 15.3808798000000007 -21.3593578999999991, 15.3801904000000000 -21.3594301999999985, 15.3801486000000001 -21.3591444999999993, 15.3795505000000006 -21.3591970000000018))
POLYGON ((35.7413980999999978 -6.1829489000000004, 35.7413015999999999 -6.1834289000000000, 35.7418380000000013 -6.1835249000000001, 35.7419130999999979 -6.1830875000000001, 35.7413980999999978 -6.1829489000000004))
POLYGON ((35.0208133000000004 -15.8135109000000007, 35.0206524000000030 -15.8140579999999993, 35.0207059999999970 -15.8144503000000007, 35.0208776999999998 -15.8144916000000002, 35.0211565999999976 -15.8145638999999996, 35.0218003999999965 -15.8144296999999998, 35.0218012999999999 -15.8136957999999996, 35.0216609000000005 -15.8135624999999997, 35.0211565999999976 -15.8135109000000007, 35.0208133000000004 -15.8135109000000007))
POLYGON ((37.0813982999999965 -1.0432077000000000, 37.0810280999999975 -1.0444201000000000, 37.0812675000000027 -1.0445508999999999, 37.0816791000000023 -1.0433608999999999, 37.0816726999999986 -1.0433193999999999, 37.0813982999999965 -1.0432077000000000))
POLYGON ((24.3971328999999990 -21.0391414999999995, 24.3977502000000008 -21.0400233000000014, 24.3979096999999996 -21.0402823999999988, 24.3982923999999990 -21.0407663000000014, 24.3989565000000006 -21.0401693999999999, 24.3989344000000017 -21.0401303999999989, 24.3985252999999993 -21.0393578000000012, 24.3980123999999989 -21.0384732999999997, 24.3971328999999990 -21.0391414999999995))
POLYGON ((30.8120860999999984 -20.0351266999999993, 30.8123836000000004 -20.0356236000000010, 30.8126189000000004 -20.0354300000000016, 30.8128327999999989 -20.0353405000000002, 30.8136650000000003 -20.0348599999999983, 30.8135678000000013 -20.0346791000000017, 30.8120860999999984 -20.0351266999999993))
POLYGON ((44.5996884999999992 -19.9583696000000010, 44.5995638999999997 -19.9584240000000008, 44.6003398000000004 -19.9599976999999988, 44.6004643999999999 -19.9599434000000002, 44.5996884999999992 -19.9583696000000010))
POLYGON ((44.4300634000000016 -20.2182953999999988, 44.4298383000000001 -20.2184409000000009, 44.4298345999999995 -20.2196114000000016, 44.4297386000000003 -20.2209274000000008, 44.4299453000000000 -20.2209378000000015, 44.4300485999999992 -20.2196564000000016, 44.4300634000000016 -20.2182953999999988))
POLYGON ((30.9622098000000001 -17.8371700000000004, 30.9627638000000012 -17.8371755000000007, 30.9627653999999986 -17.8365137999999988, 30.9627559000000012 -17.8362163000000002, 30.9622185999999999 -17.8362178000000000, 30.9618007999999989 -17.8362178000000000, 30.9617259000000011 -17.8362391000000002, 30.9616587000000010 -17.8362805999999985, 30.9610778999999994 -17.8370798999999991, 30.9610644000000015 -17.8371227999999995, 30.9610689000000008 -17.8371613999999994, 30.9610959000000001 -17.8371914999999994, 30.9622098000000001 -17.8371700000000004))
POLYGON ((17.2406885000000010 -20.5155816999999985, 17.2406904999999995 -20.5159185999999991, 17.2409484999999982 -20.5159130999999988, 17.2409387000000009 -20.5155853999999991, 17.2406885000000010 -20.5155816999999985))
POLYGON ((30.9615392999999983 -17.8376219999999996, 30.9615365999999987 -17.8378620000000012, 30.9623814999999993 -17.8378543000000001, 30.9623680999999991 -17.8372415999999987, 30.9615231000000009 -17.8372470000000014, 30.9615392999999983 -17.8376219999999996))
POLYGON ((44.5031316999999973 -20.3318259999999995, 44.5030294999999967 -20.3315355999999987, 44.5021462999999997 -20.3313969000000014, 44.5021058999999966 -20.3316657999999997, 44.5031316999999973 -20.3318259999999995))
POLYGON ((35.7677521000000027 -8.4236255000000000, 35.7677023000000034 -8.4239726000000008, 35.7681788000000012 -8.4239528999999997, 35.7681627999999989 -8.4236117000000004, 35.7677521000000027 -8.4236255000000000))
POLYGON ((44.5418603000000033 -20.3417196000000011, 44.5418284000000000 -20.3418327000000012, 44.5429119000000000 -20.3421014000000007, 44.5429438000000033 -20.3419883000000006, 44.5418603000000033 -20.3417196000000011))
