POLYGON ((55.3251378000000003 -20.9370419000000005, 55.3252183000000031 -20.9375235999999987, 55.3258002000000033 -20.9378041000000010, 55.3267769999999999 -20.9379586000000018, 55.3263561999999993 -20.9375877999999993, 55.3263691000000009 -20.9375737000000015, 55.3264600999999985 -20.9374661999999994, 55.3264700000000005 -20.9370678000000012, 55.3257079999999988 -20.9364352999999994, 55.3251378000000003 -20.9370419000000005))
POLYGON ((55.7940250999999989 -21.1258279999999985, 55.7933583000000013 -21.1254984999999991, 55.7927291999999966 -21.1262788000000015, 55.7931882000000030 -21.1265317000000010, 55.7936560999999998 -21.1266670000000012, 55.7937293000000025 -21.1264773999999989, 55.7940250999999989 -21.1258279999999985))
POLYGON ((50.1616943000000006 -14.2611846999999994, 50.1612446999999975 -14.2615493000000004, 50.1612103000000005 -14.2614938000000002, 50.1611873000000017 -14.2615049000000003, 50.1610956000000030 -14.2613202999999995, 50.1607010000000031 -14.2614447999999996, 50.1611138999999966 -14.2624697999999999, 50.1618984999999995 -14.2620918000000003, 50.1621645999999970 -14.2619340000000001, 50.1616943000000006 -14.2611846999999994))
POLYGON ((55.6732954000000007 -21.3727361999999985, 55.6736080000000015 -21.3736621999999983, 55.6740720000000024 -21.3735375000000012, 55.6737638999999973 -21.3726072999999985, 55.6732954000000007 -21.3727361999999985))
POLYGON ((46.3033886999999993 -15.7115901000000004, 46.3031559000000001 -15.7122507000000002, 46.3043874000000031 -15.7126528000000008, 46.3046202000000022 -15.7119921999999992, 46.3033886999999993 -15.7115901000000004))
POLYGON ((55.5102891000000014 -20.9129706000000013, 55.5104387000000017 -20.9134181999999988, 55.5109088000000028 -20.9133278000000011, 55.5108292000000034 -20.9127994999999984, 55.5102891000000014 -20.9129706000000013))
POLYGON ((55.2889728000000034 -21.0369773000000002, 55.2886191999999994 -21.0379012000000003, 55.2892663000000013 -21.0380693000000001, 55.2893783999999968 -21.0376438000000014, 55.2895727000000008 -21.0377274999999990, 55.2897754999999975 -21.0372629000000018, 55.2889728000000034 -21.0369773000000002))
POLYGON ((55.4495677000000029 -4.6233003999999998, 55.4491218000000003 -4.6234351000000000, 55.4492523999999989 -4.6237953000000003, 55.4494710000000026 -4.6241949000000000, 55.4498202999999990 -4.6244823999999998, 55.4501300000000015 -4.6243885999999996, 55.4504427999999976 -4.6241525000000001, 55.4510227999999969 -4.6238861000000000, 55.4508830999999986 -4.6232322999999997, 55.4501543000000012 -4.6231777999999997, 55.4500359000000032 -4.6232595999999999, 55.4497746999999990 -4.6232262999999998, 55.4495677000000029 -4.6233003999999998))
POLYGON ((57.5751558999999986 -20.1085342000000011, 57.5754992000000030 -20.1086251999999988, 57.5754469000000029 -20.1087525000000014, 57.5757992999999999 -20.1089731000000000, 57.5759471000000005 -20.1087434000000016, 57.5761813000000018 -20.1088185000000017, 57.5761836000000002 -20.1086683999999991, 57.5763746000000012 -20.1087069999999990, 57.5765633999999977 -20.1079089000000018, 57.5760653999999974 -20.1078180000000017, 57.5758015999999984 -20.1080454000000017, 57.5755037999999999 -20.1082977999999990, 57.5751558999999986 -20.1085342000000011))
POLYGON ((57.6841446999999974 -20.0662239999999983, 57.6841343999999978 -20.0672533000000008, 57.6847054999999997 -20.0672731999999989, 57.6847623000000027 -20.0662337000000015, 57.6841446999999974 -20.0662239999999983))
POLYGON ((55.5549667000000014 -20.8964917999999997, 55.5546968000000021 -20.8974875000000004, 55.5554044000000005 -20.8976754999999983, 55.5555601000000010 -20.8976739000000009, 55.5560806000000014 -20.8976696000000004, 55.5562016000000014 -20.8976645000000012, 55.5565342000000015 -20.8976237000000005, 55.5563277999999983 -20.8973407000000009, 55.5562974999999994 -20.8973082000000012, 55.5561580999999975 -20.8971601000000007, 55.5560176999999982 -20.8969744999999989, 55.5559332999999995 -20.8967543000000013, 55.5549667000000014 -20.8964917999999997))
POLYGON ((55.2660599000000019 -21.0582144000000007, 55.2662687999999989 -21.0594198000000006, 55.2672061999999968 -21.0599163000000011, 55.2670102000000014 -21.0587069999999983, 55.2660599000000019 -21.0582144000000007))
POLYGON ((55.4696826999999999 -21.2916468999999999, 55.4699229000000003 -21.2920225999999992, 55.4702628000000004 -21.2917790999999994, 55.4702509000000035 -21.2917659000000015, 55.4702940000000027 -21.2917333999999983, 55.4703073000000018 -21.2917467000000009, 55.4708072999999970 -21.2913826999999998, 55.4705269999999970 -21.2910429000000008, 55.4696826999999999 -21.2916468999999999))
POLYGON ((48.3535364000000030 -21.2151707000000016, 48.3533047999999965 -21.2158455000000004, 48.3543254000000005 -21.2161234999999984, 48.3545212000000006 -21.2154002000000013, 48.3535364000000030 -21.2151707000000016))
POLYGON ((55.4619816000000014 -20.8803978000000008, 55.4618759999999966 -20.8805581999999994, 55.4617892999999995 -20.8806897999999990, 55.4617069999999970 -20.8808147999999996, 55.4633634999999998 -20.8819133999999984, 55.4639134000000027 -20.8822660999999989, 55.4645140000000012 -20.8826515000000015, 55.4650887000000026 -20.8830200999999995, 55.4656208000000035 -20.8833489000000014, 55.4664533999999989 -20.8837417999999992, 55.4666679999999985 -20.8832847000000008, 55.4663074999999992 -20.8831083000000000, 55.4659297999999978 -20.8829157999999993, 55.4654748999999967 -20.8826672000000002, 55.4648225999999980 -20.8822903000000011, 55.4641102000000004 -20.8816969000000014, 55.4635608999999974 -20.8811757000000000, 55.4631489000000002 -20.8810073000000003, 55.4624279000000016 -20.8807025000000017, 55.4619816000000014 -20.8803978000000008))
POLYGON ((55.6080772999999979 -21.3821988999999988, 55.6077768999999975 -21.3832340000000016, 55.6089075000000008 -21.3835084000000002, 55.6092040999999995 -21.3824891999999984, 55.6080772999999979 -21.3821988999999988))
POLYGON ((47.6451272999999986 -18.8925894999999997, 47.6456852000000026 -18.8921937000000000, 47.6460405999999992 -18.8919247000000006, 47.6462216999999981 -18.8917876000000007, 47.6465650000000025 -18.8912800999999995, 47.6467902999999993 -18.8908233000000010, 47.6469726999999992 -18.8902447000000002, 47.6471013999999968 -18.8897472999999998, 47.6471122000000022 -18.8893717000000017, 47.6469511999999966 -18.8891787999999998, 47.6466937000000001 -18.8891382000000014, 47.6465328000000028 -18.8892296000000002, 47.6465434999999999 -18.8894123000000000, 47.6463826000000026 -18.8897371000000014, 47.6461358000000033 -18.8898285000000001, 47.6457388999999978 -18.8897879000000017, 47.6453740999999980 -18.8902548000000010, 47.6449448999999987 -18.8906913000000003, 47.6446660000000008 -18.8911583000000007, 47.6445158000000006 -18.8917977999999991, 47.6447946999999985 -18.8922951999999995, 47.6451272999999986 -18.8925894999999997))
POLYGON ((55.4636349999999965 -20.9213556999999994, 55.4638332000000034 -20.9214808999999988, 55.4642617000000016 -20.9208920999999997, 55.4640721999999968 -20.9207600000000014, 55.4636349999999965 -20.9213556999999994))
POLYGON ((47.5534089000000009 -18.8738053999999984, 47.5534195999999980 -18.8745161000000010, 47.5530333999999968 -18.8749728999999995, 47.5530547999999982 -18.8753688000000004, 47.5530869999999979 -18.8755211000000003, 47.5531407000000002 -18.8757748999999997, 47.5530333999999968 -18.8760185000000007, 47.5529475000000019 -18.8761098999999994, 47.5530011999999971 -18.8767190000000014, 47.5530869999999979 -18.8769627000000000, 47.5532909000000004 -18.8770743000000003, 47.5534731999999991 -18.8771555999999983, 47.5535805000000025 -18.8773078000000005, 47.5536341999999976 -18.8774702999999988, 47.5538809000000029 -18.8776021999999983, 47.5541813000000033 -18.8776428000000003, 47.5543207999999993 -18.8778153999999994, 47.5543851999999987 -18.8781402999999983, 47.5542779000000024 -18.8786173999999995, 47.5545997999999983 -18.8787595000000010, 47.5548787000000033 -18.8787798000000002, 47.5550181999999992 -18.8786072000000011, 47.5550825999999986 -18.8782823999999998, 47.5550718000000003 -18.8780286000000004, 47.5544281000000026 -18.8771352000000014, 47.5541169999999980 -18.8768104000000001, 47.5532693999999978 -18.8761708000000006, 47.5535913000000008 -18.8756328000000018, 47.5538273000000018 -18.8751555999999994, 47.5541813000000033 -18.8746378999999997, 47.5542993999999979 -18.8743738999999984, 47.5539775000000020 -18.8741303000000009, 47.5534089000000009 -18.8738053999999984))
POLYGON ((55.4664660999999981 -21.1397806000000017, 55.4669154999999989 -21.1403268000000004, 55.4675058999999990 -21.1399192999999990, 55.4670506000000003 -21.1393690999999997, 55.4664660999999981 -21.1397806000000017))
POLYGON ((55.3360905999999986 -21.2056296000000017, 55.3364150000000024 -21.2061035000000011, 55.3366624000000016 -21.2062750999999992, 55.3368839999999977 -21.2056712999999988, 55.3363671999999980 -21.2052432000000017, 55.3360905999999986 -21.2056296000000017))
POLYGON ((47.4687655000000035 -18.9252912000000002, 47.4688164000000015 -18.9259090999999984, 47.4688860999999989 -18.9260105000000003, 47.4695772999999974 -18.9261590999999996, 47.4695666000000003 -18.9263316000000010, 47.4695237000000034 -18.9265650000000001, 47.4692661999999999 -18.9271333000000013, 47.4691181000000029 -18.9276216999999995, 47.4695436000000015 -18.9275555000000004, 47.4705074999999965 -18.9274060000000013, 47.4710114000000019 -18.9273899999999990, 47.4710747999999967 -18.9270558999999992, 47.4708119000000011 -18.9269695999999996, 47.4708441000000008 -18.9262693000000013, 47.4708066000000031 -18.9260765000000006, 47.4708284000000020 -18.9259285999999989, 47.4712146000000033 -18.9259692000000008, 47.4711767000000009 -18.9257771000000012, 47.4709890000000030 -18.9255436999999986, 47.4710371999999978 -18.9253813000000015, 47.4712195999999977 -18.9254168000000007, 47.4712679000000009 -18.9251530000000017, 47.4707425000000001 -18.9248933999999984, 47.4700824000000026 -18.9247216000000016, 47.4698892999999984 -18.9246607000000004, 47.4698302999999981 -18.9247520999999992, 47.4694976999999980 -18.9244984000000009, 47.4693528000000029 -18.9246860999999988, 47.4689826999999980 -18.9248687999999987, 47.4687655000000035 -18.9252912000000002))
POLYGON ((57.4614479999999972 -20.1851820000000011, 57.4617683999999969 -20.1854422000000007, 57.4622305999999980 -20.1857487000000013, 57.4625078999999985 -20.1858760000000004, 57.4633583000000030 -20.1863445000000006, 57.4634861999999984 -20.1848434999999995, 57.4626188000000013 -20.1843375000000016, 57.4614479999999972 -20.1851820000000011))
POLYGON ((57.4618007999999989 -20.1839592000000003, 57.4622767999999979 -20.1844442000000015, 57.4630317000000019 -20.1839037999999995, 57.4625847000000007 -20.1834111000000007, 57.4618007999999989 -20.1839592000000003))
POLYGON ((49.8496343999999993 -17.0061503999999992, 49.8493491999999989 -17.0061934999999984, 49.8494274000000033 -17.0065933999999999, 49.8495147000000003 -17.0068799000000013, 49.8498031999999967 -17.0067900999999999, 49.8499462999999992 -17.0064180000000000, 49.8496343999999993 -17.0061503999999992))
POLYGON ((55.3111058000000000 -20.9352218999999984, 55.3111326000000005 -20.9353875000000009, 55.3112046999999976 -20.9354981000000002, 55.3112864000000002 -20.9355666999999990, 55.3113720999999998 -20.9355997000000009, 55.3114415000000008 -20.9355946000000017, 55.3115286000000026 -20.9355629000000008, 55.3115736999999967 -20.9355201000000015, 55.3115883999999980 -20.9354687999999989, 55.3115735000000015 -20.9353684000000015, 55.3115041000000005 -20.9352884000000010, 55.3113924999999966 -20.9352362999999997, 55.3112563999999978 -20.9352185000000013, 55.3111058000000000 -20.9352218999999984))
POLYGON ((49.4044865999999985 -18.1589603000000004, 49.4046797000000026 -18.1592711000000016, 49.4048780999999977 -18.1595870999999995, 49.4075167000000022 -18.1580838000000000, 49.4073129000000009 -18.1577525999999985, 49.4071359000000001 -18.1574621000000000, 49.4044865999999985 -18.1589603000000004))
POLYGON ((55.4760841000000013 -21.0272876999999987, 55.4757340999999968 -21.0278759999999991, 55.4757344000000003 -21.0280923000000008, 55.4764302000000029 -21.0281111000000003, 55.4765384999999966 -21.0279430000000005, 55.4760841000000013 -21.0272876999999987))
POLYGON ((47.4992707999999979 -18.9762574000000015, 47.4993233000000004 -18.9765419999999985, 47.4993661999999972 -18.9768261000000003, 47.4993339999999975 -18.9770493000000009, 47.4991471000000018 -18.9776467999999987, 47.4994610999999978 -18.9776474999999998, 47.5002281000000011 -18.9774451999999982, 47.5004167000000024 -18.9771053000000016, 47.4998503999999997 -18.9762017000000007, 47.4992707999999979 -18.9762574000000015))
POLYGON ((55.3130578000000028 -20.9357331000000002, 55.3130598999999989 -20.9358184999999999, 55.3130877999999981 -20.9358949000000010, 55.3131628000000006 -20.9359569000000008, 55.3132791999999966 -20.9359848000000000, 55.3133957000000009 -20.9359865999999997, 55.3135351999999969 -20.9359469999999988, 55.3135838000000035 -20.9359105999999997, 55.3135534000000035 -20.9358211999999995, 55.3135043999999994 -20.9357466999999993, 55.3134274000000019 -20.9356864000000016, 55.3133109999999988 -20.9356262000000015, 55.3132013000000029 -20.9356182000000004, 55.3131349000000014 -20.9356432999999988, 55.3130578000000028 -20.9357331000000002))
POLYGON ((55.2953796999999980 -21.0642263999999990, 55.2951892000000029 -21.0646440999999989, 55.2960544999999968 -21.0650054000000004, 55.2962577999999993 -21.0645732000000017, 55.2953796999999980 -21.0642263999999990))
POLYGON ((47.4990772000000021 -18.9778699000000017, 47.4986895999999987 -18.9778015000000018, 47.4979377000000014 -18.9786745000000003, 47.4982100000000003 -18.9788752000000009, 47.4980738000000002 -18.9792138000000001, 47.4982651999999987 -18.9795246999999989, 47.4983682000000016 -18.9796918999999988, 47.4985318000000021 -18.9791466000000000, 47.4990228999999999 -18.9780435999999995, 47.4990772000000021 -18.9778699000000017))
POLYGON ((55.3128080999999980 -20.9358733999999984, 55.3127461999999994 -20.9359074999999990, 55.3126961999999978 -20.9359830000000002, 55.3126856000000018 -20.9360673999999989, 55.3127087000000017 -20.9361627000000006, 55.3127788999999979 -20.9362713999999990, 55.3128559000000024 -20.9363333999999988, 55.3129703999999975 -20.9363872999999998, 55.3130426000000028 -20.9364071000000003, 55.3130877999999981 -20.9363478000000001, 55.3131089000000031 -20.9362597000000008, 55.3131175999999982 -20.9361518999999987, 55.3131060999999988 -20.9360450000000000, 55.3130694999999974 -20.9359622999999999, 55.3129848000000024 -20.9358904000000017, 55.3129136000000017 -20.9358670999999994, 55.3128080999999980 -20.9358733999999984))
POLYGON ((55.3113872999999998 -20.9360056999999991, 55.3113159999999979 -20.9359724000000007, 55.3112246000000027 -20.9359615999999988, 55.3111322000000030 -20.9359786999999997, 55.3110715999999982 -20.9360172999999996, 55.3110282999999967 -20.9360748000000001, 55.3109850000000023 -20.9361566000000003, 55.3109522999999967 -20.9362689000000017, 55.3109436000000017 -20.9363579000000009, 55.3109552000000022 -20.9364890999999993, 55.3111303000000021 -20.9364747000000015, 55.3112361000000021 -20.9364397000000011, 55.3113535000000027 -20.9363704999999989, 55.3114324000000011 -20.9362823999999996, 55.3114660000000029 -20.9361791000000004, 55.3114496999999972 -20.9360973000000001, 55.3113872999999998 -20.9360056999999991))
POLYGON ((47.5478102000000007 -18.8446841999999997, 47.5475098000000003 -18.8446537999999997, 47.5472200999999970 -18.8446537999999997, 47.5469733999999988 -18.8449786999999986, 47.5468231999999986 -18.8453644999999987, 47.5467050999999969 -18.8457301000000008, 47.5468983000000023 -18.8458113000000012, 47.5469411999999991 -18.8456487999999993, 47.5472093999999998 -18.8456690999999985, 47.5474991000000031 -18.8455778000000009, 47.5477887999999993 -18.8457301000000008, 47.5476063999999994 -18.8459940999999986, 47.5474454000000009 -18.8459636000000010, 47.5472952000000006 -18.8460956000000017, 47.5475204999999974 -18.8463087999999992, 47.5477350999999970 -18.8463190000000012, 47.5478075999999987 -18.8462427000000012, 47.5479282000000012 -18.8461159000000009, 47.5479496999999967 -18.8458925000000015, 47.5481428000000008 -18.8461971000000013, 47.5482608000000013 -18.8463595999999995, 47.5481212999999983 -18.8464205000000007, 47.5482286000000016 -18.8468063000000008, 47.5486684999999980 -18.8476591999999989, 47.5490332999999978 -18.8473748999999984, 47.5490976999999972 -18.8470499999999994, 47.5492264000000020 -18.8468470000000003, 47.5491834999999980 -18.8463393000000003, 47.5492586000000017 -18.8461362000000001, 47.5495268000000024 -18.8461056999999990, 47.5497198999999995 -18.8457301000000008, 47.5494732000000013 -18.8456995999999997, 47.5493444000000025 -18.8458316000000003, 47.5491406000000012 -18.8457706999999992, 47.5488830999999976 -18.8462986999999984, 47.5485934000000015 -18.8462783999999992, 47.5485504999999975 -18.8460347000000006, 47.5484002999999973 -18.8456082000000009, 47.5479389999999995 -18.8457098000000016, 47.5478102000000007 -18.8446841999999997))
POLYGON ((47.5551821999999973 -18.8781430999999991, 47.5551661000000010 -18.8782598999999998, 47.5551652999999988 -18.8784227000000016, 47.5551499999999976 -18.8784856999999988, 47.5551071000000007 -18.8785668999999992, 47.5551391999999993 -18.8786608999999999, 47.5552733999999973 -18.8787421000000002, 47.5553833000000026 -18.8787954000000013, 47.5555147000000034 -18.8788435999999997, 47.5555979000000022 -18.8788385000000005, 47.5556273999999988 -18.8788054999999986, 47.5556139999999985 -18.8787218000000010, 47.5556345999999976 -18.8786078999999987, 47.5555737999999977 -18.8785339999999984, 47.5554987000000011 -18.8784680000000016, 47.5554155000000023 -18.8783868000000012, 47.5553485000000009 -18.8783181999999989, 47.5551821999999973 -18.8781430999999991))
POLYGON ((55.3122936999999979 -20.9361393999999983, 55.3122514000000010 -20.9361837000000008, 55.3122340999999977 -20.9362555999999991, 55.3122359999999986 -20.9363400999999989, 55.3123081999999968 -20.9364334999999997, 55.3124072999999967 -20.9365081000000011, 55.3124966999999970 -20.9365431999999991, 55.3126035000000016 -20.9365628999999984, 55.3127034999999978 -20.9365577000000016, 55.3127246999999969 -20.9364758000000002, 55.3127142000000021 -20.9363877000000009, 55.3126804999999990 -20.9362969999999997, 55.3126294999999999 -20.9362035000000013, 55.3125621000000010 -20.9361333999999992, 55.3124813000000017 -20.9360956999999992, 55.3123938000000024 -20.9360947999999993, 55.3122936999999979 -20.9361393999999983))
POLYGON ((55.3110290999999989 -20.9357822999999996, 55.3109869999999972 -20.9357255000000002, 55.3109352999999970 -20.9356848999999983, 55.3108632000000000 -20.9356620000000007, 55.3107625000000027 -20.9356682999999997, 55.3106632000000005 -20.9357243000000004, 55.3105829000000000 -20.9358018000000001, 55.3105080999999998 -20.9359059999999992, 55.3104915999999989 -20.9360147000000012, 55.3105775000000008 -20.9360648000000005, 55.3106932000000029 -20.9360749999999989, 55.3107952000000012 -20.9360737000000015, 55.3109040000000007 -20.9360521000000013, 55.3109883999999994 -20.9359999999999999, 55.3110386999999974 -20.9359314000000012, 55.3110509999999991 -20.9358539000000015, 55.3110290999999989 -20.9357822999999996))
POLYGON ((55.5433698000000007 -21.3178730999999999, 55.5430503999999985 -21.3181756000000000, 55.5434667000000033 -21.3186831999999988, 55.5436650999999983 -21.3182460999999996, 55.5433698000000007 -21.3178730999999999))
POLYGON ((55.3129082000000025 -20.9355468000000009, 55.3129887999999994 -20.9355544999999985, 55.3130763999999999 -20.9355328999999983, 55.3131407999999993 -20.9354979000000014, 55.3131822000000000 -20.9354340999999984, 55.3132140000000021 -20.9353289999999994, 55.3132159000000030 -20.9352382000000006, 55.3131995000000032 -20.9351474999999994, 55.3131591000000000 -20.9350845999999997, 55.3130628999999985 -20.9351142000000010, 55.3129801999999984 -20.9351546000000006, 55.3128936000000024 -20.9352148999999983, 55.3128387000000004 -20.9352786000000002, 55.3128098999999978 -20.9353532000000016, 55.3128108000000012 -20.9354377000000014, 55.3128455000000017 -20.9354942999999984, 55.3129082000000025 -20.9355468000000009))
POLYGON ((55.3134092999999964 -20.9354373000000002, 55.3134621999999965 -20.9354936000000009, 55.3135497999999970 -20.9355204999999991, 55.3136459999999985 -20.9355195999999992, 55.3137076000000008 -20.9354827999999991, 55.3137874000000025 -20.9354180999999997, 55.3138548000000014 -20.9353471000000013, 55.3138913000000016 -20.9352635000000014, 55.3139096000000023 -20.9351754999999997, 55.3139125000000007 -20.9350829000000012, 55.3137990000000030 -20.9350676000000000, 55.3136980000000023 -20.9350711999999994, 55.3136026999999970 -20.9350901000000000, 55.3135075000000001 -20.9351331999999992, 55.3134324000000035 -20.9351924999999994, 55.3133929999999978 -20.9352528000000007, 55.3133776000000026 -20.9353264000000010, 55.3133881999999986 -20.9353991999999991, 55.3134092999999964 -20.9354373000000002))
POLYGON ((47.5064293000000006 -18.9450317000000013, 47.5068155000000019 -18.9451737000000016, 47.5068261999999990 -18.9450722999999996, 47.5065151000000014 -18.9449505000000009, 47.5064293000000006 -18.9450317000000013))
POLYGON ((55.2662438999999992 -21.0831924999999991, 55.2668154999999999 -21.0833545999999998, 55.2671325000000024 -21.0827629999999999, 55.2671489000000022 -21.0827218999999992, 55.2673158999999998 -21.0823111999999995, 55.2668207999999979 -21.0821244999999990, 55.2667428000000029 -21.0821295000000006, 55.2662438999999992 -21.0831924999999991))
POLYGON ((55.6021531000000024 -20.9018590000000017, 55.6018971000000022 -20.9024007999999988, 55.6016621999999998 -20.9030038000000005, 55.6015469999999965 -20.9033458000000003, 55.6019622999999967 -20.9034821999999991, 55.6020247000000012 -20.9033687000000015, 55.6020875000000032 -20.9033933000000012, 55.6025095999999976 -20.9033586999999983, 55.6028115000000014 -20.9027786999999989, 55.6030360999999971 -20.9022508999999985, 55.6022139999999965 -20.9018550999999988, 55.6021531000000024 -20.9018590000000017))
POLYGON ((55.2211831999999987 -21.0488540999999998, 55.2214472000000001 -21.0494860000000017, 55.2217576999999977 -21.0493696999999997, 55.2217435000000023 -21.0493382000000011, 55.2214549999999988 -21.0487369999999991, 55.2211831999999987 -21.0488540999999998))
POLYGON ((47.4950212999999977 -18.9777594000000001, 47.4940580999999966 -18.9789475000000003, 47.4940689000000020 -18.9790489999999998, 47.4938620000000000 -18.9793193000000002, 47.4946885000000023 -18.9794435999999997, 47.4952463999999992 -18.9795754999999993, 47.4955682000000010 -18.9795857000000012, 47.4959319000000022 -18.9796799999999983, 47.4960359000000025 -18.9794918000000017, 47.4957569000000035 -18.9790454000000004, 47.4956642000000002 -18.9787107000000006, 47.4955260999999993 -18.9783259999999991, 47.4954279999999969 -18.9782067999999988, 47.4954772999999975 -18.9780434999999983, 47.4954815999999980 -18.9779245000000003, 47.4955117000000016 -18.9778504999999988, 47.4950212999999977 -18.9777594000000001))
POLYGON ((55.5380602999999979 -21.0279917999999988, 55.5380541999999977 -21.0280036000000017, 55.5380520000000004 -21.0280087999999985, 55.5380529999999979 -21.0280141000000000, 55.5380587000000006 -21.0280270999999992, 55.5381073000000001 -21.0281005000000007, 55.5381185999999971 -21.0281327000000005, 55.5381168999999986 -21.0281440000000011, 55.5381128000000004 -21.0281917999999983, 55.5380664999999993 -21.0283420999999997, 55.5379724000000010 -21.0284638999999984, 55.5379576999999998 -21.0284891999999992, 55.5379475000000014 -21.0285143000000012, 55.5379421000000022 -21.0285407999999983, 55.5379031000000012 -21.0288256999999987, 55.5378819000000021 -21.0289107000000008, 55.5379780999999966 -21.0289822999999991, 55.5380097000000035 -21.0289031000000008, 55.5380469999999988 -21.0288235999999991, 55.5380669999999981 -21.0287953999999999, 55.5381539999999987 -21.0287189999999988, 55.5382524999999987 -21.0286524999999997, 55.5383263000000014 -21.0286237000000007, 55.5383980000000008 -21.0286423000000013, 55.5384389000000027 -21.0286429000000012, 55.5384558000000013 -21.0286360999999999, 55.5384932999999990 -21.0286025000000016, 55.5385235999999978 -21.0285566999999993, 55.5385375999999980 -21.0285298999999988, 55.5385403000000011 -21.0285042000000004, 55.5384999999999991 -21.0283569999999997, 55.5385013000000001 -21.0282954999999987, 55.5385218999999992 -21.0282373999999983, 55.5385259000000033 -21.0281923000000006, 55.5385261999999997 -21.0281617999999995, 55.5385223999999980 -21.0281310999999995, 55.5384645999999975 -21.0280071000000000, 55.5384548999999978 -21.0279685000000001, 55.5384343999999999 -21.0279443000000015, 55.5384231999999969 -21.0279373000000014, 55.5384097999999966 -21.0279345000000006, 55.5383824000000033 -21.0279367999999991, 55.5382807000000014 -21.0279473000000010, 55.5382078000000021 -21.0279488000000008, 55.5381493000000006 -21.0279465999999999, 55.5380983000000015 -21.0279364000000015, 55.5380602999999979 -21.0279917999999988))
POLYGON ((55.3087266000000000 -21.2171601999999986, 55.3081795000000014 -21.2176203000000001, 55.3087051999999986 -21.2181403999999993, 55.3092522999999971 -21.2176302999999997, 55.3087266000000000 -21.2171601999999986))
POLYGON ((48.0004586000000018 -14.8948277999999998, 47.9999224000000027 -14.8957563000000004, 47.9998306000000028 -14.8962444000000005, 47.9998294000000030 -14.8967302000000004, 48.0013778000000002 -14.8968477999999998, 48.0012997999999982 -14.8947944000000003, 48.0004586000000018 -14.8948277999999998))
POLYGON ((55.5252820999999983 -21.2871768999999986, 55.5256119000000012 -21.2876556000000008, 55.5261063000000021 -21.2874164999999991, 55.5263112000000021 -21.2873869000000013, 55.5267592000000008 -21.2874608999999992, 55.5270782999999994 -21.2872331999999993, 55.5269410000000008 -21.2869847999999990, 55.5266652999999977 -21.2870063999999992, 55.5264195000000029 -21.2869875999999998, 55.5258871999999997 -21.2868834000000007, 55.5258103999999975 -21.2868938000000014, 55.5252820999999983 -21.2871768999999986))
POLYGON ((57.3656910999999994 -20.2831362999999989, 57.3669212000000002 -20.2804767000000012, 57.3668224999999978 -20.2803435999999984, 57.3664206999999990 -20.2801472999999994, 57.3651762000000005 -20.2828946999999999, 57.3656910999999994 -20.2831362999999989))
POLYGON ((63.4275122000000025 -19.6780721999999990, 63.4267141999999993 -19.6786552999999991, 63.4268928999999986 -19.6788641999999996, 63.4276786000000001 -19.6782491999999998, 63.4275122000000025 -19.6780721999999990))
POLYGON ((55.4615346000000002 -4.6395483999999998, 55.4619166000000021 -4.6392730999999996, 55.4620560999999981 -4.6392034999999998, 55.4623778999999999 -4.6392650000000000, 55.4624336999999983 -4.6392810999999998, 55.4624874000000005 -4.6392141999999996, 55.4625838999999985 -4.6391954999999996, 55.4627963000000008 -4.6391340000000003, 55.4627373000000006 -4.6389602999999999, 55.4626943999999966 -4.6386849000000003, 55.4626514999999998 -4.6380941000000000, 55.4626783000000003 -4.6378560999999996, 55.4626268000000024 -4.6378266999999997, 55.4625709999999970 -4.6376182000000004, 55.4625818000000024 -4.6373829000000004, 55.4628500000000031 -4.6373749000000002, 55.4629508000000015 -4.6371691000000004, 55.4630506000000025 -4.6371744000000001, 55.4629894999999991 -4.6367305999999999, 55.4637663000000032 -4.6365046999999997, 55.4637762999999993 -4.6362633999999998, 55.4638126999999983 -4.6361312999999997, 55.4638761000000002 -4.6358188000000000, 55.4638907000000003 -4.6357331999999998, 55.4638867999999974 -4.6356171000000002, 55.4638617999999965 -4.6355374999999999, 55.4634422000000029 -4.6356932999999998, 55.4633113000000009 -4.6354259999999998, 55.4623050000000006 -4.6357495000000002, 55.4621226000000007 -4.6357976000000001, 55.4620582000000013 -4.6357682000000002, 55.4619315999999998 -4.6356212000000001, 55.4618222000000003 -4.6357201000000003, 55.4615808000000001 -4.6358404000000002, 55.4614896000000002 -4.6359019000000004, 55.4614685000000023 -4.6359249000000000, 55.4614584999999991 -4.6359554000000003, 55.4616844999999969 -4.6363101999999996, 55.4610282000000012 -4.6367947999999997, 55.4608618999999976 -4.6369417999999998, 55.4608373000000014 -4.6370595000000003, 55.4609188000000017 -4.6372653000000001, 55.4610551000000029 -4.6376850000000003, 55.4613232999999966 -4.6382785000000002, 55.4613715999999997 -4.6385164999999997, 55.4613737000000029 -4.6386288000000002, 55.4613350999999994 -4.6387650999999996, 55.4612643000000034 -4.6388639999999999, 55.4611891999999997 -4.6389655999999997, 55.4612600000000029 -4.6390592000000002, 55.4612620999999990 -4.6391207000000003, 55.4612320999999966 -4.6393291999999997, 55.4610904999999974 -4.6394789000000003, 55.4612568000000010 -4.6397142000000002, 55.4615346000000002 -4.6395483999999998))
POLYGON ((55.6689514999999986 -20.9922314999999990, 55.6689709999999991 -20.9921690000000005, 55.6689891999999986 -20.9920958000000013, 55.6690011999999967 -20.9920477000000005, 55.6690149000000005 -20.9919930000000008, 55.6694030999999967 -20.9904375999999999, 55.6688465000000008 -20.9903151000000001, 55.6686983000000026 -20.9909107000000006, 55.6685232000000028 -20.9916137999999997, 55.6684073999999995 -20.9920787000000004, 55.6686608999999990 -20.9921550000000003, 55.6689514999999986 -20.9922314999999990))
POLYGON ((55.6481281000000010 -20.9598878000000006, 55.6485065999999975 -20.9599577000000004, 55.6490414000000015 -20.9602180000000011, 55.6491570000000024 -20.9603195999999983, 55.6497984000000017 -20.9605840999999984, 55.6498075000000014 -20.9605704000000017, 55.6498301000000026 -20.9605819999999987, 55.6498834000000002 -20.9605767000000007, 55.6500091999999995 -20.9603417999999984, 55.6499718000000030 -20.9602803999999985, 55.6499967000000026 -20.9602137000000006, 55.6500673000000035 -20.9601730999999987, 55.6500656999999990 -20.9599487000000018, 55.6499445999999978 -20.9592740999999982, 55.6496502999999976 -20.9593127000000017, 55.6495559999999969 -20.9593254999999985, 55.6494872000000029 -20.9593229000000001, 55.6487770000000026 -20.9589904999999987, 55.6485253999999969 -20.9588678000000002, 55.6483747999999991 -20.9592628000000012, 55.6481281000000010 -20.9598878000000006))
POLYGON ((55.2934920000000005 -21.1367562000000007, 55.2938990000000032 -21.1368836999999985, 55.2940752000000018 -21.1363963999999989, 55.2937713999999971 -21.1363170999999994, 55.2936316999999988 -21.1364218999999984, 55.2934920000000005 -21.1367562000000007))
POLYGON ((55.7452297000000030 -21.0799355999999989, 55.7455286000000001 -21.0802471999999987, 55.7455645000000004 -21.0802876999999995, 55.7457781999999966 -21.0805022000000015, 55.7456057999999999 -21.0806587999999984, 55.7456528000000020 -21.0807035999999997, 55.7458270999999996 -21.0805469999999993, 55.7458949000000032 -21.0806126999999996, 55.7460366999999977 -21.0807521999999992, 55.7460421999999980 -21.0807569000000008, 55.7463121999999984 -21.0805073000000007, 55.7460669999999965 -21.0802927000000011, 55.7458284000000006 -21.0800732000000011, 55.7456444000000033 -21.0798656999999992, 55.7455045000000027 -21.0797056000000005, 55.7454166999999998 -21.0797829000000014, 55.7453574999999972 -21.0798328999999995, 55.7452297000000030 -21.0799355999999989))
POLYGON ((55.4954402999999985 -20.9274513000000013, 55.4953623999999976 -20.9275966000000011, 55.4953416999999973 -20.9276455000000006, 55.4952858999999989 -20.9278332999999996, 55.4959052000000028 -20.9279799000000004, 55.4959623000000022 -20.9274793999999993, 55.4956752000000009 -20.9274625000000007, 55.4956703000000005 -20.9274699999999996, 55.4956012000000030 -20.9274534999999986, 55.4955847000000020 -20.9274994999999997, 55.4954402999999985 -20.9274513000000013))
POLYGON ((48.5319392999999977 -15.2555867000000003, 48.5320673000000014 -15.2552269999999996, 48.5318909000000005 -15.2550678000000008, 48.5315749999999966 -15.2551281999999997, 48.5312847000000005 -15.2554659000000008, 48.5311310000000020 -15.2558503000000005, 48.5311793999999992 -15.2561633000000008, 48.5312703999999968 -15.2564516000000001, 48.5313785999999965 -15.2566795000000006, 48.5314782000000022 -15.2567125000000008, 48.5316147999999998 -15.2566191000000000, 48.5317372000000020 -15.2563747000000003, 48.5317372000000020 -15.2561467999999998, 48.5318196999999998 -15.2559298999999999, 48.5318880000000021 -15.2558448000000002, 48.5319392999999977 -15.2555867000000003))
POLYGON ((55.6730818999999997 -20.9883667000000003, 55.6733291999999977 -20.9888580000000005, 55.6740245000000016 -20.9885476000000004, 55.6739136999999999 -20.9882267999999996, 55.6734621000000018 -20.9881835000000017, 55.6730818999999997 -20.9883667000000003))
POLYGON ((55.4238634000000019 -21.0760869000000000, 55.4237539000000012 -21.0763396999999983, 55.4240455999999995 -21.0764503000000012, 55.4241549999999989 -21.0762003000000000, 55.4238634000000019 -21.0760869000000000))
POLYGON ((55.7098130999999981 -21.0299550999999987, 55.7111044999999976 -21.0305630999999984, 55.7119442999999990 -21.0311954999999990, 55.7122804999999985 -21.0304983999999990, 55.7123960999999994 -21.0302723000000000, 55.7111348000000035 -21.0296367000000011, 55.7109816999999978 -21.0298358999999984, 55.7101187999999965 -21.0294118999999995, 55.7098130999999981 -21.0299550999999987))
POLYGON ((55.3962912000000003 -21.2937678999999989, 55.3981885000000034 -21.2955554999999990, 55.3984537999999986 -21.2958938999999994, 55.3986723000000012 -21.2956277000000007, 55.3986988999999994 -21.2955185000000000, 55.3985270000000014 -21.2952031999999996, 55.3980353999999977 -21.2947415999999983, 55.3980215999999999 -21.2947288999999991, 55.3979394999999997 -21.2946525999999992, 55.3966526999999971 -21.2934419999999989, 55.3962912000000003 -21.2937678999999989))
POLYGON ((55.4977743000000032 -20.8867821000000013, 55.4978370999999981 -20.8870474000000002, 55.4979079000000013 -20.8873016000000007, 55.4980440000000002 -20.8877188999999994, 55.4982015000000004 -20.8881319000000012, 55.4984792999999996 -20.8887229999999988, 55.5002390000000005 -20.8883533999999997, 55.5001219999999975 -20.8878766999999996, 55.4999247000000011 -20.8873138000000012, 55.4998250000000013 -20.8871192000000008, 55.4996719999999968 -20.8868739999999988, 55.4994905000000003 -20.8866484999999997, 55.4993172000000001 -20.8864902999999984, 55.4977743000000032 -20.8867821000000013))
POLYGON ((55.3295827999999972 -21.2474649999999983, 55.3294649999999990 -21.2473689999999991, 55.3292544999999976 -21.2476030000000016, 55.3292281000000017 -21.2476680000000009, 55.3292204999999981 -21.2478531000000004, 55.3293272000000016 -21.2480273000000004, 55.3292738999999969 -21.2480806999999992, 55.3293847999999997 -21.2481739999999988, 55.3294341000000003 -21.2481250000000017, 55.3296159000000003 -21.2481939000000004, 55.3298507000000015 -21.2481316000000007, 55.3299499000000026 -21.2480572999999993, 55.3305750999999972 -21.2473862000000011, 55.3305553000000003 -21.2473688000000003, 55.3307982999999979 -21.2470886000000014, 55.3303219000000013 -21.2467027000000002, 55.3300678000000019 -21.2469785000000009, 55.3300509999999974 -21.2469634999999997, 55.3295827999999972 -21.2474649999999983))
POLYGON ((48.0108883999999989 -22.1695072000000017, 48.0104286999999985 -22.1706180999999987, 48.0110275999999985 -22.1708421000000016, 48.0111287000000004 -22.1708604999999999, 48.0111983999999978 -22.1706457000000015, 48.0113683000000009 -22.1703149999999987, 48.0116360000000029 -22.1697790999999995, 48.0114048000000011 -22.1696956000000007, 48.0108883999999989 -22.1695072000000017))
POLYGON ((47.5392684999999986 -18.8948108999999995, 47.5386462000000023 -18.8949427999999990, 47.5388286000000022 -18.8953082999999999, 47.5389252000000013 -18.8955112999999990, 47.5389574000000010 -18.8960188000000002, 47.5385282000000018 -18.8962320000000012, 47.5383350999999976 -18.8963943999999984, 47.5382814000000025 -18.8966786000000013, 47.5384102000000013 -18.8968206999999992, 47.5385242999999988 -18.8969658000000003, 47.5384814000000020 -18.8975138999999999, 47.5384705999999966 -18.8977575000000009, 47.5388286000000022 -18.8978053000000017, 47.5393933000000004 -18.8978590000000004, 47.5397298000000035 -18.8976429000000010, 47.5398376999999996 -18.8975228999999985, 47.5401375000000002 -18.8974094999999984, 47.5404278000000033 -18.8973705999999986, 47.5408569000000014 -18.8973502999999994, 47.5412324999999996 -18.8972589000000006, 47.5414255999999966 -18.8971675999999995, 47.5417367000000013 -18.8962539999999990, 47.5419681999999995 -18.8955446999999985, 47.5422833000000011 -18.8947906000000003, 47.5416287999999980 -18.8946688000000016, 47.5395694999999989 -18.8947719999999997, 47.5392684999999986 -18.8948108999999995))
POLYGON ((55.4332758999999982 -20.9262547000000012, 55.4331359999999975 -20.9267442000000017, 55.4334630000000033 -20.9266481000000013, 55.4335355999999990 -20.9263936000000008, 55.4332758999999982 -20.9262547000000012))
POLYGON ((55.3339228000000034 -20.9945404000000018, 55.3346361999999985 -20.9951816999999998, 55.3349423000000016 -20.9954569000000006, 55.3353712999999985 -20.9950359999999989, 55.3350652000000025 -20.9947608000000017, 55.3343518000000003 -20.9941193999999989, 55.3339228000000034 -20.9945404000000018))
POLYGON ((55.5198766999999975 -21.3556641999999997, 55.5196109999999976 -21.3562455000000000, 55.5200019999999981 -21.3564065999999997, 55.5202420000000032 -21.3558066000000011, 55.5198766999999975 -21.3556641999999997))
POLYGON ((55.2865822999999992 -21.1888730000000010, 55.2866252000000031 -21.1899334000000010, 55.2867406000000017 -21.1899408999999999, 55.2867432999999977 -21.1901034999999993, 55.2872152999999997 -21.1900635000000008, 55.2871402000000032 -21.1888429999999985, 55.2865822999999992 -21.1888730000000010))
POLYGON ((55.7684366000000011 -21.3593632999999983, 55.7685148999999996 -21.3595423000000011, 55.7690428000000011 -21.3593395999999984, 55.7690715000000026 -21.3594439999999999, 55.7691796000000011 -21.3594208999999999, 55.7691923000000003 -21.3594630000000016, 55.7698950999999994 -21.3592526000000014, 55.7698329999999984 -21.3591240999999989, 55.7695630999999992 -21.3591966999999983, 55.7693737000000027 -21.3587966000000016, 55.7689364000000012 -21.3590319999999991, 55.7686209000000019 -21.3591586999999983, 55.7686465999999967 -21.3592313999999988, 55.7685717999999966 -21.3592602000000014, 55.7685910000000007 -21.3593040999999992, 55.7684366000000011 -21.3593632999999983))
POLYGON ((55.4806975999999992 -4.7516243999999999, 55.4807181999999983 -4.7516539000000000, 55.4807452000000012 -4.7516306999999998, 55.4807214000000002 -4.7516053999999999, 55.4806975999999992 -4.7516243999999999))
POLYGON ((55.5067102000000006 -4.7781234000000001, 55.5061851000000033 -4.7781412999999997, 55.5064696999999967 -4.7786906000000000, 55.5066240000000022 -4.7788104000000002, 55.5067102000000006 -4.7786207000000003, 55.5067102000000006 -4.7781234000000001))
POLYGON ((49.8478410000000025 -17.0117349000000004, 49.8469774000000001 -17.0122940999999983, 49.8472616999999971 -17.0126993000000013, 49.8480716999999984 -17.0122171000000009, 49.8478410000000025 -17.0117349000000004))
POLYGON ((55.4834638999999967 -20.8864680999999983, 55.4834699999999970 -20.8867079999999987, 55.4835222999999971 -20.8870980000000017, 55.4829257999999967 -20.8872165000000010, 55.4830518999999995 -20.8877799999999993, 55.4836668000000017 -20.8876615000000001, 55.4836589000000018 -20.8876387000000001, 55.4843740000000025 -20.8875084000000015, 55.4842940999999996 -20.8865200999999985, 55.4834638999999967 -20.8864680999999983))
POLYGON ((55.5157531999999989 -21.0627063999999997, 55.5157670999999979 -21.0627330000000015, 55.5160468999999992 -21.0630510000000015, 55.5164728999999966 -21.0627402000000004, 55.5160235999999969 -21.0621255000000005, 55.5159875000000014 -21.0621526999999986, 55.5157670999999979 -21.0621864000000016, 55.5157720999999995 -21.0622219999999984, 55.5157848999999999 -21.0622475999999992, 55.5157986999999977 -21.0622751999999984, 55.5158243999999996 -21.0623070000000006, 55.5158339999999981 -21.0623234000000004, 55.5158415000000005 -21.0623377000000005, 55.5158466999999973 -21.0623600999999994, 55.5158452000000011 -21.0623937000000012, 55.5158309999999986 -21.0625217999999990, 55.5157831000000002 -21.0626436000000012, 55.5157531999999989 -21.0627063999999997))
POLYGON ((55.5275737999999990 -21.2864755999999993, 55.5265115999999992 -21.2887543999999984, 55.5271231999999983 -21.2890642999999997, 55.5282282000000009 -21.2866655000000016, 55.5275737999999990 -21.2864755999999993))
POLYGON ((55.3761324000000030 -20.9772944000000017, 55.3758685999999969 -20.9775263000000010, 55.3762066999999973 -20.9778656999999988, 55.3764705000000035 -20.9776337999999996, 55.3761324000000030 -20.9772944000000017))
POLYGON ((55.5257821000000007 -21.2866855000000008, 55.5258141999999992 -21.2867855000000006, 55.5264793999999995 -21.2869050000000009, 55.5268441999999993 -21.2869050000000009, 55.5272626000000002 -21.2866755000000012, 55.5277776000000003 -21.2857458000000008, 55.5276702999999969 -21.2855759000000013, 55.5275914999999998 -21.2855589000000016, 55.5272482000000025 -21.2858188000000013, 55.5257821000000007 -21.2866855000000008))
POLYGON ((48.2584309000000005 -13.3631293000000007, 48.2585162000000025 -13.3625488000000008, 48.2575823000000028 -13.3629830999999992, 48.2575286000000006 -13.3633693000000005, 48.2584309000000005 -13.3631293000000007))
POLYGON ((55.4008388999999966 -20.9062154999999983, 55.4004120000000029 -20.9062212000000009, 55.4004570999999970 -20.9066994999999984, 55.4008717999999973 -20.9066717000000004, 55.4008388999999966 -20.9062154999999983))
POLYGON ((57.6979039000000000 -20.3999661000000003, 57.6978797000000014 -20.4000214000000000, 57.6979897000000008 -20.4006851000000005, 57.6983705999999970 -20.4006624999999993, 57.6984375999999983 -20.4013387000000002, 57.6986495000000019 -20.4013060999999993, 57.6987219999999965 -20.4016857000000016, 57.6987595000000013 -20.4016781000000016, 57.6987701999999985 -20.4018516000000005, 57.6988533999999973 -20.4018389999999989, 57.6989445999999973 -20.4022362000000008, 57.6991993999999977 -20.4021858999999992, 57.6991859999999974 -20.4019948999999983, 57.6992423000000016 -20.4015599999999999, 57.6993979000000010 -20.4014291999999990, 57.6993335000000016 -20.4009490999999983, 57.6993987000000033 -20.4005630999999994, 57.6995140000000006 -20.4004927000000009, 57.6994986999999995 -20.3998570000000008, 57.6987515000000002 -20.3999561000000007, 57.6987327000000008 -20.3998428999999994, 57.6979629000000003 -20.3999434999999991, 57.6979039000000000 -20.3999661000000003))
POLYGON ((55.4789330999999990 -4.7504406000000001, 55.4788884000000024 -4.7509271000000002, 55.4796069000000003 -4.7509750999999998, 55.4796344000000019 -4.7505433999999997, 55.4789330999999990 -4.7504406000000001))
POLYGON ((55.4903825000000026 -21.2399819000000001, 55.4907538000000002 -21.2404902000000000, 55.4913668000000015 -21.2403943999999996, 55.4912868999999986 -21.2402796000000009, 55.4910659999999964 -21.2399780999999983, 55.4910274000000001 -21.2399410000000017, 55.4909736999999978 -21.2399167999999996, 55.4909035000000017 -21.2399039999999992, 55.4908417999999983 -21.2399090999999984, 55.4903825000000026 -21.2399819000000001))
POLYGON ((55.2611976000000027 -21.0149149000000008, 55.2608515000000011 -21.0142807000000005, 55.2593109999999967 -21.0148745999999988, 55.2592800999999980 -21.0151274999999984, 55.2592748000000000 -21.0153675000000000, 55.2593071000000009 -21.0155357000000009, 55.2600247999999965 -21.0152822999999991, 55.2606127999999970 -21.0150979999999983, 55.2611976000000027 -21.0149149000000008))
POLYGON ((49.2962812000000028 -12.2922446000000001, 49.2962783999999985 -12.2924737999999998, 49.2965451999999971 -12.2924638999999996, 49.2965713999999977 -12.2928178999999993, 49.2966282000000007 -12.2928309999999996, 49.2967349999999982 -12.2928282000000006, 49.2967591999999968 -12.2931734000000006, 49.2974834999999985 -12.2931568000000002, 49.2974336999999991 -12.2927716999999994, 49.2974008999999995 -12.2925880999999997, 49.2973496999999981 -12.2924170999999998, 49.2972571999999971 -12.2921654999999994, 49.2971548000000013 -12.2918901999999992, 49.2967706000000021 -12.2920236999999997, 49.2966952000000020 -12.2917456000000005, 49.2970565999999977 -12.2916232999999995, 49.2969385000000031 -12.2912938000000000, 49.2967421999999971 -12.2907390999999997, 49.2966582000000031 -12.2905110999999998, 49.2965060000000008 -12.2900981999999992, 49.2964290999999974 -12.2898910000000008, 49.2962668999999991 -12.2894363999999996, 49.2961588000000006 -12.2891472000000004, 49.2960720000000023 -12.2889192000000005, 49.2958698999999996 -12.2883492000000007, 49.2956124000000031 -12.2876081999999993, 49.2955127999999974 -12.2875887000000006, 49.2954415999999966 -12.2878918000000006, 49.2953291999999976 -12.2883213999999992, 49.2952153999999965 -12.2888190999999996, 49.2951712999999998 -12.2889748000000001, 49.2951128999999995 -12.2892291999999994, 49.2950118999999987 -12.2896740999999992, 49.2949379000000008 -12.2899828000000007, 49.2948695999999984 -12.2902524999999994, 49.2948268999999968 -12.2904429999999998, 49.2947174000000032 -12.2908863999999998, 49.2944839999999971 -12.2910824999999999, 49.2944688999999983 -12.2911365000000004, 49.2943479999999994 -12.2916238000000000, 49.2943221000000023 -12.2917389999999997, 49.2942648000000005 -12.2919710000000002, 49.2941943000000009 -12.2922414000000000, 49.2944458999999995 -12.2922433000000009, 49.2950962000000033 -12.2922332999999995, 49.2959983000000008 -12.2922388999999992, 49.2962812000000028 -12.2922446000000001))
POLYGON ((55.6364438000000021 -21.1257391000000005, 55.6356804999999994 -21.1263003000000005, 55.6359800999999976 -21.1267232000000007, 55.6368986000000021 -21.1263308999999992, 55.6365860000000012 -21.1259897000000016, 55.6366415000000032 -21.1259604000000003, 55.6364438000000021 -21.1257391000000005))
POLYGON ((55.2950000000000017 -21.1095472999999991, 55.2951627999999999 -21.1100047000000011, 55.2961122999999972 -21.1097053999999993, 55.2959305999999984 -21.1092866999999984, 55.2950000000000017 -21.1095472999999991))
POLYGON ((45.2106617000000028 -12.8036945000000006, 45.2104337000000029 -12.8036370000000002, 45.2101680999999971 -12.8039377000000005, 45.2099241000000021 -12.8041914000000006, 45.2097443999999982 -12.8046021000000003, 45.2097497000000033 -12.8051931999999997, 45.2100340000000003 -12.8050964000000000, 45.2103210000000004 -12.8049289999999996, 45.2106617000000028 -12.8036945000000006))
POLYGON ((48.2694775000000007 -13.3969121999999992, 48.2693137999999990 -13.3965522999999997, 48.2690589999999986 -13.3959392000000008, 48.2687291000000016 -13.3957251999999993, 48.2680611999999982 -13.3957305000000009, 48.2674047000000002 -13.3961234999999999, 48.2674073000000021 -13.3962897999999999, 48.2674717000000015 -13.3967281000000007, 48.2678629999999984 -13.3971692999999998, 48.2684475000000006 -13.3971444999999996, 48.2691025000000025 -13.3970620999999994, 48.2694775000000007 -13.3969121999999992))
POLYGON ((55.3707179000000025 -21.2695629000000004, 55.3700012999999984 -21.2702516999999993, 55.3710055000000025 -21.2711261000000000, 55.3717285000000032 -21.2704141000000000, 55.3708172999999988 -21.2695794000000014, 55.3707179000000025 -21.2695629000000004))
POLYGON ((45.1945362000000017 -12.8484210999999995, 45.1945228000000014 -12.8479974000000006, 45.1944263000000035 -12.8480079000000007, 45.1940320000000000 -12.8481909999999999, 45.1940668000000016 -12.8486537999999992, 45.1943592000000010 -12.8486197999999998, 45.1944826000000006 -12.8485648999999995, 45.1945362000000017 -12.8484210999999995))
POLYGON ((55.4729195999999973 -21.2545020999999998, 55.4732234000000020 -21.2542918999999983, 55.4731834000000035 -21.2542562000000004, 55.4732835000000009 -21.2541629999999984, 55.4728449999999995 -21.2537883000000001, 55.4728394999999992 -21.2538882999999998, 55.4728141000000008 -21.2540070000000014, 55.4727631000000017 -21.2541325000000008, 55.4726666999999978 -21.2542426999999989, 55.4726939000000030 -21.2542706000000017, 55.4729195999999973 -21.2545020999999998))
POLYGON ((55.2822677999999996 -20.9967623000000003, 55.2831744000000000 -20.9943713999999986, 55.2820014999999998 -20.9939873000000006, 55.2811041000000003 -20.9963601000000004, 55.2822677999999996 -20.9967623000000003))
POLYGON ((55.4356432000000012 -21.2652584000000004, 55.4355951000000005 -21.2653609000000010, 55.4355882999999992 -21.2653913000000010, 55.4355903000000012 -21.2654230999999996, 55.4356960000000001 -21.2657892000000004, 55.4357638999999978 -21.2660240999999992, 55.4358162999999990 -21.2660415000000000, 55.4359748999999979 -21.2665502999999987, 55.4360271999999981 -21.2667181999999997, 55.4366812999999965 -21.2665770000000016, 55.4366885000000025 -21.2664259999999992, 55.4367213000000021 -21.2663584000000014, 55.4368310999999991 -21.2663991999999986, 55.4369608000000014 -21.2664395000000006, 55.4369651000000019 -21.2663660000000014, 55.4369719999999973 -21.2663012000000009, 55.4370004000000023 -21.2662319999999987, 55.4370303999999976 -21.2661408999999999, 55.4371964999999989 -21.2658811999999990, 55.4368914000000004 -21.2657589000000016, 55.4356432000000012 -21.2652584000000004))
POLYGON ((49.2971257000000023 -12.2875203000000006, 49.2965383000000017 -12.2877457000000003, 49.2967395000000010 -12.2882330999999994, 49.2973081000000022 -12.2879579999999997, 49.2971257000000023 -12.2875203000000006))
POLYGON ((55.4616097999999980 -4.6350501000000000, 55.4616259000000014 -4.6354670999999996, 55.4617975000000030 -4.6357290999999998, 55.4620238999999984 -4.6354981999999998, 55.4624698000000009 -4.6349875999999997, 55.4625789999999981 -4.6347696000000003, 55.4624755999999977 -4.6347212999999998, 55.4622158999999968 -4.6344779999999997, 55.4621515999999986 -4.6344538999999996, 55.4618189999999984 -4.6347345999999998, 55.4616097999999980 -4.6350501000000000))
POLYGON ((47.9941474999999969 -14.8873405000000005, 47.9943164999999965 -14.8874092000000005, 47.9945954000000015 -14.8874610000000001, 47.9950393000000020 -14.8862918999999998, 47.9945042000000015 -14.8860443999999994, 47.9943674000000016 -14.8863956000000002, 47.9942212999999995 -14.8868480000000005, 47.9941474999999969 -14.8873405000000005))
POLYGON ((55.5631181999999981 -21.3569394000000017, 55.5632012000000017 -21.3564642999999990, 55.5632980999999972 -21.3562876000000017, 55.5635325000000009 -21.3561581999999994, 55.5643900999999971 -21.3561745000000016, 55.5643346000000022 -21.3557267999999993, 55.5637462999999983 -21.3557385999999987, 55.5634252999999987 -21.3558059000000000, 55.5630331999999996 -21.3560206000000008, 55.5631360000000001 -21.3563666999999988, 55.5626772999999972 -21.3565582999999997, 55.5630627999999973 -21.3569615000000006, 55.5631181999999981 -21.3569394000000017))
POLYGON ((47.0861631000000003 -21.4478909999999985, 47.0849614999999986 -21.4466527000000013, 47.0843284999999980 -21.4471769999999999, 47.0847094000000013 -21.4474866000000013, 47.0849990000000034 -21.4475015000000013, 47.0850794999999991 -21.4475565000000010, 47.0858412999999985 -21.4483153999999985, 47.0861631000000003 -21.4478909999999985))
POLYGON ((46.4356689000000031 -15.7363148000000006, 46.4353053000000031 -15.7370458000000006, 46.4350677999999988 -15.7373505999999992, 46.4355838999999975 -15.7376187000000005, 46.4363051999999996 -15.7378698999999997, 46.4369326999999998 -15.7379771000000002, 46.4370499999999993 -15.7379235000000008, 46.4371262000000016 -15.7377570000000002, 46.4372787000000002 -15.7372517999999992, 46.4370295000000013 -15.7362865999999997, 46.4356689000000031 -15.7363148000000006))
POLYGON ((57.5114913000000030 -20.5204157999999985, 57.5112096000000008 -20.5205485000000003, 57.5111800999999971 -20.5206237999999992, 57.5112043000000028 -20.5206966999999985, 57.5112606000000000 -20.5207493999999997, 57.5116334000000009 -20.5209428000000003, 57.5119445999999996 -20.5211010999999992, 57.5121725999999995 -20.5212442999999993, 57.5131434999999982 -20.5217692999999990, 57.5135162999999991 -20.5219677000000011, 57.5136396999999988 -20.5220029000000004, 57.5139910999999984 -20.5219978999999988, 57.5141010999999978 -20.5222918000000014, 57.5141680999999991 -20.5223370000000003, 57.5143934000000030 -20.5223846999999999, 57.5148022999999995 -20.5223030000000008, 57.5152410000000032 -20.5222717000000010, 57.5155413999999965 -20.5222692000000002, 57.5158766999999997 -20.5222893000000006, 57.5161530000000027 -20.5223042999999983, 57.5165150999999994 -20.5223094000000010, 57.5166249999999977 -20.5222817000000006, 57.5167067000000003 -20.5221572999999999, 57.5167710999999997 -20.5219287000000001, 57.5170902999999996 -20.5213558999999997, 57.5159883999999977 -20.5213472000000010, 57.5150397999999967 -20.5212895000000017, 57.5148386999999985 -20.5215357000000012, 57.5146884999999983 -20.5215533000000008, 57.5142888000000028 -20.5215633000000004, 57.5140446999999995 -20.5216537000000017, 57.5138382000000021 -20.5216963999999997, 57.5136530999999991 -20.5216864000000001, 57.5130308999999968 -20.5213272000000018, 57.5123362000000000 -20.5209881000000003, 57.5114913000000030 -20.5204157999999985))
POLYGON ((47.0363688999999994 -19.8816403999999984, 47.0362295999999986 -19.8816807000000004, 47.0359904000000029 -19.8823289000000010, 47.0361474999999984 -19.8826731000000017, 47.0364385999999968 -19.8828494000000013, 47.0368581000000034 -19.8818687999999995, 47.0368545999999981 -19.8817999999999984, 47.0363688999999994 -19.8816403999999984))
POLYGON ((63.4313636999999986 -19.6753244000000009, 63.4315015000000031 -19.6756713000000012, 63.4322820000000007 -19.6753642000000006, 63.4321537000000006 -19.6750083999999994, 63.4313636999999986 -19.6753244000000009))
POLYGON ((55.4717999000000006 -21.2546192000000005, 55.4720936000000009 -21.2548853000000015, 55.4725557000000009 -21.2547208000000012, 55.4727530999999985 -21.2546183000000006, 55.4729195999999973 -21.2545020999999998, 55.4726975999999965 -21.2542782999999993, 55.4725303000000025 -21.2544462000000003, 55.4720809000000017 -21.2540849999999999, 55.4718225000000018 -21.2542681000000009, 55.4716406000000006 -21.2541781999999984, 55.4714804999999984 -21.2543223999999995, 55.4717999000000006 -21.2546192000000005))
POLYGON ((57.4195768000000015 -20.2549491999999987, 57.4195768000000015 -20.2539727999999997, 57.4189276999999976 -20.2539678000000016, 57.4189384000000018 -20.2549491999999987, 57.4195768000000015 -20.2549491999999987))
POLYGON ((55.4683774000000014 -21.3423939999999988, 55.4677811999999975 -21.3420376999999988, 55.4672389999999993 -21.3417096999999991, 55.4667735000000022 -21.3414281000000017, 55.4666756000000021 -21.3413928000000013, 55.4661569000000014 -21.3412737999999997, 55.4659903000000014 -21.3419266999999984, 55.4659071000000026 -21.3422526999999995, 55.4668028000000035 -21.3427772000000004, 55.4672945000000013 -21.3430651000000005, 55.4679234999999977 -21.3434184000000009, 55.4679788999999985 -21.3434054999999994, 55.4680198000000004 -21.3433369999999982, 55.4682341999999977 -21.3427715999999990, 55.4683774000000014 -21.3423939999999988))
