POLYGON ((114.6386111000000056 -28.3426046000000014, 114.6388302999999951 -28.3425694999999997, 114.6389757999999972 -28.3425454999999999, 114.6390482999999989 -28.3419151999999990, 114.6385645000000011 -28.3420656000000015, 114.6386111000000056 -28.3426046000000014))
POLYGON ((114.6377983999999941 -28.3428807999999997, 114.6371974999999992 -28.3429043999999983, 114.6372020000000020 -28.3443034999999988, 114.6377178999999984 -28.3443019000000014, 114.6378171000000066 -28.3431214999999987, 114.6377983999999941 -28.3428807999999997))
POLYGON ((114.6411360000000030 -28.7795832000000011, 114.6411327000000000 -28.7806515000000012, 114.6419577000000061 -28.7806342999999991, 114.6421167000000025 -28.7806362000000000, 114.6422014999999988 -28.7805904000000012, 114.6424606000000068 -28.7804912000000002, 114.6426064000000054 -28.7804283000000005, 114.6432377000000002 -28.7804149000000002, 114.6432224999999931 -28.7799207999999993, 114.6434291000000059 -28.7799200999999982, 114.6434368000000035 -28.7795099000000008, 114.6439108999999945 -28.7791901999999986, 114.6439617000000055 -28.7791794000000003, 114.6448314000000011 -28.7791820999999999, 114.6448452000000060 -28.7773703000000012, 114.6438753999999989 -28.7774365000000003, 114.6438754999999929 -28.7777439999999984, 114.6438717000000054 -28.7781151999999985, 114.6431304999999981 -28.7781190000000002, 114.6431433000000055 -28.7774919999999987, 114.6411360000000030 -28.7776333000000015, 114.6411360000000030 -28.7795832000000011))
POLYGON ((115.8056729000000047 -31.9725734999999993, 115.8057002000000040 -31.9712874000000014, 115.8057017999999943 -31.9712110000000003, 115.8057019000000025 -31.9708497999999999, 115.8050147000000010 -31.9708496999999987, 115.8047269999999997 -31.9710928000000010, 115.8047267999999974 -31.9712762999999995, 115.8047123999999997 -31.9725791000000008, 115.8052311999999944 -31.9725761000000013, 115.8056729000000047 -31.9725734999999993))
POLYGON ((115.8774432000000019 -31.9558773000000009, 115.8772388000000007 -31.9563069000000013, 115.8792822999999999 -31.9569845000000008, 115.8795012000000071 -31.9570213999999986, 115.8797016000000042 -31.9569228000000010, 115.8798800000000000 -31.9567194000000008, 115.8800456000000025 -31.9564616999999984, 115.8800954999999959 -31.9561413999999999, 115.8801011000000045 -31.9554729000000002, 115.8800595000000015 -31.9554015999999983, 115.8776218999999941 -31.9546224000000016, 115.8773903999999959 -31.9547023999999986, 115.8771969000000013 -31.9551188000000010, 115.8771555999999947 -31.9552280999999994, 115.8773462000000052 -31.9552915000000013, 115.8771244999999936 -31.9557713999999997, 115.8774432000000019 -31.9558773000000009))
POLYGON ((115.8569932000000051 -31.7873263000000001, 115.8577197999999981 -31.7873249999999992, 115.8577090999999939 -31.7865772000000000, 115.8569990999999959 -31.7865833000000002, 115.8569932000000051 -31.7873263000000001))
POLYGON ((115.8766995999999949 -32.6271733999999967, 115.8768465999999933 -32.6271654999999967, 115.8771720000000016 -32.6271325000000019, 115.8770406000000008 -32.6266239999999996, 115.8766119999999944 -32.6267161999999971, 115.8766104000000041 -32.6268466000000004, 115.8766995999999949 -32.6271733999999967))
POLYGON ((134.5318217999999888 -32.4136489999999995, 134.5312499000000059 -32.4143554999999992, 134.5319784000000141 -32.4147766000000033, 134.5325475999999867 -32.4140805999999984, 134.5318217999999888 -32.4136489999999995))
POLYGON ((118.2714136000000025 -31.4874529000000010, 118.2692571000000044 -31.4874390999999996, 118.2692463000000060 -31.4892827000000004, 118.2714243000000067 -31.4892688999999990, 118.2714136000000025 -31.4874529000000010))
POLYGON ((116.0163517999999954 -29.2171726999999990, 116.0179018999999982 -29.2171968000000000, 116.0179203000000001 -29.2162964999999986, 116.0163701999999972 -29.2162724000000011, 116.0163517999999954 -29.2171726999999990))
POLYGON ((116.6792733000000055 -32.6891486999999969, 116.6790852000000029 -32.6883253999999965, 116.6782924999999977 -32.6883326000000025, 116.6782788000000011 -32.6891400000000019, 116.6792733000000055 -32.6891486999999969))
POLYGON ((118.2493068999999934 -30.9180066999999994, 118.2503449999999958 -30.9183057999999988, 118.2504521999999980 -30.9180112999999999, 118.2493204000000020 -30.9176891000000005, 118.2493068999999934 -30.9180066999999994))
POLYGON ((122.6169790999999947 -22.8195113999999997, 122.6170402000000053 -22.8200578000000007, 122.6178520999999932 -22.8199806999999986, 122.6177909999999969 -22.8194343000000011, 122.6169790999999947 -22.8195113999999997))
POLYGON ((133.6747004000000061 -32.1326096000000021, 133.6748402999999996 -32.1346100000000021, 133.6763478000000021 -32.1345968999999982, 133.6763439000000062 -32.1336130999999980, 133.6756522999999959 -32.1335966999999982, 133.6756367000000125 -32.1326128999999980, 133.6747004000000061 -32.1326096000000021))
POLYGON ((115.8057017999999943 -31.9712110000000003, 115.8057019000000025 -31.9708497999999999, 115.8050147000000010 -31.9708496999999987, 115.8050146000000069 -31.9712110000000003, 115.8057017999999943 -31.9712110000000003))
POLYGON ((121.5877423999999962 -30.6295853999999999, 121.5878282000000041 -30.6299638999999999, 121.5883218000000028 -30.6299731000000008, 121.5888688999999943 -30.6297607999999997, 121.5889226000000036 -30.6290592000000004, 121.5880712999999957 -30.6290416000000008, 121.5880642999999992 -30.6293545999999992, 121.5877423999999962 -30.6295853999999999))
POLYGON ((115.6613688999999994 -33.3552986999999987, 115.6642082999999985 -33.3553111000000015, 115.6649768999999992 -33.3545244000000025, 115.6649596999999972 -33.3530552000000000, 115.6649666999999937 -33.3523088000000030, 115.6663635999999968 -33.3523125999999976, 115.6663967000000071 -33.3515573000000032, 115.6664501999999999 -33.3512600999999975, 115.6669423000000023 -33.3505461999999966, 115.6649249000000026 -33.3494328000000024, 115.6645136000000065 -33.3492121999999966, 115.6631622999999962 -33.3491927999999973, 115.6614167999999978 -33.3491702000000032, 115.6614490999999987 -33.3512308000000033, 115.6614782000000048 -33.3513081999999983, 115.6614109000000070 -33.3514309999999981, 115.6613966000000033 -33.3539438999999973, 115.6613688999999994 -33.3552986999999987))
POLYGON ((116.0532632000000035 -32.3370426999999978, 116.0521444000000031 -32.3370286999999976, 116.0521221999999995 -32.3382888000000008, 116.0532409999999999 -32.3383028000000010, 116.0532632000000035 -32.3370426999999978))
POLYGON ((116.7790805000000063 -31.8867553000000008, 116.7815169999999938 -31.8867553000000008, 116.7815692000000070 -31.8867173999999984, 116.7817741000000069 -31.8846674999999991, 116.7792854000000062 -31.8845251999999988, 116.7790805000000063 -31.8867553000000008))
POLYGON ((116.1281496999999945 -33.3521506000000016, 116.1309336000000059 -33.3528682999999972, 116.1311709999999948 -33.3522256999999982, 116.1321774000000033 -33.3524851000000027, 116.1325247999999988 -33.3515929000000000, 116.1287162999999936 -33.3506173000000032, 116.1281496999999945 -33.3521506000000016))
POLYGON ((127.0759709999999956 -29.3303793000000006, 127.0756329999999963 -29.3302760000000013, 127.0752413999999959 -29.3301735000000008, 127.0748229999999950 -29.3302015999999988, 127.0745064999999983 -29.3303134000000014, 127.0742489999999947 -29.3305752999999996, 127.0743080000000020 -29.3309499000000002, 127.0748176000000029 -29.3313516000000014, 127.0754773999999969 -29.3313613999999987, 127.0758850999999936 -29.3312679000000003, 127.0761104000000046 -29.3308283000000003, 127.0759709999999956 -29.3303793000000006))
POLYGON ((134.0764998999999875 -24.6718672000000012, 134.0770574999999951 -24.6718845000000009, 134.0771029999999939 -24.6711571999999997, 134.0765416000000130 -24.6711089000000001, 134.0764998999999875 -24.6718672000000012))
POLYGON ((116.4597231999999991 -31.5424818000000009, 116.4595226999999937 -31.5421231000000013, 116.4593919999999940 -31.5418318000000006, 116.4593485000000044 -31.5415595999999994, 116.4593076000000025 -31.5412491999999993, 116.4592944000000045 -31.5409533999999994, 116.4593117000000007 -31.5405543000000002, 116.4593208000000004 -31.5404631000000002, 116.4585064999999986 -31.5404221999999983, 116.4584525000000070 -31.5411356000000005, 116.4584631000000030 -31.5416507000000017, 116.4585052999999988 -31.5418576000000002, 116.4586452000000065 -31.5422198000000016, 116.4590357000000012 -31.5427798000000017, 116.4597231999999991 -31.5424818000000009))
POLYGON ((115.7878374000000008 -32.0547915000000003, 115.7878072000000031 -32.0505264999999966, 115.7801675000000046 -32.0505664000000010, 115.7796888000000024 -32.0508158000000023, 115.7796914000000044 -32.0510748000000021, 115.7796718000000027 -32.0518546999999998, 115.7796481999999969 -32.0532936999999976, 115.7796627000000029 -32.0547676999999993, 115.7797975000000008 -32.0548152000000002, 115.7838571999999999 -32.0548197000000030, 115.7878374000000008 -32.0547915000000003))
POLYGON ((133.3280210000000068 -26.9642760000000017, 133.3278505000000109 -26.9645171999999995, 133.3281810999999948 -26.9647028999999989, 133.3283517000000131 -26.9644617999999987, 133.3280210000000068 -26.9642760000000017))
POLYGON ((116.1205752999999987 -33.9581280000000021, 116.1206042000000025 -33.9596947000000000, 116.1222996000000052 -33.9596961000000022, 116.1222845000000063 -33.9581173999999990, 116.1205752999999987 -33.9581280000000021))
POLYGON ((115.7216334000000018 -33.4838718000000028, 115.7213880000000046 -33.4833169999999996, 115.7200208000000003 -33.4836979000000028, 115.7202292999999997 -33.4843076000000011, 115.7216334000000018 -33.4838718000000028))
POLYGON ((115.0674443000000053 -30.2874048000000009, 115.0675810000000041 -30.2875191999999984, 115.0692298999999963 -30.2877663000000013, 115.0693794000000025 -30.2870248999999987, 115.0688368999999938 -30.2867850999999995, 115.0686702999999937 -30.2865785999999986, 115.0681619000000069 -30.2864900000000006, 115.0679312999999979 -30.2866228000000000, 115.0676365000000061 -30.2867813999999989, 115.0674443000000053 -30.2874048000000009))
POLYGON ((115.8685210999999953 -32.6422627000000034, 115.8691816999999986 -32.6406519000000017, 115.8692396000000002 -32.6403832000000023, 115.8671003999999982 -32.6399382000000031, 115.8662527000000040 -32.6422120000000007, 115.8681813999999974 -32.6421982999999969, 115.8683829999999944 -32.6422202999999982, 115.8685210999999953 -32.6422627000000034))
POLYGON ((116.0456796999999938 -31.8763934999999989, 116.0416953000000007 -31.8763958000000009, 116.0416792000000044 -31.8790720999999984, 116.0417556000000019 -31.8794113999999986, 116.0416697999999940 -31.8796402999999984, 116.0416644000000019 -31.8812791000000004, 116.0417355000000015 -31.8815580999999995, 116.0418535000000020 -31.8816331999999996, 116.0460767000000004 -31.8816525999999989, 116.0460681999999935 -31.8798276999999999, 116.0460692000000051 -31.8796624000000008, 116.0460707000000014 -31.8794204999999984, 116.0460721000000035 -31.8791891999999990, 116.0460731999999950 -31.8790241999999999, 116.0460742000000067 -31.8788567000000000, 116.0460752999999983 -31.8786811000000014, 116.0460762000000017 -31.8785254000000009, 116.0460772999999932 -31.8783479000000014, 116.0460783999999990 -31.8781752000000012, 116.0458454999999987 -31.8781746999999989, 116.0458540000000056 -31.8766451999999987, 116.0456757000000039 -31.8766463000000009, 116.0456796999999938 -31.8763934999999989))
POLYGON ((132.7888949999999966 -23.9460957999999984, 132.7898227999999961 -23.9464378999999994, 132.7901565999999889 -23.9456370999999990, 132.7892083000000127 -23.9452834999999986, 132.7888949999999966 -23.9460957999999984))
POLYGON ((115.9035389999999950 -33.0867772000000002, 115.9039451999999955 -33.0868685000000013, 115.9049468999999988 -33.0868322999999975, 115.9053959000000020 -33.0867569999999986, 115.9054198999999983 -33.0858089000000035, 115.9041179000000028 -33.0856696999999969, 115.9035389999999950 -33.0867772000000002))
POLYGON ((115.0174047000000002 -33.9674868000000032, 115.0177898999999968 -33.9675117999999969, 115.0177773000000059 -33.9680212999999966, 115.0178552999999937 -33.9680232999999987, 115.0181574000000069 -33.9680316999999974, 115.0184167000000031 -33.9680462999999975, 115.0186936000000060 -33.9680066000000025, 115.0190108000000038 -33.9679544000000035, 115.0189907000000034 -33.9677498000000000, 115.0189704999999947 -33.9673927999999989, 115.0188875000000053 -33.9669689999999989, 115.0186508000000032 -33.9667142999999996, 115.0183990999999963 -33.9668332999999976, 115.0180315000000064 -33.9668312000000014, 115.0178477999999984 -33.9669647999999995, 115.0174047000000002 -33.9671526999999998, 115.0174047000000002 -33.9674868000000032))
POLYGON ((116.9221976999999981 -32.0974803000000009, 116.9211872000000056 -32.0979322999999965, 116.9217361000000039 -32.0988132000000022, 116.9227467000000047 -32.0983611999999994, 116.9221976999999981 -32.0974803000000009))
POLYGON ((115.7776230999999996 -31.8073735999999982, 115.7773054999999971 -31.8082089000000003, 115.7782090000000039 -31.8083248999999988, 115.7786045999999942 -31.8084400000000009, 115.7789224999999931 -31.8084547999999998, 115.7786358999999976 -31.8092481999999990, 115.7783955999999961 -31.8096566000000003, 115.7782753999999983 -31.8099848999999999, 115.7783613000000003 -31.8104517000000016, 115.7787045999999975 -31.8108091000000002, 115.7791251999999957 -31.8109767999999988, 115.7796744999999987 -31.8109038999999996, 115.7803095999999954 -31.8104663000000016, 115.7803009999999944 -31.8102474999999991, 115.7799234000000013 -31.8099702999999998, 115.7797345999999976 -31.8094451000000014, 115.7797001999999935 -31.8090803999999991, 115.7799234000000013 -31.8086355000000012, 115.7804212000000064 -31.8081686999999995, 115.7809962999999982 -31.8074319999999986, 115.7812095000000028 -31.8069579000000004, 115.7811786999999981 -31.8064721000000006, 115.7811078000000009 -31.8041228999999994, 115.7810845000000057 -31.8036728999999987, 115.7810022999999973 -31.8028924999999987, 115.7807008000000053 -31.8023218999999990, 115.7804473000000058 -31.8019947999999992, 115.7795997000000057 -31.8014785000000018, 115.7785791999999958 -31.8009975000000011, 115.7781982999999997 -31.8005050999999987, 115.7783591999999970 -31.7998486000000007, 115.7786703999999958 -31.7998030000000007, 115.7791263000000015 -31.7997255000000010, 115.7798559000000012 -31.7996389000000015, 115.7800758000000059 -31.7989458999999997, 115.7790700000000044 -31.7985264000000001, 115.7786358999999976 -31.7982847000000000, 115.7772369000000054 -31.7977157000000012, 115.7770902000000035 -31.7979610999999984, 115.7769621999999998 -31.7981753000000005, 115.7768248999999940 -31.7985618999999993, 115.7767905999999982 -31.7990214999999985, 115.7767905999999982 -31.7992330000000010, 115.7762756000000053 -31.7991455000000016, 115.7758206999999970 -31.7991163000000014, 115.7753486000000009 -31.7990725999999988, 115.7749366000000038 -31.7991455000000016, 115.7746620000000064 -31.7994227000000009, 115.7745761000000044 -31.7995905000000008, 115.7750482000000005 -31.8002104999999986, 115.7756061000000045 -31.8007941000000010, 115.7761382000000054 -31.8011514999999996, 115.7762926999999991 -31.8015818999999986, 115.7764128999999969 -31.8018299000000013, 115.7765931999999935 -31.8019612000000009, 115.7774170999999939 -31.8020050000000012, 115.7776230999999996 -31.8073735999999982))
POLYGON ((115.7359225000000009 -32.5390197999999984, 115.7362063000000063 -32.5396260999999996, 115.7369443999999987 -32.5405737000000030, 115.7372433999999970 -32.5404588000000032, 115.7369216999999963 -32.5394569999999987, 115.7365999000000016 -32.5387837000000033, 115.7359225000000009 -32.5390197999999984))
POLYGON ((115.9690858999999961 -33.7621437000000029, 115.9687830000000019 -33.7623531999999997, 115.9690025000000020 -33.7629970999999998, 115.9703949000000023 -33.7638335999999981, 115.9708442000000019 -33.7634972999999974, 115.9699437000000017 -33.7628822000000000, 115.9690858999999961 -33.7621437000000029))
POLYGON ((121.4920321999999970 -30.8048746999999992, 121.4947767000000027 -30.8048788000000009, 121.4947980999999970 -30.8028237999999988, 121.4920407999999981 -30.8028329999999997, 121.4920321999999970 -30.8048746999999992))
POLYGON ((117.5441643999999997 -33.6674530000000019, 117.5443984000000057 -33.6687938999999972, 117.5479267999999990 -33.6687864000000019, 117.5476388000000014 -33.6674305000000018, 117.5441643999999997 -33.6674530000000019))
POLYGON ((119.7474797999999936 -23.3750287999999991, 119.7474797999999936 -23.3753242000000014, 119.7481664999999964 -23.3753044999999986, 119.7481664999999964 -23.3750287999999991, 119.7474797999999936 -23.3750287999999991))
POLYGON ((134.7657265999999936 -29.0230286000000000, 134.7657284000000004 -29.0234859999999983, 134.7667930000000069 -29.0234828000000000, 134.7667912999999942 -29.0230254999999993, 134.7657265999999936 -29.0230286000000000))
POLYGON ((117.8775140999999991 -32.3203146000000032, 117.8791843999999998 -32.3203273999999965, 117.8791786999999971 -32.3196537000000035, 117.8788775999999956 -32.3196520999999990, 117.8788851999999991 -32.3191686999999988, 117.8775178000000068 -32.3191623000000021, 117.8775140999999991 -32.3203146000000032))
POLYGON ((117.8873346000000026 -35.0177704999999975, 117.8881180000000057 -35.0175398000000015, 117.8883055000000013 -35.0178627000000020, 117.8902316000000070 -35.0179791999999992, 117.8903386000000069 -35.0172874000000007, 117.8902956999999958 -35.0172347000000030, 117.8897163999999975 -35.0173181999999983, 117.8896895000000029 -35.0172039999999996, 117.8896359000000018 -35.0170766000000029, 117.8894427999999976 -35.0170062999999985, 117.8870826999999935 -35.0168104999999983, 117.8872970000000038 -35.0177266000000031, 117.8873346000000026 -35.0177704999999975))
POLYGON ((133.8627495000000067 -23.7030166999999992, 133.8627601999999968 -23.7038370000000000, 133.8627601999999968 -23.7048021999999996, 133.8648336999999913 -23.7048391000000009, 133.8648356999999862 -23.7042274999999982, 133.8648377000000096 -23.7036183999999999, 133.8648387000000071 -23.7033015999999996, 133.8648380999999858 -23.7030560000000001, 133.8627495000000067 -23.7030166999999992))
POLYGON ((133.8721553000000029 -23.7707945999999986, 133.8725938999999983 -23.7735184000000004, 133.8732387999999958 -23.7733893999999992, 133.8747035000000096 -23.7731457000000006, 133.8742282999999986 -23.7704982999999999, 133.8721553000000029 -23.7707945999999986))
POLYGON ((115.7623841000000056 -33.9926285000000021, 115.7638127999999966 -33.9926365999999973, 115.7638634999999994 -33.9908088999999975, 115.7627343000000053 -33.9908215000000027, 115.7623841000000056 -33.9926285000000021))
POLYGON ((134.8371075999999960 -32.7095038000000002, 134.8366570000000024 -32.7106774000000016, 134.8374508999999932 -32.7108940000000032, 134.8379209000000003 -32.7097077999999968, 134.8371075999999960 -32.7095038000000002))
POLYGON ((115.9758968999999951 -31.9175860000000000, 115.9763260999999943 -31.9180013000000002, 115.9764988999999957 -31.9181427999999983, 115.9764377000000053 -31.9182853999999985, 115.9760942999999997 -31.9183947000000003, 115.9747554000000065 -31.9196258999999998, 115.9750901000000027 -31.9199975000000009, 115.9754163000000062 -31.9197352000000016, 115.9759483999999929 -31.9196768999999989, 115.9764377000000053 -31.9197862000000008, 115.9769096999999931 -31.9198445000000000, 115.9772186999999946 -31.9198518000000000, 115.9773389000000066 -31.9197133000000015, 115.9773904000000044 -31.9194218999999997, 115.9775020000000012 -31.9190576999999998, 115.9777301999999963 -31.9184571999999989, 115.9785250000000048 -31.9186464000000001, 115.9786950000000019 -31.9185696000000014, 115.9794160000000005 -31.9178192000000003, 115.9797506999999968 -31.9175423000000009, 115.9797250000000020 -31.9174475999999991, 115.9790382999999991 -31.9172654999999992, 115.9776135000000039 -31.9169595000000008, 115.9767896000000036 -31.9168210999999999, 115.9758968999999951 -31.9175860000000000))
POLYGON ((117.9215434999999985 -34.9825243000000015, 117.9221279000000067 -34.9788477999999969, 117.9187498999999946 -34.9788710999999992, 117.9187831999999929 -34.9825569999999999, 117.9215434999999985 -34.9825243000000015))
POLYGON ((134.2052909999999883 -32.8001738000000032, 134.2053362000000050 -32.8014219000000011, 134.2074141999999881 -32.8013686999999976, 134.2073689999999999 -32.8001205999999996, 134.2052909999999883 -32.8001738000000032))
POLYGON ((117.6709661000000011 -34.6449970999999977, 117.6720609000000053 -34.6445180999999991, 117.6709127999999964 -34.6426914999999980, 117.6698181000000005 -34.6426864000000023, 117.6709661000000011 -34.6449970999999977))
POLYGON ((133.8832386999999926 -23.6684510000000010, 133.8833021000000087 -23.6684912999999995, 133.8833429999999964 -23.6684117000000001, 133.8832836999999927 -23.6683760999999997, 133.8832386999999926 -23.6684510000000010))
POLYGON ((117.0794776000000041 -32.5271338000000014, 117.0807537999999965 -32.5271394999999970, 117.0807649000000055 -32.5253887000000006, 117.0794886999999989 -32.5253829999999979, 117.0794776000000041 -32.5271338000000014))
POLYGON ((133.0280903999999964 -31.9271448999999983, 133.0285302999999999 -31.9294758999999999, 133.0312447000000020 -31.9290935000000005, 133.0308267999999998 -31.9267828999999992, 133.0280903999999964 -31.9271448999999983))
POLYGON ((115.5767713999999984 -33.5187351000000007, 115.5767526000000061 -33.5201133999999996, 115.5783925000000067 -33.5201058000000032, 115.5783636000000030 -33.5187341999999973, 115.5767713999999984 -33.5187351000000007))
POLYGON ((118.4368512000000067 -33.1028845000000018, 118.4365480999999960 -33.1013049000000024, 118.4350460999999939 -33.1017543000000032, 118.4351103999999992 -33.1031023999999974, 118.4368512000000067 -33.1028845000000018))
POLYGON ((121.4476226999999966 -30.7403012999999987, 121.4505317999999932 -30.7426621000000004, 121.4542440000000028 -30.7392502999999984, 121.4547723999999960 -30.7390046999999988, 121.4550835000000006 -30.7389401999999983, 121.4559497999999991 -30.7389399999999995, 121.4559241000000043 -30.7379074000000010, 121.4559634999999957 -30.7377874999999996, 121.4560244000000040 -30.7376921000000003, 121.4570329000000015 -30.7367886000000006, 121.4546624000000037 -30.7348855999999984, 121.4544336000000015 -30.7347658000000017, 121.4540817000000033 -30.7346982000000004, 121.4476226999999966 -30.7403012999999987))
POLYGON ((121.8644505000000038 -33.8515067000000016, 121.8618407000000019 -33.8514995999999968, 121.8617966999999993 -33.8543409999999980, 121.8619683999999950 -33.8544746000000032, 121.8622806000000054 -33.8547008999999974, 121.8646269999999987 -33.8558475999999970, 121.8644505000000038 -33.8515067000000016))
POLYGON ((117.6746177999999929 -33.3062263999999999, 117.6746177999999929 -33.3072006000000016, 117.6740604999999960 -33.3072184999999976, 117.6740389999999934 -33.3076068000000021, 117.6755404999999968 -33.3088325000000012, 117.6753290999999990 -33.3062164999999979, 117.6746177999999929 -33.3062263999999999))
POLYGON ((116.0863209000000040 -33.8778025000000014, 116.0856770999999981 -33.8786403000000007, 116.0872006000000027 -33.8795545999999987, 116.0872719999999987 -33.8796030999999971, 116.0873931999999940 -33.8796259000000006, 116.0875869000000051 -33.8795203000000029, 116.0881743000000057 -33.8788036999999989, 116.0863209000000040 -33.8778025000000014))
POLYGON ((118.0776785000000046 -33.1756347000000034, 118.0776608000000039 -33.1766045999999974, 118.0783363999999978 -33.1766158000000004, 118.0783463000000069 -33.1756553999999966, 118.0776785000000046 -33.1756347000000034))
POLYGON ((116.8975906000000009 -33.0287784000000002, 116.8975673000000057 -33.0297529999999995, 116.8985916000000032 -33.0297509000000034, 116.8985871000000003 -33.0287817000000032, 116.8975906000000009 -33.0287784000000002))
POLYGON ((115.3884455000000031 -33.6820442000000000, 115.3853308999999996 -33.6820286000000024, 115.3867326000000020 -33.6840168000000020, 115.3884905000000032 -33.6840091999999984, 115.3884455000000031 -33.6820442000000000))
