POLYGON ((140.4993967999999995 -21.2853758000000006, 140.4993101000000024 -21.2859197999999985, 140.5002790000000061 -21.2860034999999996, 140.5003432000000032 -21.2854504999999996, 140.4993967999999995 -21.2853758000000006))
POLYGON ((165.6037881000000027 -21.2520027999999996, 165.6038570999999990 -21.2518452999999994, 165.6038976000000105 -21.2517010999999982, 165.6037262000000112 -21.2515901999999990, 165.6036167000000034 -21.2515923999999998, 165.6035262000000046 -21.2519184999999986, 165.6036429000000112 -21.2519962000000007, 165.6037214000000120 -21.2520249999999997, 165.6037881000000027 -21.2520027999999996))
POLYGON ((167.2657035999999948 -20.7520741999999991, 167.2659085999999888 -20.7523921999999992, 167.2661156000000062 -20.7522756000000008, 167.2659106000000122 -20.7519576000000008, 167.2657035999999948 -20.7520741999999991))
POLYGON ((165.0978929000000051 -21.3527990999999986, 165.0978055999999867 -21.3526866999999996, 165.0977080000000115 -21.3526197000000018, 165.0976515000000120 -21.3526388000000011, 165.0976746000000048 -21.3527297000000011, 165.0977003000000138 -21.3528398000000017, 165.0977182000000028 -21.3529307000000017, 165.0977105000000051 -21.3529929000000003, 165.0977130999999929 -21.3530526999999992, 165.0977618999999947 -21.3530861999999999, 165.0978159000000005 -21.3530885999999995, 165.0978337999999894 -21.3530407999999987, 165.0977978999999891 -21.3529738000000009, 165.0978364000000056 -21.3529282999999985, 165.0978748999999937 -21.3529234999999993, 165.0978929000000051 -21.3527990999999986))
POLYGON ((146.7788823999999863 -19.2382382000000014, 146.7777790000000095 -19.2373122999999993, 146.7771562000000074 -19.2387829000000004, 146.7795551000000103 -19.2408624999999986, 146.7817383999999947 -19.2426047999999987, 146.7827887999999916 -19.2429106999999995, 146.7834540000000061 -19.2439084999999999, 146.7840440999999885 -19.2443440000000017, 146.7847199999999930 -19.2449770999999998, 146.7845858999999962 -19.2452961999999985, 146.7869057000000055 -19.2472384000000005, 146.7874462000000051 -19.2466362999999987, 146.7872048000000120 -19.2464538999999988, 146.7879278999999997 -19.2456254000000015, 146.7869999000000121 -19.2448757999999991, 146.7865438999999981 -19.2447136999999984, 146.7842800999999895 -19.2429208000000003, 146.7843847000000039 -19.2428136999999992, 146.7788823999999863 -19.2382382000000014))
POLYGON ((145.4747820999999988 -17.6153264000000007, 145.4734302999999898 -17.6151096000000003, 145.4732579999999871 -17.6162591000000006, 145.4746848999999997 -17.6163391000000011, 145.4747335000000135 -17.6158822000000015, 145.4747820999999988 -17.6153264000000007))
POLYGON ((147.3885013000000015 -19.5646528999999987, 147.3900572999999952 -19.5661451000000000, 147.3922618000000000 -19.5635359000000015, 147.3923637000000042 -19.5632072999999984, 147.3922512999999981 -19.5628746999999983, 147.3909903999999926 -19.5618425000000009, 147.3885013000000015 -19.5646528999999987))
POLYGON ((145.7538557000000026 -16.9054852000000011, 145.7531046999999944 -16.9056956000000014, 145.7529062000000124 -16.9059628000000011, 145.7533621999999980 -16.9083286000000008, 145.7532602999999938 -16.9094164999999990, 145.7534425999999996 -16.9103406000000014, 145.7531208000000049 -16.9109358999999984, 145.7535820999999885 -16.9129530000000017, 145.7548051999999927 -16.9123781999999991, 145.7553363000000104 -16.9119984000000017, 145.7555723000000114 -16.9110027000000009, 145.7556098999999961 -16.9103919000000005, 145.7549660999999901 -16.9089597000000005, 145.7546657000000039 -16.9079231999999990, 145.7544512000000054 -16.9069120999999996, 145.7544726000000139 -16.9064605999999991, 145.7538557000000026 -16.9054852000000011))
POLYGON ((164.4208642000000111 -20.3333587999999992, 164.4206969999999899 -20.3331331999999989, 164.4204464000000030 -20.3331711999999989, 164.4203831000000093 -20.3331569999999999, 164.4202057999999909 -20.3331711999999989, 164.4200462999999957 -20.3330453999999996, 164.4198868000000004 -20.3332306000000003, 164.4199525999999878 -20.3335320999999993, 164.4200868000000071 -20.3336152000000006, 164.4203526999999951 -20.3335654000000012, 164.4207097000000033 -20.3334584999999990, 164.4208945000000028 -20.3334134000000013, 164.4208642000000111 -20.3333587999999992))
POLYGON ((166.4166232000000036 -22.2384196000000003, 166.4166093000000046 -22.2381415000000011, 166.4161995999999988 -22.2379357000000013, 166.4159611999999981 -22.2381433000000008, 166.4164868999999953 -22.2384586000000013, 166.4165571999999997 -22.2384504000000014, 166.4166232000000036 -22.2384196000000003))
POLYGON ((165.8327160999999990 -21.7049100999999993, 165.8323512999999991 -21.7059667999999988, 165.8333275999999898 -21.7061461999999992, 165.8336816999999996 -21.7054584000000013, 165.8333920000000035 -21.7050696000000016, 165.8327160999999990 -21.7049100999999993))
POLYGON ((166.4972477999999967 -22.2213670000000008, 166.4969696999999940 -22.2216611999999998, 166.4973471000000131 -22.2221283000000014, 166.4978556000000083 -22.2219517999999994, 166.4975298999999893 -22.2214552999999988, 166.4972477999999967 -22.2213670000000008))
POLYGON ((147.1533784000000082 -9.4497196999999993, 147.1536615999999924 -9.4491862999999992, 147.1540564000000018 -9.4490000999999992, 147.1548289000000125 -9.4482634999999995, 147.1540306999999927 -9.4469341999999994, 147.1536187000000098 -9.4471796999999995, 147.1525544000000139 -9.4477469999999997, 147.1523227000000134 -9.4482464999999998, 147.1516789000000074 -9.4482041999999993, 147.1518333999999868 -9.4492794999999994, 147.1528375999999980 -9.4494827000000008, 147.1533784000000082 -9.4497196999999993))
POLYGON ((145.3749419000000103 -16.4753961999999987, 145.3744690000000048 -16.4740472999999987, 145.3735235000000046 -16.4743884999999999, 145.3727277000000129 -16.4738934000000015, 145.3725895999999977 -16.4738536999999994, 145.3726672999999892 -16.4744610999999992, 145.3727139000000079 -16.4746647000000017, 145.3727829000000042 -16.4754028000000012, 145.3729744999999980 -16.4760151000000015, 145.3749419000000103 -16.4753961999999987))
POLYGON ((164.3988481000000093 -20.6610861999999997, 164.3990097999999875 -20.6616505000000004, 164.3988104999999962 -20.6619896999999995, 164.3992665000000102 -20.6622282000000013, 164.3993799000000138 -20.6618437999999998, 164.3992914000000098 -20.6615803000000007, 164.3990975000000105 -20.6610687000000013, 164.3988481000000093 -20.6610861999999997))
POLYGON ((167.1673008999999865 -20.6994170000000004, 167.1674787000000038 -20.6992215000000002, 167.1670681999999886 -20.6988340999999991, 167.1668922000000066 -20.6990227000000004, 167.1673008999999865 -20.6994170000000004))
POLYGON ((141.2934274000000130 -21.2830340999999983, 141.2934735999999987 -21.2834749999999993, 141.2937138000000061 -21.2834530999999991, 141.2936675999999920 -21.2830122000000017, 141.2934274000000130 -21.2830340999999983))
POLYGON ((166.0794251000000088 -10.6623639000000008, 166.0797876999999971 -10.6618914999999994, 166.0794424000000049 -10.6616265000000006, 166.0790797999999882 -10.6620989999999995, 166.0794251000000088 -10.6623639000000008))
POLYGON ((165.5476893000000018 -21.6196173000000016, 165.5472937000000115 -21.6201685999999995, 165.5476671000000124 -21.6204001000000012, 165.5480627000000027 -21.6198487999999998, 165.5476893000000018 -21.6196173000000016))
POLYGON ((147.2499947999999961 -9.3963208999999992, 147.2521834000000069 -9.3963421000000000, 147.2532171000000005 -9.3956000000000000, 147.2532089000000042 -9.3952620000000007, 147.2500377000000071 -9.3951776999999996, 147.2499947999999961 -9.3963208999999992))
POLYGON ((145.9269362000000001 -17.3249625000000016, 145.9268375999999989 -17.3259885999999987, 145.9284909000000141 -17.3261989000000014, 145.9284087999999997 -17.3251351000000007, 145.9269362000000001 -17.3249625000000016))
POLYGON ((146.0294518000000039 -17.5328383999999993, 146.0294303999999954 -17.5323485999999988, 146.0292378000000042 -17.5311000999999997, 146.0289524000000085 -17.5311103000000017, 146.0286599000000081 -17.5310082999999999, 146.0284136999999873 -17.5308144000000006, 146.0280497999999909 -17.5304368000000004, 146.0278107999999975 -17.5302259000000014, 146.0277001999999982 -17.5301204000000013, 146.0269154000000071 -17.5299809000000018, 146.0267727000000093 -17.5313076000000017, 146.0252457999999933 -17.5312395999999993, 146.0251958000000059 -17.5325084999999987, 146.0294518000000039 -17.5328383999999993))
POLYGON ((166.4245956999999976 -22.2444994999999999, 166.4246146000000124 -22.2446197999999988, 166.4246392000000014 -22.2447595000000007, 166.4247014999999976 -22.2448611000000014, 166.4248244999999997 -22.2450037999999992, 166.4249212000000000 -22.2451146000000008, 166.4250064999999950 -22.2452025999999989, 166.4251458999999898 -22.2452831000000018, 166.4253081999999893 -22.2453710999999998, 166.4254295000000070 -22.2454287999999991, 166.4255114999999989 -22.2454408999999984, 166.4255459999999971 -22.2453953999999996, 166.4253525000000025 -22.2451600999999997, 166.4252098000000046 -22.2450174999999994, 166.4249786000000029 -22.2448702999999988, 166.4248096999999973 -22.2447306000000005, 166.4246759000000111 -22.2444501000000017, 166.4245956999999976 -22.2444994999999999))
POLYGON ((149.2255065999999886 -21.4062480000000015, 149.2264677999999947 -21.4063687999999992, 149.2267131000000120 -21.4045664000000002, 149.2257521999999881 -21.4044455999999990, 149.2255065999999886 -21.4062480000000015))
POLYGON ((146.8883155999999985 -20.1104742999999999, 146.8873581000000001 -20.1103440999999989, 146.8870790999999940 -20.1119912999999997, 146.8880446999999947 -20.1121324000000001, 146.8883155999999985 -20.1104742999999999))
POLYGON ((165.8201372999999990 -21.4258355999999992, 165.8202928999999983 -21.4258755000000001, 165.8205395999999894 -21.4259453999999998, 165.8206040000000030 -21.4256008999999992, 165.8206629999999961 -21.4254135999999988, 165.8206442999999979 -21.4253636999999983, 165.8205744999999922 -21.4253186999999983, 165.8205178000000046 -21.4253016999999986, 165.8204537999999957 -21.4253186999999983, 165.8204001999999946 -21.4253686999999999, 165.8201372999999990 -21.4258355999999992))
POLYGON ((145.9192323999999985 -17.9485698000000014, 145.9194675999999902 -17.9471516000000015, 145.9181159999999977 -17.9470695999999990, 145.9179636000000073 -17.9484910000000006, 145.9192323999999985 -17.9485698000000014))
POLYGON ((147.4244373999999880 -19.6637170999999995, 147.4247269999999901 -19.6642450000000011, 147.4270363999999915 -19.6639696999999991, 147.4285835000000020 -19.6636695000000010, 147.4286290999999949 -19.6635761000000002, 147.4275729000000013 -19.6630427999999995, 147.4268916000000047 -19.6624213999999995, 147.4244373999999880 -19.6637170999999995))
POLYGON ((166.3565986000000123 -22.1317143999999999, 166.3564269000000024 -22.1325591999999993, 166.3580361999999866 -22.1328275000000012, 166.3581650000000138 -22.1320025999999999, 166.3565986000000123 -22.1317143999999999))
POLYGON ((166.0760031000000083 -21.7333685000000010, 166.0757935999999972 -21.7332450000000001, 166.0757436000000098 -21.7332667999999991, 166.0756748000000016 -21.7333451999999987, 166.0757012999999915 -21.7333931000000007, 166.0757638999999983 -21.7334206999999999, 166.0758310999999878 -21.7333901999999988, 166.0759390000000053 -21.7334062000000010, 166.0760031000000083 -21.7333685000000010))
POLYGON ((141.7355509999999867 -20.6468400000000010, 141.7365479999999991 -20.6482630000000000, 141.7372949999999889 -20.6478959999999994, 141.7362750000000062 -20.6464950000000016, 141.7355509999999867 -20.6468400000000010))
POLYGON ((168.3179097000000013 -17.7259563000000000, 168.3164883000000032 -17.7280499999999996, 168.3176486000000125 -17.7288806000000001, 168.3193268999999930 -17.7265514000000017, 168.3179097000000013 -17.7259563000000000))
POLYGON ((165.3511727000000064 -20.9370916999999999, 165.3511512000000039 -20.9372870999999989, 165.3516179000000079 -20.9372921000000005, 165.3516448000000025 -20.9370766999999987, 165.3511727000000064 -20.9370916999999999))
POLYGON ((165.9696577999999931 -21.5243199999999995, 165.9690314000000058 -21.5250045999999990, 165.9691572000000122 -21.5251020000000004, 165.9693434000000138 -21.5248919000000001, 165.9695692999999892 -21.5250759999999985, 165.9700140999999860 -21.5246731000000011, 165.9696577999999931 -21.5243199999999995))
POLYGON ((143.0318039999999939 -22.3838386000000007, 143.0341649000000075 -22.3840865999999998, 143.0342865000000074 -22.3830887999999995, 143.0341774000000044 -22.3829418000000011, 143.0319629999999904 -22.3826706999999985, 143.0318039999999939 -22.3838386000000007))
POLYGON ((166.0542313999999919 -21.8605756000000007, 166.0546605000000113 -21.8608444000000013, 166.0550145999999927 -21.8603465999999997, 166.0545961999999918 -21.8600677999999995, 166.0542313999999919 -21.8605756000000007))
POLYGON ((146.7704425999999955 -9.0490309999999994, 146.7707608000000050 -9.0481090000000002, 146.7699706999999876 -9.0482908000000002, 146.7697277999999983 -9.0483460999999998, 146.7695782000000122 -9.0492389000000006, 146.7704425999999955 -9.0490309999999994))
POLYGON ((167.2423877999999888 -20.8139378000000015, 167.2423324000000093 -20.8143297999999994, 167.2424986000000047 -20.8143704999999990, 167.2425776999999982 -20.8139673999999992, 167.2423877999999888 -20.8139378000000015))
POLYGON ((167.2539090999999871 -20.7912302000000011, 167.2534979000000135 -20.7912119000000004, 167.2534224000000052 -20.7917218000000013, 167.2537805000000048 -20.7917270000000016, 167.2539090999999871 -20.7912302000000011))
POLYGON ((165.1595011999999940 -21.3470945999999984, 165.1598659999999938 -21.3474363999999994, 165.1600761999999918 -21.3472265999999991, 165.1596882999999991 -21.3469243999999989, 165.1595011999999940 -21.3470945999999984))
POLYGON ((145.2422230999999897 -15.4773353000000000, 145.2425479000000053 -15.4762305999999992, 145.2422804999999926 -15.4762029999999999, 145.2422039999999868 -15.4762582000000002, 145.2419652000000099 -15.4762368000000006, 145.2418601999999908 -15.4764516000000008, 145.2416690999999958 -15.4765067999999992, 145.2415417999999931 -15.4767983000000005, 145.2413157000000012 -15.4768781000000004, 145.2412520000000029 -15.4771236000000005, 145.2412392999999895 -15.4773875000000007, 145.2413474999999892 -15.4776513999999992, 145.2422230999999897 -15.4773353000000000))
POLYGON ((146.8005464999999958 -19.2671273999999997, 146.8014671999999905 -19.2672007000000001, 146.8015567999999860 -19.2671993000000015, 146.8016588000000127 -19.2664508999999988, 146.8024360999999942 -19.2665338999999989, 146.8025934000000063 -19.2650275999999998, 146.8008199999999874 -19.2648501000000003, 146.8005464999999958 -19.2671273999999997))
POLYGON ((167.1540866999999935 -20.7770113000000016, 167.1542410000000132 -20.7768854999999988, 167.1538018999999906 -20.7763565999999997, 167.1536989999999889 -20.7762789000000012, 167.1535921999999914 -20.7763491999999985, 167.1535644999999874 -20.7764342999999982, 167.1537227000000030 -20.7766450999999996, 167.1540866999999935 -20.7770113000000016))
POLYGON ((165.9800180999999952 -21.5354515999999983, 165.9799783999999931 -21.5355001000000001, 165.9801117000000090 -21.5355945999999996, 165.9800405999999953 -21.5356814000000014, 165.9802469999999914 -21.5358279000000010, 165.9803579000000013 -21.5356926000000009, 165.9800180999999952 -21.5354515999999983))
POLYGON ((165.9480909000000111 -21.5185041000000012, 165.9479449000000102 -21.5182810999999994, 165.9477781999999877 -21.5182326000000010, 165.9477104000000054 -21.5183393000000009, 165.9477312999999867 -21.5184508000000001, 165.9478302999999926 -21.5185428999999999, 165.9479709999999955 -21.5185428999999999, 165.9480909000000111 -21.5185041000000012))
POLYGON ((141.0640753000000132 -17.6824691999999999, 141.0617123000000106 -17.6843490999999986, 141.0632621000000029 -17.6861813000000012, 141.0653006000000005 -17.6840040999999992, 141.0640753000000132 -17.6824691999999999))
POLYGON ((152.2981801999999902 -4.4075407000000002, 152.2990690000000029 -4.4081105999999997, 152.2999417999999991 -4.4067578000000003, 152.2990529999999865 -4.4061877999999997, 152.2981801999999902 -4.4075407000000002))
POLYGON ((139.5049846999999943 -21.6959555000000002, 139.5051750000000084 -21.6965499000000008, 139.5052699999999959 -21.6965313000000002, 139.5053002999999876 -21.6965253999999987, 139.5053990000000113 -21.6965059999999994, 139.5051833999999928 -21.6959015999999991, 139.5049846999999943 -21.6959555000000002))
POLYGON ((139.5058305000000018 -20.7022070000000014, 139.5058242000000064 -20.7022359000000016, 139.5056482999999901 -20.7030580999999998, 139.5075113000000044 -20.7034559999999992, 139.5083056999999940 -20.6998891000000000, 139.5058205999999927 -20.6994311000000017, 139.5052627999999970 -20.7020881000000010, 139.5058305000000018 -20.7022070000000014))
POLYGON ((149.1671368000000086 -21.1444736999999989, 149.1672589000000073 -21.1443419000000006, 149.1626598999999942 -21.1437643000000008, 149.1612349000000108 -21.1452637999999986, 149.1658595000000105 -21.1458556999999985, 149.1664738000000057 -21.1451911999999993, 149.1667404000000090 -21.1449028000000006, 149.1671368000000086 -21.1444736999999989))
POLYGON ((164.8643313000000035 -21.0540136000000011, 164.8637659999999983 -21.0539440000000013, 164.8636889999999937 -21.0544827999999988, 164.8640450999999985 -21.0548532000000002, 164.8642566999999985 -21.0544963000000003, 164.8643313000000035 -21.0540136000000011))
POLYGON ((149.0391111000000137 -21.0907868000000001, 149.0394411999999988 -21.0902186000000000, 149.0390856999999869 -21.0902071000000007, 149.0388939000000050 -21.0905139999999989, 149.0391111000000137 -21.0907868000000001))
POLYGON ((148.0376082999999880 -22.0063414000000002, 148.0375615000000096 -22.0066948999999994, 148.0378112999999871 -22.0067233000000009, 148.0380568999999866 -22.0067516000000012, 148.0382851999999900 -22.0067777999999983, 148.0383332000000109 -22.0067832999999986, 148.0385565999999926 -22.0068090000000005, 148.0387848999999960 -22.0068352999999988, 148.0390281999999900 -22.0068632999999991, 148.0392594999999858 -22.0068899000000009, 148.0398518000000081 -22.0069590999999996, 148.0396374000000037 -22.0067084999999985, 148.0389432000000056 -22.0058970999999985, 148.0376864000000126 -22.0057521999999999, 148.0376656999999909 -22.0059082000000004, 148.0376593000000014 -22.0059563000000011, 148.0376119999999958 -22.0063135000000010, 148.0376082999999880 -22.0063414000000002))
POLYGON ((140.5210634000000027 -2.5603115000000001, 140.5210366999999962 -2.5603381999999999, 140.5210247999999922 -2.5603796999999999, 140.5210040000000049 -2.5604391000000000, 140.5209713000000136 -2.5605131999999999, 140.5209446000000071 -2.5606111000000000, 140.5209059999999965 -2.5606852999999998, 140.5208643999999936 -2.5607446000000000, 140.5209001000000058 -2.5607831999999999, 140.5209417000000087 -2.5608157999999999, 140.5209417000000087 -2.5608692999999998, 140.5209001000000058 -2.5608781999999999, 140.5208882000000017 -2.5609345000000001, 140.5208852000000093 -2.5610027999999998, 140.5208940999999925 -2.5610887999999998, 140.5209624000000019 -2.5611421999999999, 140.5209921000000008 -2.5612075000000001, 140.5210722999999859 -2.5612756999999999, 140.5211286999999913 -2.5613557999999998, 140.5211583999999903 -2.5614389000000002, 140.5211376999999970 -2.5614834000000002, 140.5210811999999976 -2.5614685000000001, 140.5210128999999881 -2.5615307999999999, 140.5210099999999898 -2.5615991000000000, 140.5209743000000060 -2.5617059000000002, 140.5209475999999995 -2.5618305000000001, 140.5209356999999954 -2.5619342999999999, 140.5209743000000060 -2.5619877000000000, 140.5210634000000027 -2.5619996000000000, 140.5211554999999919 -2.5620173999999998, 140.5212505000000078 -2.5620322000000000, 140.5213337000000138 -2.5620055000000002, 140.5214079000000140 -2.5620085000000001, 140.5214287000000013 -2.5620707999999999, 140.5214939999999899 -2.5621360000000002, 140.5215830999999866 -2.5621478999999998, 140.5216306000000088 -2.5620945000000002, 140.5216722000000118 -2.5620173999999998, 140.5217019000000107 -2.5619877000000000, 140.5217464000000120 -2.5619966000000001, 140.5217939000000058 -2.5619372999999999, 140.5218117999999947 -2.5618987000000000, 140.5217910000000074 -2.5618363999999998, 140.5217613000000085 -2.5617771000000000, 140.5217404999999928 -2.5617059000000002, 140.5217137999999863 -2.5616346999999999, 140.5217019000000107 -2.5615575000000002, 140.5217019000000107 -2.5614862999999999, 140.5216752000000042 -2.5614211000000000, 140.5216691999999910 -2.5613587999999998, 140.5216513999999961 -2.5612876000000000, 140.5216039000000023 -2.5612431000000000, 140.5215800999999942 -2.5611926000000000, 140.5215771999999959 -2.5611391999999999, 140.5215652999999918 -2.5610621000000000, 140.5215326000000005 -2.5609967999999999, 140.5214970000000108 -2.5609256000000000, 140.5214584000000002 -2.5608781999999999, 140.5214464999999961 -2.5608157999999999, 140.5214287000000013 -2.5607386999999999, 140.5213960000000100 -2.5606645000000001, 140.5213870999999983 -2.5605785000000001, 140.5213632999999902 -2.5605014000000001, 140.5213632999999902 -2.5604480000000001, 140.5213632999999902 -2.5603767999999998, 140.5213247000000081 -2.5603204000000002, 140.5212208000000089 -2.5603056000000000, 140.5211376999999970 -2.5603056000000000, 140.5210634000000027 -2.5603115000000001))
POLYGON ((164.2019605000000126 -20.2488127999999996, 164.2021670000000029 -20.2492002999999983, 164.2024271999999883 -20.2490242000000009, 164.2021589999999946 -20.2486969999999999, 164.2019605000000126 -20.2488127999999996))
POLYGON ((164.9016824999999926 -21.1102519999999991, 164.9016503999999941 -21.1108174999999996, 164.9023154999999861 -21.1108174999999996, 164.9023369999999886 -21.1102419999999995, 164.9016824999999926 -21.1102519999999991))
POLYGON ((164.6831201999999905 -20.9430690999999989, 164.6832382000000052 -20.9435499999999983, 164.6834312999999952 -20.9436903000000001, 164.6839892000000134 -20.9435299999999991, 164.6837854000000050 -20.9427684999999997, 164.6833025999999904 -20.9428285999999986, 164.6831201999999905 -20.9430690999999989))
POLYGON ((165.5531721000000118 -21.6018557000000015, 165.5538716000000079 -21.6016219999999990, 165.5541224000000113 -21.6014792000000000, 165.5544241000000056 -21.6009487000000000, 165.5542900000000088 -21.6006992999999987, 165.5540611000000126 -21.6008150000000008, 165.5539938000000006 -21.6009908999999993, 165.5538980999999978 -21.6011716999999983, 165.5537587000000030 -21.6013263000000002, 165.5530640000000062 -21.6015981000000004, 165.5531721000000118 -21.6018557000000015))
POLYGON ((166.2830712999999889 -22.1252549999999992, 166.2831414999999993 -22.1254601000000015, 166.2834305000000086 -22.1253753000000017, 166.2833602000000042 -22.1251700999999983, 166.2830712999999889 -22.1252549999999992))
POLYGON ((149.2051648999999998 -21.1148844999999987, 149.2046215000000018 -21.1152005000000003, 149.2044358999999929 -21.1164507999999991, 149.2049342999999908 -21.1165160999999983, 149.2051648999999998 -21.1148844999999987))
POLYGON ((145.4134271000000069 -6.1805152999999997, 145.4134420999999975 -6.1806137999999997, 145.4135224000000051 -6.1806292999999997, 145.4136200000000088 -6.1806289999999997, 145.4137093999999877 -6.1806054000000001, 145.4136909000000060 -6.1804693999999998, 145.4135722000000044 -6.1804912999999999, 145.4134271000000069 -6.1805152999999997))
POLYGON ((166.2949126000000035 -22.1209747999999990, 166.2948121999999955 -22.1210410000000017, 166.2947943000000066 -22.1211587999999999, 166.2948165999999901 -22.1212724999999999, 166.2948724000000027 -22.1213344999999997, 166.2949461000000042 -22.1214191999999983, 166.2949951999999882 -22.1214523000000014, 166.2950509000000068 -22.1214130000000004, 166.2950777000000073 -22.1212744999999984, 166.2950798999999904 -22.1211504999999988, 166.2950553999999954 -22.1210430000000002, 166.2950040999999999 -22.1209913000000000, 166.2949126000000035 -22.1209747999999990))
POLYGON ((146.2444328999999925 -20.0428362000000000, 146.2409117999999921 -20.0458184999999993, 146.2442943000000071 -20.0496410000000012, 146.2445084999999949 -20.0499131999999989, 146.2481744000000106 -20.0469308999999996, 146.2446093000000076 -20.0430314000000003, 146.2444328999999925 -20.0428362000000000))
POLYGON ((177.4401843999999926 -17.6215346000000004, 177.4400555999999938 -17.6221890999999999, 177.4394334000000129 -17.6222299999999983, 177.4400342000000137 -17.6236411000000004, 177.4416650000000004 -17.6232524999999995, 177.4408709999999871 -17.6218618999999990, 177.4401843999999926 -17.6215346000000004))
POLYGON ((166.2000001000000111 -21.5871941000000014, 166.2000355000000127 -21.5873691000000001, 166.2002324000000044 -21.5873345999999984, 166.2001970000000028 -21.5871595999999997, 166.2000001000000111 -21.5871941000000014))
POLYGON ((143.1432676000000015 -20.7455043000000003, 143.1428109999999947 -20.7485591000000014, 143.1442549999999869 -20.7487978999999996, 143.1446267999999975 -20.7460172999999983, 143.1438837000000035 -20.7459009999999999, 143.1439312999999913 -20.7455995000000009, 143.1432676000000015 -20.7455043000000003))
POLYGON ((136.7638216000000000 -12.1834729999999993, 136.7638324000000125 -12.1840524000000006, 136.7645405000000096 -12.1840524000000006, 136.7645405000000096 -12.1834729999999993, 136.7638216000000000 -12.1834729999999993))
POLYGON ((166.3063761999999883 -22.1525685999999986, 166.3062555999999859 -22.1525259000000005, 166.3060887999999977 -22.1525521999999988, 166.3059504000000004 -22.1526178999999992, 166.3058795000000032 -22.1526475000000005, 166.3058546000000035 -22.1527427999999986, 166.3059184999999900 -22.1528907000000004, 166.3057906999999886 -22.1530023999999983, 166.3059078000000000 -22.1531109000000015, 166.3060356000000013 -22.1530319999999996, 166.3061633000000086 -22.1530221000000012, 166.3064329999999984 -22.1526935000000016, 166.3063761999999883 -22.1525685999999986))
POLYGON ((149.0776777000000095 -21.1634515999999984, 149.0786380000000122 -21.1635689000000013, 149.0788483000000042 -21.1621227000000012, 149.0790403000000026 -21.1621471999999997, 149.0792511999999874 -21.1606963000000015, 149.0780990000000088 -21.1605537999999989, 149.0776777000000095 -21.1634515999999984))
POLYGON ((145.1312034000000040 -17.6836322000000017, 145.1293788000000120 -17.6834376000000013, 145.1291405000000054 -17.6852668000000008, 145.1310400000000129 -17.6854030000000009, 145.1312034000000040 -17.6836322000000017))
POLYGON ((146.9958579000000043 -6.7220732999999999, 146.9974812000000099 -6.7241932000000002, 146.9981248999999934 -6.7237349999999996, 146.9978427000000067 -6.7233305999999997, 146.9984650000000101 -6.7228830999999998, 146.9979178000000104 -6.7221905000000000, 146.9985004000000117 -6.7217425000000004, 146.9982075000000066 -6.7213593999999999, 146.9976593000000094 -6.7207068000000003, 146.9958579000000043 -6.7220732999999999))
POLYGON ((148.5417668999999989 -21.4036544999999983, 148.5413995000000114 -21.4038232999999991, 148.5415926000000013 -21.4042029000000014, 148.5419680999999912 -21.4040630000000007, 148.5417668999999989 -21.4036544999999983))
POLYGON ((145.4070695999999998 -16.9937240000000003, 145.4077224000000115 -16.9934715999999995, 145.4082362999999987 -16.9932458000000004, 145.4090558000000044 -16.9927343999999998, 145.4097642000000121 -16.9922296000000017, 145.4103753999999924 -16.9916982999999995, 145.4102503999999954 -16.9914525000000012, 145.4102157000000091 -16.9912466000000002, 145.4102573000000120 -16.9901905999999983, 145.4064098000000058 -16.9907551000000012, 145.4070695999999998 -16.9937240000000003))
POLYGON ((148.2313905999999974 -19.9995949999999993, 148.2310043999999891 -20.0030226999999989, 148.2330291000000102 -20.0032414000000003, 148.2333415999999886 -20.0001601999999998, 148.2313905999999974 -19.9995949999999993))
POLYGON ((176.7943229999999915 -2.6144444000000000, 176.7943175999999994 -2.6145434999999999, 176.7941862000000128 -2.6147149999999999, 176.7941701000000023 -2.6148435999999999, 176.7940977000000089 -2.6149428000000001, 176.7945215000000019 -2.6151409999999999, 176.7948058000000060 -2.6152804000000001, 176.7954253999999992 -2.6154492000000000, 176.7956130999999971 -2.6149266999999998, 176.7948273000000086 -2.6146855000000002, 176.7947575000000029 -2.6146077999999999, 176.7943229999999915 -2.6144444000000000))
POLYGON ((166.9552322000000117 -22.3613056000000014, 166.9553267000000005 -22.3613184999999994, 166.9553469999999891 -22.3611913999999992, 166.9552525999999943 -22.3611785000000012, 166.9552322000000117 -22.3613056000000014))
POLYGON ((145.4632197999999903 -16.5006507000000013, 145.4627400999999907 -16.5006011000000008, 145.4624483000000055 -16.5031925000000008, 145.4629280999999992 -16.5032421999999990, 145.4630053999999859 -16.5025553999999985, 145.4631227000000138 -16.5015135999999991, 145.4632197999999903 -16.5006507000000013))
POLYGON ((164.4319360000000074 -20.4322724999999998, 164.4320453999999927 -20.4321805000000012, 164.4320610000000045 -20.4320507999999990, 164.4320744000000047 -20.4319127000000016, 164.4321414000000061 -20.4317767000000003, 164.4321904999999902 -20.4316847000000017, 164.4321592000000010 -20.4316135000000010, 164.4320520999999928 -20.4315089000000008, 164.4319025000000067 -20.4314272999999993, 164.4314939999999865 -20.4318123000000007, 164.4319360000000074 -20.4322724999999998))
POLYGON ((167.2459701999999879 -20.8985288999999987, 167.2468426000000079 -20.8985170999999994, 167.2468628999999964 -20.8984510000000014, 167.2469312000000059 -20.8983305000000001, 167.2470500000000015 -20.8983115999999995, 167.2470323000000008 -20.8982737999999983, 167.2469944000000055 -20.8981579999999987, 167.2469108999999889 -20.8980658999999989, 167.2467693000000111 -20.8979974000000013, 167.2466024000000004 -20.8979478000000007, 167.2463950000000068 -20.8979382999999999, 167.2462711000000013 -20.8979737999999990, 167.2460714000000053 -20.8981746000000008, 167.2459651000000065 -20.8983209999999993, 167.2459701999999879 -20.8985288999999987))
POLYGON ((145.4204565999999943 -17.0092159999999986, 145.4187927000000116 -17.0090527999999992, 145.4184940000000097 -17.0109072999999995, 145.4194443000000092 -17.0110333999999987, 145.4206583000000137 -17.0110741999999995, 145.4208482999999887 -17.0092604999999999, 145.4204565999999943 -17.0092159999999986))
POLYGON ((142.1995099000000096 -21.6599415999999998, 142.1993803999999955 -21.6600399999999986, 142.1995531000000028 -21.6602363999999987, 142.1996827000000110 -21.6601379999999999, 142.1995099000000096 -21.6599415999999998))
POLYGON ((148.7086788999999953 -21.6840508000000014, 148.7097300000000075 -21.6875493000000006, 148.7101941999999895 -21.6874271999999984, 148.7122404000000131 -21.6869282000000005, 148.7112285999999983 -21.6834135000000003, 148.7091449000000125 -21.6839343000000007, 148.7086788999999953 -21.6840508000000014))
POLYGON ((147.2428922999999941 -9.4107053999999994, 147.2430103000000088 -9.4107371999999998, 147.2439436999999884 -9.4100491999999996, 147.2453170000000000 -9.4116475000000008, 147.2479669999999885 -9.4100280000000005, 147.2471087000000125 -9.4091178000000006, 147.2456028000000003 -9.4074238999999995, 147.2444643000000042 -9.4081705000000007, 147.2421557000000121 -9.4095682000000007, 147.2428922999999941 -9.4107053999999994))
POLYGON ((148.9640559999999994 -21.1451822000000007, 148.9638253999999904 -21.1469528000000011, 148.9647876999999880 -21.1470565000000015, 148.9650029000000018 -21.1452910000000003, 148.9640559999999994 -21.1451822000000007))
POLYGON ((146.6406864999999868 -7.1949470000000000, 146.6404469999999947 -7.1952426000000003, 146.6401122000000043 -7.1954270999999999, 146.6395851000000050 -7.1956609000000000, 146.6392811999999992 -7.1959070000000001, 146.6389773999999875 -7.1961592000000003, 146.6386612000000014 -7.1964730000000001, 146.6385247000000049 -7.1967806000000003, 146.6384131000000082 -7.1970451000000004, 146.6385929999999860 -7.1972665999999998, 146.6390766000000099 -7.1973342999999996, 146.6395168999999896 -7.1971005000000003, 146.6401494000000127 -7.1968790000000000, 146.6403602000000035 -7.1963869000000003, 146.6401803999999913 -7.1959315999999998, 146.6405090000000087 -7.1956609000000000, 146.6407136999999921 -7.1954887000000003, 146.6409554999999898 -7.1953041000000004, 146.6410980999999936 -7.1951071999999998, 146.6411415000000034 -7.1949595999999998, 146.6410732999999880 -7.1947995999999996, 146.6406864999999868 -7.1949470000000000))
POLYGON ((149.2111667000000068 -21.1198355000000006, 149.2113008999999977 -21.1189444000000002, 149.2114194000000111 -21.1181382999999983, 149.2110572999999931 -21.1180899000000011, 149.2111430999999868 -21.1175093999999994, 149.2103553999999974 -21.1174062000000013, 149.2092048000000091 -21.1172556000000000, 149.2080545000000029 -21.1171049000000011, 149.2068994999999916 -21.1169535999999987, 149.2067010000000096 -21.1182906999999993, 149.2065035999999907 -21.1196202000000000, 149.2076399000000038 -21.1196887999999987, 149.2079544000000055 -21.1197078000000005, 149.2109553999999889 -21.1198890000000006, 149.2111667000000068 -21.1198355000000006))
POLYGON ((164.2843537999999910 -20.5636575000000015, 164.2852335000000039 -20.5641044999999991, 164.2857592000000011 -20.5632656999999988, 164.2852972999999963 -20.5630595000000014, 164.2848687000000041 -20.5628488999999988, 164.2843537999999910 -20.5636575000000015))
POLYGON ((149.2122411000000000 -21.1197519000000007, 149.2147879999999986 -21.1192312000000015, 149.2156631999999945 -21.1190522999999999, 149.2158006999999884 -21.1187918000000003, 149.2162519000000032 -21.1185192999999991, 149.2162690000000111 -21.1184033000000007, 149.2162874999999929 -21.1182781999999989, 149.2160225000000082 -21.1182440000000007, 149.2152284000000009 -21.1182510999999984, 149.2145403000000101 -21.1181112999999989, 149.2143618000000060 -21.1180248000000006, 149.2142629999999883 -21.1179148000000012, 149.2132574000000034 -21.1177838999999992, 149.2129433000000063 -21.1183088000000012, 149.2126307000000054 -21.1186097000000004, 149.2125179999999887 -21.1186380999999983, 149.2123841000000084 -21.1195364999999988, 149.2121951999999965 -21.1195753000000011, 149.2122411000000000 -21.1197519000000007))
POLYGON ((145.5785841000000005 -17.2576776999999986, 145.5790748999999948 -17.2578321000000017, 145.5793269000000123 -17.2579166000000015, 145.5796731000000079 -17.2569201999999997, 145.5788574999999980 -17.2567102000000006, 145.5785841000000005 -17.2576776999999986))
POLYGON ((148.1042314000000033 -21.3403461999999990, 148.1071886000000006 -21.3406881000000013, 148.1074654999999893 -21.3406096000000005, 148.1070459000000028 -21.3392631000000002, 148.1043232000000103 -21.3400320999999984, 148.1042702999999960 -21.3400898000000012, 148.1042314000000033 -21.3403461999999990))
POLYGON ((177.4624795999999947 -17.6009941000000012, 177.4615906999999879 -17.6007792999999992, 177.4613960000000077 -17.6016179000000008, 177.4622237000000098 -17.6017815000000013, 177.4624795999999947 -17.6009941000000012))
POLYGON ((148.5645245000000045 -20.3962220999999992, 148.5647180999999932 -20.3946845000000003, 148.5647199999999941 -20.3946861000000013, 148.5640375000000120 -20.3938972000000014, 148.5638465000000110 -20.3938774000000009, 148.5635680000000036 -20.3961183999999989, 148.5639462000000037 -20.3961636999999989, 148.5645245000000045 -20.3962220999999992))
POLYGON ((140.5042775000000006 -2.5587008999999998, 140.5042238999999995 -2.5587276000000001, 140.5041948999999875 -2.5587409999999999, 140.5041682000000094 -2.5587989000000002, 140.5041860000000042 -2.5588679999999999, 140.5041816000000097 -2.5589081000000000, 140.5041548000000091 -2.5589349000000001, 140.5041035000000136 -2.5589349000000001, 140.5040298000000121 -2.5589327000000002, 140.5039830000000052 -2.5589371000000001, 140.5039294000000041 -2.5589661000000001, 140.5038936999999919 -2.5589951000000002, 140.5038915000000088 -2.5590486000000001, 140.5039116000000092 -2.5591086999999999, 140.5039562000000046 -2.5591577999999999, 140.5040098000000057 -2.5591645000000001, 140.5040587999999957 -2.5591510999999998, 140.5040611000000013 -2.5592134999999998, 140.5040387999999894 -2.5592826000000000, 140.5040186999999889 -2.5593205000000001, 140.5039918999999884 -2.5593382999999998, 140.5039451000000099 -2.5593406000000001, 140.5038959999999975 -2.5593851000000001, 140.5038603000000137 -2.5594030000000001, 140.5038201000000129 -2.5593762000000000, 140.5037754999999891 -2.5593450000000000, 140.5037197000000049 -2.5593406000000001, 140.5036795000000041 -2.5593918000000002, 140.5036661999999978 -2.5594608999999999, 140.5036818000000096 -2.5595143999999999, 140.5036483000000089 -2.5595389000000002, 140.5036125999999967 -2.5595924000000001, 140.5036148000000082 -2.5596592999999999, 140.5036215000000084 -2.5597216999999999, 140.5036504999999920 -2.5597840999999999, 140.5036772999999926 -2.5598264999999998, 140.5036728999999980 -2.5598866000000000, 140.5036705999999924 -2.5599267999999999, 140.5036751000000095 -2.5600092000000001, 140.5036885000000098 -2.5600738999999999, 140.5037107999999932 -2.5601497000000002, 140.5037264000000050 -2.5602165000000001, 140.5037620999999888 -2.5602543999999998, 140.5037419999999884 -2.5603235000000000, 140.5037241999999935 -2.5603992999999998, 140.5037197000000049 -2.5604705999999999, 140.5037241999999935 -2.5605509000000000, 140.5037509000000000 -2.5606021000000001, 140.5037643000000003 -2.5606355999999999, 140.5037398000000053 -2.5607069000000000, 140.5037218999999880 -2.5607625999999999, 140.5036929000000043 -2.5608317000000000, 140.5036684000000093 -2.5609074999999999, 140.5036728999999980 -2.5609476000000000, 140.5037107999999932 -2.5610078000000001, 140.5037465000000054 -2.5610591000000000, 140.5037866000000122 -2.5610946999999999, 140.5038268000000130 -2.5611126000000000, 140.5037888999999893 -2.5612151000000001, 140.5038201000000129 -2.5612529999999998, 140.5038737000000140 -2.5612841999999998, 140.5039940999999999 -2.5613288000000001, 140.5039807999999937 -2.5613667000000002, 140.5040566000000126 -2.5614067999999999, 140.5040878000000077 -2.5614157000000000, 140.5041569999999922 -2.5614423999999998, 140.5042238999999995 -2.5614490999999999, 140.5042931000000124 -2.5614135000000000, 140.5043555999999967 -2.5613576999999998, 140.5044024000000036 -2.5612976000000001, 140.5044292000000041 -2.5612240000000002, 140.5044359000000043 -2.5611481999999999, 140.5044694000000050 -2.5610545999999998, 140.5044962000000055 -2.5610189000000001, 140.5044983999999886 -2.5609632000000002, 140.5044916999999884 -2.5609253000000001, 140.5045251999999891 -2.5608384000000002, 140.5044938999999999 -2.5607826999999999, 140.5044715999999880 -2.5607313999999999, 140.5045028000000116 -2.5607001999999999, 140.5045564000000127 -2.5606800999999999, 140.5046121999999968 -2.5606556000000000, 140.5046613000000093 -2.5606289000000002, 140.5047035999999991 -2.5605775999999998, 140.5047438000000000 -2.5605262999999998, 140.5047683999999890 -2.5604773000000001, 140.5047683999999890 -2.5604260000000001, 140.5047749999999951 -2.5603658999999999, 140.5047883999999954 -2.5603256999999999, 140.5048174000000074 -2.5602632999999999, 140.5048375000000078 -2.5601942000000002, 140.5048530999999912 -2.5601185000000002, 140.5048396999999909 -2.5600649999999998, 140.5048241000000075 -2.5600114999999999, 140.5048107000000073 -2.5599580000000000, 140.5047950999999955 -2.5598888999999998, 140.5047996000000126 -2.5598287000000002, 140.5048063000000127 -2.5597685000000001, 140.5048063000000127 -2.5597127999999998, 140.5047840000000008 -2.5596681999999999, 140.5048063000000127 -2.5596258999999999, 140.5048197000000130 -2.5595880000000002, 140.5048041000000012 -2.5595433999999999, 140.5048041000000012 -2.5595055000000002, 140.5048041000000012 -2.5594698000000000, 140.5048041000000012 -2.5593895999999998, 140.5048017999999956 -2.5593406000000001, 140.5047816999999952 -2.5592982000000002, 140.5047728000000120 -2.5592647999999998, 140.5047950999999955 -2.5592223999999999, 140.5048241000000075 -2.5591689000000000, 140.5048264000000131 -2.5590975999999999, 140.5048041000000012 -2.5590373999999998, 140.5047728000000120 -2.5590107000000000, 140.5047728000000120 -2.5589816999999999, 140.5047728000000120 -2.5589438000000002, 140.5047706000000005 -2.5588991999999999, 140.5047527000000116 -2.5588502000000002, 140.5047527000000116 -2.5587833000000000, 140.5047415999999885 -2.5587165000000001, 140.5047527000000116 -2.5586741000000002, 140.5047594000000117 -2.5586294999999999, 140.5047415999999885 -2.5585738000000000, 140.5047080999999878 -2.5585024999999999, 140.5046678999999870 -2.5584422999999998, 140.5046366999999918 -2.5583621000000001, 140.5045631000000128 -2.5583686999999999, 140.5044627000000048 -2.5583843000000002, 140.5044047000000091 -2.5584088999999999, 140.5043132000000128 -2.5584623999999998, 140.5043310000000076 -2.5584780000000000, 140.5043913000000089 -2.5585515000000001, 140.5044426000000044 -2.5586630000000001, 140.5044470999999930 -2.5587209000000000, 140.5043934999999919 -2.5587365000000002, 140.5042775000000006 -2.5587008999999998))
POLYGON ((164.3829666999999972 -20.6714358000000011, 164.3827584999999942 -20.6715318000000003, 164.3829408999999941 -20.6718881000000003, 164.3831518000000074 -20.6717845999999987, 164.3829666999999972 -20.6714358000000011))
POLYGON ((165.4920253999999886 -21.5679471000000014, 165.4918203000000005 -21.5685226000000014, 165.4919805000000110 -21.5686180000000007, 165.4918044000000066 -21.5690026999999986, 165.4921869000000072 -21.5691468999999998, 165.4922679000000016 -21.5696243000000010, 165.4925369000000046 -21.5697837999999997, 165.4931612000000030 -21.5690491000000009, 165.4928141999999980 -21.5685053999999994, 165.4922826000000100 -21.5682282000000001, 165.4922990000000027 -21.5680568000000008, 165.4920253999999886 -21.5679471000000014))
POLYGON ((140.5028526000000113 -2.5591816999999999, 140.5028379000000029 -2.5594508000000000, 140.5028485999999930 -2.5596212999999999, 140.5028623000000039 -2.5598527000000000, 140.5028867000000048 -2.5601297999999999, 140.5030429999999910 -2.5601186000000000, 140.5030286999999873 -2.5600360000000002, 140.5030969000000027 -2.5600252999999999, 140.5030897000000039 -2.5599786000000000, 140.5030682000000013 -2.5598458000000002, 140.5030466000000047 -2.5597094000000000, 140.5030251000000021 -2.5596017000000000, 140.5031543999999997 -2.5596052999999999, 140.5031687999999974 -2.5594689000000002, 140.5032190999999955 -2.5593935000000001, 140.5032909999999902 -2.5593720000000002, 140.5033556999999860 -2.5593612000000001, 140.5033196999999916 -2.5592104000000000, 140.5028526000000113 -2.5591816999999999))
POLYGON ((165.2904493000000059 -21.2763472000000000, 165.2903011999999876 -21.2763455000000015, 165.2900950000000080 -21.2764975000000014, 165.2900950000000080 -21.2765480999999994, 165.2904436999999973 -21.2765044000000003, 165.2904493000000059 -21.2763472000000000))
POLYGON ((166.5445985000000064 -22.2237162999999995, 166.5443241000000114 -22.2230154000000013, 166.5434075000000007 -22.2232953000000002, 166.5430561999999952 -22.2239635000000000, 166.5428711000000135 -22.2242309999999996, 166.5428335000000004 -22.2245370000000015, 166.5430139000000054 -22.2247103000000017, 166.5433150000000069 -22.2247197999999990, 166.5435683000000040 -22.2246160000000010, 166.5440006999999980 -22.2242172999999994, 166.5445985000000064 -22.2237162999999995))
POLYGON ((165.3608265999999958 -21.3331297999999983, 165.3606541000000050 -21.3332484999999998, 165.3607778999999880 -21.3334195999999991, 165.3609241000000054 -21.3333568000000007, 165.3610027999999943 -21.3332520000000017, 165.3609278000000131 -21.3331926000000003, 165.3608265999999958 -21.3331297999999983))
POLYGON ((167.2507516999999950 -20.7640288999999996, 167.2506737999999871 -20.7641333000000010, 167.2509616000000108 -20.7643211000000001, 167.2510396000000128 -20.7642166999999986, 167.2507516999999950 -20.7640288999999996))
POLYGON ((143.1387957000000029 -20.7340079999999993, 143.1393563000000029 -20.7339294000000010, 143.1392864999999972 -20.7333674999999999, 143.1387312999999892 -20.7334510999999999, 143.1387957000000029 -20.7340079999999993))
POLYGON ((145.4958202999999912 -17.2764786999999984, 145.4950049999999919 -17.2764042999999994, 145.4935020000000065 -17.2762673000000007, 145.4934628999999973 -17.2766735000000011, 145.4936668999999938 -17.2768517999999993, 145.4939186999999947 -17.2772289999999984, 145.4944266999999911 -17.2777595999999996, 145.4950345000000027 -17.2781741999999987, 145.4956422999999859 -17.2786757999999985, 145.4958202999999912 -17.2764786999999984))
POLYGON ((147.8359508000000062 -20.5702615999999985, 147.8374753999999882 -20.5703940000000003, 147.8376102999999944 -20.5686235999999987, 147.8374215999999990 -20.5686232999999987, 147.8361073000000090 -20.5686740999999991, 147.8359508000000062 -20.5702615999999985))
POLYGON ((165.6828859999999963 -21.6961097000000009, 165.6832231999999863 -21.6958151000000008, 165.6832536000000005 -21.6955519000000017, 165.6828117999999961 -21.6951226000000013, 165.6826330000000098 -21.6952855000000007, 165.6828590000000077 -21.6955267999999997, 165.6826802999999870 -21.6959091000000015, 165.6828859999999963 -21.6961097000000009))
POLYGON ((145.1050300999999934 -15.2962837000000000, 145.1050973000000113 -15.2972207999999998, 145.1056933000000129 -15.2972432000000005, 145.1058016000000066 -15.2964119000000007, 145.1050300999999934 -15.2962837000000000))
POLYGON ((149.5285059999999930 -22.3517435000000013, 149.5283521000000064 -22.3528210999999999, 149.5292957000000058 -22.3529453999999994, 149.5294389000000024 -22.3518571000000001, 149.5285059999999930 -22.3517435000000013))
POLYGON ((166.4081223000000023 -21.7054037000000015, 166.4080104999999890 -21.7057083000000013, 166.4082635000000039 -21.7057885000000006, 166.4083752999999888 -21.7054837999999997, 166.4081223000000023 -21.7054037000000015))
POLYGON ((166.4482504000000063 -22.1524526000000002, 166.4475304999999992 -22.1530297999999988, 166.4479875000000106 -22.1536043000000014, 166.4484443000000056 -22.1534930999999986, 166.4482504000000063 -22.1524526000000002))
POLYGON ((166.1612766000000079 -21.9219362999999987, 166.1612551999999994 -21.9221752000000016, 166.1616629000000103 -21.9221950999999997, 166.1616842999999903 -21.9219760999999984, 166.1612766000000079 -21.9219362999999987))
POLYGON ((164.5762956000000088 -20.3927242000000000, 164.5766439999999875 -20.3929113000000015, 164.5770736000000056 -20.3922625999999987, 164.5770867999999894 -20.3920962000000010, 164.5769889000000035 -20.3919946000000003, 164.5768817000000013 -20.3919882000000001, 164.5767406999999878 -20.3920454999999983, 164.5762956000000088 -20.3927242000000000))
POLYGON ((165.2226722999999993 -20.7751373000000008, 165.2228332999999907 -20.7754684000000012, 165.2230264000000091 -20.7754383000000011, 165.2231551000000138 -20.7757292000000007, 165.2232624000000101 -20.7756790000000002, 165.2229834999999980 -20.7750470999999983, 165.2226722999999993 -20.7751373000000008))
POLYGON ((146.2682042000000138 -20.0846997000000016, 146.2680755000000090 -20.0861708000000014, 146.2711868000000095 -20.0864429000000015, 146.2712833999999873 -20.0849818000000013, 146.2682042000000138 -20.0846997000000016))
POLYGON ((167.0928992999999991 -20.7635557000000013, 167.0928102000000024 -20.7632858999999996, 167.0925576999999862 -20.7633587999999989, 167.0926468000000114 -20.7636286000000005, 167.0928992999999991 -20.7635557000000013))
POLYGON ((167.1045279999999877 -20.7586240999999987, 167.1044304000000125 -20.7589170000000003, 167.1047170999999878 -20.7590384999999991, 167.1048648000000014 -20.7587070000000011, 167.1045279999999877 -20.7586240999999987))
POLYGON ((142.2179979000000003 -10.5749832999999995, 142.2157995000000028 -10.5762043000000006, 142.2179438999999945 -10.5794224999999997, 142.2206025000000125 -10.5794674999999998, 142.2179979000000003 -10.5749832999999995))
POLYGON ((165.6145578000000000 -21.2933781999999994, 165.6146220999999912 -21.2936380999999990, 165.6151049000000057 -21.2935082000000016, 165.6149332999999899 -21.2932583000000015, 165.6145578000000000 -21.2933781999999994))
POLYGON ((135.5752237000000093 -20.6477493999999986, 135.5753176999999994 -20.6500771999999984, 135.5767709000000139 -20.6499972000000014, 135.5764824999999973 -20.6480509999999988, 135.5764460999999983 -20.6478053999999993, 135.5752237000000093 -20.6477493999999986))
