POLYGON ((-135.3228762999999901 57.0544784000000007, -135.3227481000000125 57.0549395000000032, -135.3233060000000023 57.0560334999999981, -135.3252157000000011 57.0554208000000003, -135.3247489999999971 57.0548198999999983, -135.3245129999999961 57.0548752999999991, -135.3243198000000120 57.0547731999999996, -135.3244163999999898 57.0546622999999968, -135.3240140999999994 57.0541517999999996, -135.3235757999999862 57.0541309999999982, -135.3232217999999989 57.0542944000000034, -135.3230178999999964 57.0540901000000034, -135.3228071000000057 57.0540846999999971, -135.3228762999999901 57.0544784000000007))
POLYGON ((-173.2502154999999959 64.4181384000000037, -173.2501350999999943 64.4182217999999978, -173.2501297000000022 64.4182913000000070, -173.2501350999999943 64.4183316999999960, -173.2503014000000121 64.4185066999999947, -173.2503978999999958 64.4185762000000040, -173.2505428000000052 64.4186318000000000, -173.2506930000000125 64.4186595999999980, -173.2517287999999951 64.4187191000000041, -173.2528140999999948 64.4187517999999955, -173.2532630999999981 64.4187330000000031, -173.2536476999999877 64.4186713999999938, -173.2539496999999926 64.4185638999999952, -173.2541428000000110 64.4184560000000062, -173.2541368999999918 64.4182935999999984, -173.2540081999999870 64.4180850999999990, -173.2534234999999967 64.4174689999999970, -173.2532914999999889 64.4173746999999963, -173.2530055999999945 64.4173154000000068, -173.2527743999999927 64.4172812999999991, -173.2525578000000053 64.4172851000000009, -173.2523667000000103 64.4173253000000017, -173.2504515999999910 64.4179993999999994, -173.2503227999999922 64.4180759000000052, -173.2502154999999959 64.4181384000000037))
POLYGON ((-135.8799112000000093 63.6144785999999982, -135.8795489999999972 63.6147265000000033, -135.8794613999999967 63.6148596999999967, -135.8795524999999884 63.6150836999999996, -135.8798308000000077 63.6152798999999973, -135.8802340000000015 63.6153651999999994, -135.8811155999999869 63.6153951000000006, -135.8812700000000007 63.6151009000000016, -135.8813665000000128 63.6146178999999989, -135.8814749000000006 63.6144662000000025, -135.8814959999999985 63.6143088999999975, -135.8814169999999990 63.6142775000000000, -135.8799112000000093 63.6144785999999982))
POLYGON ((-135.3332862000000034 57.0580963999999966, -135.3337367999999969 57.0580293000000012, -135.3336295000000007 57.0578891999999982, -135.3322133000000065 57.0570724000000027, -135.3313497000000041 57.0571365999999998, -135.3313871999999947 57.0578251000000023, -135.3332862000000034 57.0580963999999966))
POLYGON ((-135.3313497000000041 57.0571365999999998, -135.3322133000000065 57.0570724000000027, -135.3320952999999918 57.0565502999999978, -135.3315427999999940 57.0562235000000015, -135.3310974999999985 57.0560455999999974, -135.3306737000000055 57.0561243000000005, -135.3313497000000041 57.0571365999999998))
POLYGON ((-135.0838372000000049 59.7838429999999974, -135.0832513000000006 59.7842527000000032, -135.0838808999999969 59.7845468000000011, -135.0845195999999930 59.7842205999999976, -135.0838372000000049 59.7838429999999974))
POLYGON ((-135.3397414000000083 57.0531507000000033, -135.3384350999999981 57.0513347999999993, -135.3377878999999950 57.0513339999999971, -135.3369017999999926 57.0521822999999983, -135.3368226999999990 57.0522580000000019, -135.3362434000000007 57.0528125000000017, -135.3363576000000137 57.0528911999999977, -135.3370193000000086 57.0533471000000034, -135.3385480000000030 57.0532368000000005, -135.3397414000000083 57.0531507000000033))
POLYGON ((-135.1254372999999873 60.9873193000000029, -135.1254463999999871 60.9881401999999966, -135.1267473999999993 60.9881592999999995, -135.1267446999999891 60.9875307000000006, -135.1254372999999873 60.9873193000000029))
POLYGON ((-136.5689409000000012 62.8151286000000013, -136.5674760999999933 62.8156535000000034, -136.5689864000000000 62.8164644000000010, -136.5697854000000007 62.8161962000000003, -136.5702858999999876 62.8159624999999977, -136.5689409000000012 62.8151286000000013))
POLYGON ((-160.4974127000000124 55.3367187999999999, -160.4974267000000054 55.3366973999999985, -160.4973543000000120 55.3366821999999985, -160.4973409000000117 55.3367034999999987, -160.4974127000000124 55.3367187999999999))
POLYGON ((-136.4842605999999989 60.7874997999999991, -136.4836862999999880 60.7875281999999970, -136.4840140000000019 60.7889406999999977, -136.4858744000000002 60.7889438999999996, -136.4851189000000034 60.7877142999999975, -136.4842605999999989 60.7874997999999991))
POLYGON ((-135.3377878999999950 57.0513339999999971, -135.3384350999999981 57.0513347999999993, -135.3382090000000062 57.0510427000000035, -135.3380615000000091 57.0510718999999966, -135.3377878999999950 57.0513339999999971))
POLYGON ((-138.9961956999999870 61.3552563000000006, -138.9961189999999931 61.3552987999999999, -138.9960772999999961 61.3556515000000005, -138.9971893999999963 61.3556293999999980, -138.9972327000000121 61.3554080999999982, -138.9971879000000001 61.3550777999999966, -138.9961956999999870 61.3552563000000006))
POLYGON ((-137.5325232000000142 60.7542252000000005, -137.5323708999999894 60.7545785000000009, -137.5340381000000036 60.7549198000000032, -137.5342738999999881 60.7545811999999970, -137.5325232000000142 60.7542252000000005))
POLYGON ((-166.5237250000000131 53.8725054000000014, -166.5240843999999925 53.8724453000000025, -166.5243901999999991 53.8722903000000031, -166.5243633999999986 53.8719297000000026, -166.5235640999999873 53.8716577000000001, -166.5225556000000040 53.8718317000000013, -166.5209729999999979 53.8723412000000010, -166.5207322999999917 53.8724946000000031, -166.5204333000000076 53.8726833999999997, -166.5206278999999938 53.8728284000000031, -166.5207359000000054 53.8729629999999986, -166.5209040000000016 53.8731529000000009, -166.5210012999999947 53.8731821000000011, -166.5212206999999864 53.8731466999999995, -166.5215887999999893 53.8730455000000035, -166.5219727999999861 53.8729379999999978, -166.5223939999999914 53.8728012999999990, -166.5227372999999886 53.8726833999999997, -166.5228558000000021 53.8726186999999967, -166.5231566999999870 53.8725519999999989, -166.5237250000000131 53.8725054000000014))
POLYGON ((-150.1041417000000138 62.3216541000000035, -150.1038734999999917 62.3216989000000012, -150.1036482000000092 62.3217239000000021, -150.1033692000000030 62.3217288000000025, -150.1014487999999858 62.3217337999999970, -150.1014182000000119 62.3227659000000003, -150.1052913000000046 62.3227808999999979, -150.1052896999999859 62.3224165999999968, -150.1052913000000046 62.3223423000000025, -150.1052361000000133 62.3222571000000016, -150.1041417000000138 62.3216541000000035))
POLYGON ((-135.3193659000000082 57.0543679999999966, -135.3173976999999866 57.0546999999999969, -135.3177474000000018 57.0553129999999982, -135.3197155000000009 57.0549809999999979, -135.3193659000000082 57.0543679999999966))
POLYGON ((-173.2503818000000138 64.4173518999999999, -173.2499746999999957 64.4173918000000043, -173.2496093999999971 64.4174387999999993, -173.2492981999999984 64.4174967999999950, -173.2490198000000134 64.4175539999999955, -173.2488266999999951 64.4176142000000027, -173.2486657999999977 64.4176791000000009, -173.2486014000000125 64.4177509000000015, -173.2485799000000100 64.4178157000000056, -173.2487027999999896 64.4178117999999955, -173.2489655999999911 64.4177863000000031, -173.2492124000000047 64.4177423000000005, -173.2494919000000095 64.4176882999999947, -173.2497702999999944 64.4176264999999972, -173.2500439000000085 64.4175407999999976, -173.2502106999999967 64.4174775000000039, -173.2503280999999902 64.4173995000000019, -173.2503818000000138 64.4173518999999999))
POLYGON ((-173.2109217000000001 64.4355214999999930, -173.2106427999999880 64.4355211000000025, -173.2103638000000103 64.4355211000000025, -173.2101600000000019 64.4355446999999941, -173.2099776000000020 64.4355864000000054, -173.2087974000000088 64.4361784999999969, -173.2087115999999867 64.4362622999999957, -173.2087008999999966 64.4363873000000069, -173.2087651999999878 64.4365492999999958, -173.2088725000000125 64.4366327000000041, -173.2091622000000086 64.4366974999999940, -173.2095161999999959 64.4367021000000051, -173.2100205000000130 64.4366928999999971, -173.2103424000000018 64.4366418999999979, -173.2106750000000090 64.4365216000000061, -173.2109646000000112 64.4363687999999968, -173.2112758000000099 64.4361003000000068, -173.2114044999999862 64.4359474999999975, -173.2113937999999962 64.4358409999999964, -173.2113509000000136 64.4357159999999993, -173.2112328999999988 64.4356465999999983, -173.2111256000000026 64.4355812999999955, -173.2109217000000001 64.4355214999999930))
POLYGON ((-135.0690787000000057 60.7280026999999976, -135.0690789999999879 60.7284781999999979, -135.0699749000000054 60.7285983000000016, -135.0701013999999986 60.7282583000000002, -135.0690787000000057 60.7280026999999976))
POLYGON ((-166.5361225999999988 53.8758028000000024, -166.5362413000000004 53.8757268999999965, -166.5361033000000077 53.8756519000000011, -166.5359846000000061 53.8757279000000011, -166.5361225999999988 53.8758028000000024))
POLYGON ((-151.6560500999999874 59.6808726000000007, -151.6555640999999923 59.6800568999999967, -151.6533832000000075 59.6807700000000025, -151.6539821000000074 59.6815172000000018, -151.6560500999999874 59.6808726000000007))
POLYGON ((-135.0097087999999985 60.7113456000000014, -135.0098054000000047 60.7117103000000000, -135.0077384999999879 60.7118757000000002, -135.0081415999999876 60.7130744999999976, -135.0112401000000091 60.7128573999999972, -135.0114519999999914 60.7134372000000013, -135.0131199999999865 60.7133366999999993, -135.0129451999999901 60.7127053000000032, -135.0140408000000036 60.7126267000000013, -135.0149682999999925 60.7112643000000034, -135.0142339999999876 60.7111695999999981, -135.0132150000000024 60.7112663999999995, -135.0130931999999859 60.7110698999999983, -135.0097087999999985 60.7113456000000014))
POLYGON ((-149.8789351000000067 61.2164884000000029, -149.8789779999999894 61.2137193000000011, -149.8742143999999996 61.2137028000000001, -149.8742143999999996 61.2141243000000017, -149.8731929999999863 61.2141325999999992, -149.8732358999999974 61.2164760000000001, -149.8789351000000067 61.2164884000000029))
POLYGON ((-135.0639451000000122 60.7192840000000018, -135.0634396000000095 60.7186214000000035, -135.0610717000000136 60.7190226999999965, -135.0615545999999938 60.7196919000000008, -135.0639451000000122 60.7192840000000018))
POLYGON ((-139.4265258000000074 64.0587122999999963, -139.4261266999999975 64.0585942000000017, -139.4256128000000103 64.0589262999999960, -139.4260118999999918 64.0590444999999988, -139.4265258000000074 64.0587122999999963))
POLYGON ((-162.5560060999999905 66.8885092000000014, -162.5565908000000093 66.8883806999999990, -162.5569286999999861 66.8882353999999992, -162.5571433000000070 66.8880185000000012, -162.5571003999999959 66.8878332000000029, -162.5564352000000099 66.8878059000000036, -162.5555661999999870 66.8876079000000061, -162.5544289000000049 66.8883260000000064, -162.5550618999999983 66.8884249000000040, -162.5560060999999905 66.8885092000000014))
POLYGON ((-160.5008858999999859 55.3368371999999979, -160.5011378000000093 55.3365665999999976, -160.5009774000000107 55.3365182000000004, -160.5007254999999873 55.3367889000000019, -160.5008858999999859 55.3368371999999979))
POLYGON ((-160.4970310999999867 55.3419771000000011, -160.4961567000000002 55.3427306000000030, -160.4969505999999910 55.3430692000000022, -160.4972242000000051 55.3428801000000021, -160.4976586999999881 55.3425262000000018, -160.4974494999999877 55.3422546999999980, -160.4970310999999867 55.3419771000000011))
POLYGON ((-135.3395961999999884 57.0520686999999995, -135.3400790000000029 57.0519345000000015, -135.3401326000000040 57.0517681999999979, -135.3397678000000042 57.0513568000000006, -135.3392313999999885 57.0514852000000019, -135.3395050000000026 57.0517448000000016, -135.3395961999999884 57.0520686999999995))
POLYGON ((-139.4226452999999992 64.0677953000000002, -139.4222828000000050 64.0676758999999976, -139.4219249999999874 64.0679513999999983, -139.4223202000000015 64.0680284000000029, -139.4226452999999992 64.0677953000000002))
