POLYGON ((-52.8340154999999996 68.7135138000000012, -52.8343307000000024 68.7138161000000025, -52.8359633999999971 68.7136047999999988, -52.8355713999999992 68.7131999000000064, -52.8354339999999993 68.7132234000000039, -52.8351591999999997 68.7129431000000039, -52.8339023999999995 68.7130985999999950, -52.8333648999999994 68.7130604999999974, -52.8307623999999976 68.7133994000000001, -52.8304795000000027 68.7137089999999944, -52.8295904000000007 68.7138453999999967, -52.8297237999999965 68.7140009000000020, -52.8340154999999996 68.7135138000000012))
POLYGON ((-53.4567455999999979 68.3086153999999937, -53.4565387999999970 68.3087730000000022, -53.4567581000000018 68.3087775999999991, -53.4568707999999972 68.3087682999999970, -53.4570494000000025 68.3087533000000064, -53.4571151999999969 68.3087637000000001, -53.4571935000000025 68.3087613999999945, -53.4573218999999966 68.3087313000000051, -53.4574534999999997 68.3087242999999944, -53.4575348999999989 68.3087347999999963, -53.4576477000000025 68.3087371000000019, -53.4577541999999966 68.3087381999999934, -53.4581019000000026 68.3086306000000008, -53.4580893999999986 68.3085911999999951, -53.4580517999999998 68.3085449000000011, -53.4580517999999998 68.3084973999999931, -53.4579985000000022 68.3084395000000058, -53.4579797000000028 68.3083017999999953, -53.4579483999999994 68.3082299999999947, -53.4575474999999969 68.3081210999999939, -53.4568739999999991 68.3081478000000004, -53.4567517999999993 68.3081349999999929, -53.4567361000000005 68.3082392000000027, -53.4568300999999977 68.3083596000000028, -53.4567110999999997 68.3084221999999954, -53.4567455999999979 68.3086153999999937))
POLYGON ((-53.6584835999999967 70.7921340000000043, -53.6593874000000000 70.7921946000000020, -53.6594795999999974 70.7920663999999960, -53.6585615999999987 70.7920278999999937, -53.6584835999999967 70.7921340000000043))
POLYGON ((-53.4436699000000033 68.3118077999999969, -53.4433584000000010 68.3118017000000037, -53.4432839999999985 68.3123209999999972, -53.4435956000000019 68.3123271000000045, -53.4436699000000033 68.3118077999999969))
POLYGON ((-53.2082484000000022 71.5386835000000048, -53.2085421999999966 71.5388880999999941, -53.2085813999999999 71.5388829999999984, -53.2088229000000013 71.5390349000000043, -53.2098348999999970 71.5388384999999971, -53.2093354000000005 71.5385263000000009, -53.2082484000000022 71.5386835000000048))
POLYGON ((-51.8875384999999980 71.0503092999999950, -51.8882497000000029 71.0503618000000046, -51.8884279999999976 71.0500861999999955, -51.8880206999999984 71.0500549000000063, -51.8879724000000024 71.0500916999999959, -51.8877772000000022 71.0500698000000028, -51.8875384999999980 71.0503092999999950))
POLYGON ((-51.1173460999999989 69.2074882000000002, -51.1165889000000035 69.2078036999999995, -51.1177780000000013 69.2081632999999954, -51.1185351999999966 69.2078477000000021, -51.1173460999999989 69.2074882000000002))
POLYGON ((-56.1488877999999971 72.7802475000000015, -56.1476753999999971 72.7804888000000005, -56.1455600000000032 72.7801960000000037, -56.1448668999999967 72.7806987999999961, -56.1470746000000034 72.7810048999999992, -56.1474708000000007 72.7810628999999949, -56.1497997999999967 72.7805891999999943, -56.1499348999999981 72.7804868000000056, -56.1499285000000015 72.7802855999999991, -56.1488877999999971 72.7802475000000015))
POLYGON ((-69.1796824000000043 77.4633426999999983, -69.1799398999999937 77.4632263000000023, -69.1798754999999943 77.4631330999999932, -69.1789098999999936 77.4630259999999993, -69.1782017999999965 77.4630307000000045, -69.1778798999999935 77.4631889999999999, -69.1796824000000043 77.4633426999999983))
POLYGON ((-57.2166664000000011 74.5802087000000000, -57.2163115000000033 74.5803046000000052, -57.2170484999999971 74.5804973999999987, -57.2174034000000020 74.5804014999999936, -57.2166664000000011 74.5802087000000000))
POLYGON ((-52.3290488999999965 68.7446393000000029, -52.3289668000000034 68.7446541999999994, -52.3289349000000001 68.7446740000000034, -52.3289029999999968 68.7450441999999953, -52.3290351999999999 68.7450938000000065, -52.3299148999999986 68.7450888000000049, -52.3299513999999988 68.7446987999999948, -52.3290488999999965 68.7446393000000029))
POLYGON ((-53.5493053000000003 71.2394888000000037, -53.5504407999999970 71.2397811999999959, -53.5508973000000026 71.2395929999999993, -53.5509555000000006 71.2395623999999970, -53.5509169999999983 71.2395597999999950, -53.5507046999999972 71.2395137999999974, -53.5498902000000001 71.2392866999999939, -53.5493053000000003 71.2394888000000037))
POLYGON ((-55.5284334999999984 72.1566863000000041, -55.5276348000000013 72.1568867000000012, -55.5280910000000034 72.1572673000000009, -55.5287252999999978 72.1572191000000061, -55.5286502000000013 72.1566942999999981, -55.5284334999999984 72.1566863000000041))
POLYGON ((-52.3205785000000034 68.7454958000000005, -52.3206910999999977 68.7452993999999933, -52.3199776000000014 68.7452487999999988, -52.3196932999999973 68.7452411000000012, -52.3195860000000010 68.7454452000000060, -52.3198918000000006 68.7454568999999935, -52.3199830000000006 68.7454568999999935, -52.3205785000000034 68.7454958000000005))
