POLYGON ((-67.7200904999999977 -53.7840032000000008, -67.7221631999999971 -53.7854245999999989, -67.7209522999999933 -53.7860391999999976, -67.7196401000000066 -53.7867016000000007, -67.7185936000000055 -53.7859795000000034, -67.7175620000000009 -53.7852675999999974, -67.7187911999999983 -53.7846563000000017, -67.7200904999999977 -53.7840032000000008))
POLYGON ((-68.3203148999999996 -54.8102999999999980, -68.3197753999999975 -54.8109408999999985, -68.3186613000000023 -54.8104800999999995, -68.3189967999999936 -54.8100498000000016, -68.3203148999999996 -54.8102999999999980))
POLYGON ((-68.9202843999999999 -49.9746432000000027, -68.9189589000000069 -49.9743089999999981, -68.9198602000000022 -49.9727401999999969, -68.9212035999999983 -49.9730394999999987, -68.9202843999999999 -49.9746432000000027))
POLYGON ((-67.1284576000000044 -47.1841178999999968, -67.1280784000000068 -47.1846534000000020, -67.1271377000000058 -47.1843458000000027, -67.1275169000000034 -47.1838102999999975, -67.1284576000000044 -47.1841178999999968))
POLYGON ((-69.2217054999999988 -51.6341225999999978, -69.2236649999999969 -51.6357576999999992, -69.2214654999999937 -51.6367975000000001, -69.2194654000000043 -51.6351495999999983, -69.2217054999999988 -51.6341225999999978))
POLYGON ((-72.4866918000000027 -51.7363317000000009, -72.4884727999999967 -51.7382519000000016, -72.4876521000000054 -51.7381720999999999, -72.4875403000000063 -51.7384644999999992, -72.4820141000000007 -51.7377668999999969, -72.4829904000000056 -51.7363317000000009, -72.4866918000000027 -51.7363317000000009))
POLYGON ((-70.9002253999999965 -53.1544554999999974, -70.8990035000000063 -53.1549241000000023, -70.8974469000000056 -53.1554631999999998, -70.8965620000000030 -53.1545964000000026, -70.8974692999999974 -53.1540780999999996, -70.8972978000000040 -53.1536759000000032, -70.8966580000000022 -53.1532677000000007, -70.8941595000000007 -53.1516440999999986, -70.8970132999999976 -53.1506042999999977, -70.8985662999999988 -53.1524590000000003, -70.8995343999999932 -53.1536253000000016, -70.9002253999999965 -53.1544554999999974))
POLYGON ((-67.5297721000000024 -46.4253232000000011, -67.5300833000000011 -46.4257447000000028, -67.5306781999999970 -46.4255262000000002, -67.5314350999999959 -46.4265952000000013, -67.5310702999999961 -46.4266913000000017, -67.5317248000000063 -46.4276230999999981, -67.5301261999999980 -46.4281628999999967, -67.5284847000000070 -46.4257891000000029, -67.5297721000000024 -46.4253232000000011))
POLYGON ((-72.3458186999999953 -51.5464017999999982, -72.3453053000000068 -51.5449198999999965, -72.3457757999999984 -51.5448871999999980, -72.3461298999999940 -51.5448270999999991, -72.3466341000000028 -51.5447537000000011, -72.3466035000000005 -51.5450933999999990, -72.3468718000000024 -51.5459073999999973, -72.3469774000000001 -51.5460014000000015, -72.3469130999999948 -51.5461748999999969, -72.3458186999999953 -51.5464017999999982))
POLYGON ((-58.9398982000000018 -51.7968569000000016, -58.9402588000000023 -51.7963920999999985, -58.9405610000000024 -51.7964823000000010, -58.9406754000000035 -51.7966286999999994, -58.9406214999999989 -51.7968169000000032, -58.9404236000000026 -51.7969335000000015, -58.9401900000000012 -51.7969457000000020, -58.9398982000000018 -51.7968569000000016))
POLYGON ((-72.4969162999999952 -51.7272934000000006, -72.4972984000000054 -51.7274766000000028, -72.4955915000000033 -51.7280147999999969, -72.4948334999999986 -51.7272437999999966, -72.4949443999999943 -51.7269804000000022, -72.4969162999999952 -51.7272934000000006))
POLYGON ((-72.0576219000000009 -45.5723843999999971, -72.0563819000000052 -45.5703232999999983, -72.0564461000000023 -45.5702855999999983, -72.0586334999999991 -45.5705986999999979, -72.0593812000000042 -45.5705336999999986, -72.0600306999999987 -45.5716137000000003, -72.0576219000000009 -45.5723843999999971))
POLYGON ((-72.6720447000000007 -46.6241869999999992, -72.6717711000000008 -46.6244816999999969, -72.6714790000000050 -46.6243758000000028, -72.6717311000000024 -46.6240516000000014, -72.6720447000000007 -46.6241869999999992))
POLYGON ((-67.5114070999999996 -45.8668835000000001, -67.5121670000000051 -45.8670546000000030, -67.5141394999999989 -45.8674852999999985, -67.5142079000000024 -45.8675435999999976, -67.5141603999999944 -45.8709865000000008, -67.5140966000000020 -45.8710321000000008, -67.5111361999999957 -45.8709844999999987, -67.5099495999999988 -45.8709844999999987, -67.5099469000000028 -45.8710111999999981, -67.5098200999999989 -45.8710088999999996, -67.5097702000000055 -45.8709735999999992, -67.5097616000000045 -45.8668740000000028, -67.5098143999999962 -45.8668430000000029, -67.5114070999999996 -45.8668835000000001))
POLYGON ((-71.9406244999999984 -46.2793022999999977, -71.9407372999999950 -46.2800239999999974, -71.9398457000000064 -46.2800906000000012, -71.9397328999999957 -46.2793689000000015, -71.9406244999999984 -46.2793022999999977))
POLYGON ((-72.5671648999999945 -47.2494251000000034, -72.5674759999999992 -47.2503208999999984, -72.5661831999999976 -47.2505211000000003, -72.5658774000000051 -47.2496325999999982, -72.5671648999999945 -47.2494251000000034))
POLYGON ((-65.8747096000000028 -47.7466271999999989, -65.8740089000000069 -47.7471144000000010, -65.8711799999999954 -47.7452747999999971, -65.8718807000000055 -47.7447876000000022, -65.8747096000000028 -47.7466271999999989))
POLYGON ((-71.7138632000000058 -45.2695897999999985, -71.7131926999999934 -45.2698200999999969, -71.7128493999999961 -45.2696162000000015, -71.7136272000000048 -45.2692689000000001, -71.7138632000000058 -45.2695897999999985))
POLYGON ((-67.4669279000000017 -45.8101979999999998, -67.4633182999999974 -45.8102036000000012, -67.4633022000000011 -45.8088799000000009, -67.4655767999999938 -45.8088911999999979, -67.4669535000000025 -45.8101490999999967, -67.4669279000000017 -45.8101979999999998))
POLYGON ((-72.1471418000000000 -46.1252921000000029, -72.1472638999999987 -46.1258132000000032, -72.1467447999999933 -46.1258647000000011, -72.1466039999999964 -46.1253335999999976, -72.1471418000000000 -46.1252921000000029))
POLYGON ((-72.7085711000000003 -45.4007020999999966, -72.7108027000000021 -45.4012519999999995, -72.7118327000000022 -45.4017266000000035, -72.7116718000000049 -45.4023668999999970, -72.7100625000000065 -45.4023820000000029, -72.7098586000000040 -45.4023517999999981, -72.7079832000000010 -45.4017758999999970, -72.7085711000000003 -45.4007020999999966))
POLYGON ((-67.9862100999999939 -54.9016476999999981, -67.9864005000000020 -54.9018743999999970, -67.9860237000000041 -54.9019677000000001, -67.9859016000000054 -54.9018396999999965, -67.9859069999999974 -54.9017941999999977, -67.9862100999999939 -54.9016476999999981))
POLYGON ((-70.2436316999999946 -48.7444885000000028, -70.2431803000000059 -48.7436547000000004, -70.2442271000000034 -48.7433813000000029, -70.2448708999999951 -48.7433564999999973, -70.2452509000000020 -48.7440933999999970, -70.2436316999999946 -48.7444885000000028))
POLYGON ((-67.7053042000000005 -53.8206106000000020, -67.7047704000000010 -53.8207622999999984, -67.7039163000000030 -53.8198239000000029, -67.7044302999999985 -53.8196512000000027, -67.7053042000000005 -53.8206106000000020))
POLYGON ((-68.5249155000000059 -50.0282960999999986, -68.5255377000000010 -50.0287372000000019, -68.5256878999999941 -50.0290748999999977, -68.5244648999999981 -50.0297709999999967, -68.5244004999999987 -50.0299777999999975, -68.5238104000000021 -50.0298743999999971, -68.5237781999999953 -50.0299709000000021, -68.5230052000000001 -50.0298198999999997, -68.5234022000000067 -50.0288757000000004, -68.5237996999999979 -50.0289301999999978, -68.5249155000000059 -50.0282960999999986))
POLYGON ((-67.7200126999999981 -53.7841501999999991, -67.7219010000000026 -53.7854370000000017, -67.7197230000000019 -53.7865272000000019, -67.7178025000000048 -53.7852214999999987, -67.7200126999999981 -53.7841501999999991))
POLYGON ((-72.4924756000000059 -47.1168285999999981, -72.4924273000000028 -47.1169508999999991, -72.4922808000000032 -47.1169245000000032, -72.4921537000000029 -47.1169015999999985, -72.4922154000000063 -47.1167774999999978, -72.4924756000000059 -47.1168285999999981))
POLYGON ((-71.6183474999999987 -46.5529976999999988, -71.6183501000000007 -46.5539676000000000, -71.6182502000000056 -46.5539703000000031, -71.6182352000000009 -46.5544263999999970, -71.6177265000000034 -46.5544080000000022, -71.6177100999999965 -46.5534561999999994, -71.6177399000000037 -46.5532042999999973, -71.6178354999999982 -46.5529758999999999, -71.6183474999999987 -46.5529976999999988))
POLYGON ((-72.2245541000000060 -51.5924168000000023, -72.2245554999999939 -51.5923640999999975, -72.2267602999999951 -51.5924619999999976, -72.2266991000000047 -51.5937990999999982, -72.2244577999999962 -51.5937428000000011, -72.2245541000000060 -51.5924168000000023))
POLYGON ((-70.8988508999999993 -53.1149976000000024, -70.8986584999999963 -53.1153186000000019, -70.8976713999999930 -53.1151641000000012, -70.8969417999999933 -53.1150094999999993, -70.8961050000000057 -53.1148292000000026, -70.8954183999999970 -53.1148420999999971, -70.8944956999999931 -53.1149450999999999, -70.8932726000000031 -53.1149064999999965, -70.8920710000000014 -53.1147003999999967, -70.8907190999999983 -53.1144042000000027, -70.8905045000000058 -53.1139663000000013, -70.8898393999999996 -53.1127942999999973, -70.8878866999999957 -53.1123564000000030, -70.8858053000000012 -53.1115319999999969, -70.8857335000000006 -53.1116334000000023, -70.8836256999999961 -53.1111738999999972, -70.8834667999999937 -53.1111391999999967, -70.8844741999999997 -53.1101870000000034, -70.8868786000000028 -53.1110490000000013, -70.8875855999999942 -53.1111402000000012, -70.8878871000000004 -53.1113775000000032, -70.8881970999999993 -53.1115008000000017, -70.8890233000000052 -53.1115844999999993, -70.8891531000000015 -53.1115770999999981, -70.8893247000000031 -53.1115385000000018, -70.8894738999999987 -53.1114943999999980, -70.8896466000000061 -53.1114482999999993, -70.8900210000000044 -53.1113913000000011, -70.8902034000000043 -53.1113720000000029, -70.8904287000000011 -53.1113526999999976, -70.8906872999999962 -53.1113195000000005, -70.8909866000000051 -53.1112368000000004, -70.8912870000000055 -53.1111724000000009, -70.8915444999999949 -53.1111465999999979, -70.8918675000000036 -53.1111391999999967, -70.8921464000000014 -53.1111069999999970, -70.8923063000000013 -53.1110242000000028, -70.8924789999999945 -53.1109267000000003, -70.8926292000000018 -53.1109008999999972, -70.8928223000000060 -53.1108815999999990, -70.8929607000000033 -53.1108375000000024, -70.8930584000000010 -53.1107657000000017, -70.8931656999999973 -53.1106819000000030, -70.8933051000000063 -53.1105918000000017, -70.8937879000000066 -53.1105145000000007, -70.8954186999999934 -53.1099737999999988, -70.8962769999999978 -53.1106179000000012, -70.8963198999999946 -53.1110558000000026, -70.8963842999999940 -53.1113519999999966, -70.8966633000000002 -53.1117126999999982, -70.8976289000000008 -53.1122793999999985, -70.8986158999999958 -53.1125627999999992, -70.8989377999999988 -53.1128203999999968, -70.8991522999999972 -53.1131037000000035, -70.8994098000000008 -53.1133742000000026, -70.8988508999999993 -53.1149976000000024))
POLYGON ((-57.8495210000000029 -51.6931225000000012, -57.8496702999999997 -51.6937759999999997, -57.8450948999999994 -51.6941279999999992, -57.8448826999999994 -51.6932309000000032, -57.8470998000000023 -51.6931026000000031, -57.8471341999999993 -51.6933070999999984, -57.8480452000000014 -51.6932365999999988, -57.8490024999999974 -51.6931626000000009, -57.8495210000000029 -51.6931225000000012))
POLYGON ((-70.2515279999999933 -45.6914219000000017, -70.2505866999999995 -45.6925489999999996, -70.2494243999999952 -45.6918713999999966, -70.2503561000000047 -45.6909387999999979, -70.2515279999999933 -45.6914219000000017))
POLYGON ((-67.9594733999999931 -46.7817174999999992, -67.9581134999999961 -46.7811595000000011, -67.9585184999999967 -46.7806668999999999, -67.9588940999999949 -46.7806081000000020, -67.9591863999999930 -46.7806010999999984, -67.9614689999999939 -46.7805199000000016, -67.9618552000000022 -46.7809092999999976, -67.9594733999999931 -46.7817174999999992))
POLYGON ((-71.4476168000000058 -49.6005544000000000, -71.4476985000000013 -49.6008131999999975, -71.4463233999999972 -49.6009956999999986, -71.4462415999999934 -49.6007369000000011, -71.4476168000000058 -49.6005544000000000))
POLYGON ((-67.4516651999999937 -45.7910175000000024, -67.4531135999999947 -45.7919975000000008, -67.4522982000000013 -45.7926333999999997, -67.4509678999999949 -45.7927157000000022, -67.4501417000000032 -45.7920798000000033, -67.4516651999999937 -45.7910175000000024))
POLYGON ((-71.6977537000000069 -45.9220650000000035, -71.6978390000000019 -45.9225907000000007, -71.6967125000000038 -45.9227027000000021, -71.6965998000000013 -45.9221653000000032, -71.6977537000000069 -45.9220650000000035))
POLYGON ((-72.7189295000000016 -46.4563599999999965, -72.7189501999999948 -46.4566992999999968, -72.7182750999999996 -46.4567222000000015, -72.7182803999999976 -46.4563970000000026, -72.7189295000000016 -46.4563599999999965))
POLYGON ((-72.1351685000000060 -45.1623414000000025, -72.1350290000000030 -45.1626250999999996, -72.1346111000000008 -45.1626248999999973, -72.1347018000000020 -45.1628973999999985, -72.1340741000000065 -45.1629616999999968, -72.1339030000000037 -45.1625642999999997, -72.1343154999999996 -45.1620538999999965, -72.1344710999999990 -45.1624246000000014, -72.1351685000000060 -45.1623414000000025))
POLYGON ((-67.7358255999999983 -49.2957712999999984, -67.7365386000000029 -49.2965553000000014, -67.7333735999999931 -49.2977796999999995, -67.7327298000000013 -49.2970241000000016, -67.7358255999999983 -49.2957712999999984))
POLYGON ((-71.5149883999999929 -45.5523433999999980, -71.5146366999999969 -45.5524822000000000, -71.5144310000000019 -45.5522490999999974, -71.5147601999999978 -45.5521207000000032, -71.5149883999999929 -45.5523433999999980))
POLYGON ((-70.3689810999999992 -53.2903798999999978, -70.3672966999999971 -53.2903926999999982, -70.3673074000000014 -53.2891934000000020, -70.3689703999999949 -53.2891934000000020, -70.3689810999999992 -53.2903798999999978))
POLYGON ((-67.2553522000000044 -47.0308642000000034, -67.2562621000000007 -47.0316467999999972, -67.2551765000000046 -47.0322332000000003, -67.2542665999999940 -47.0314505999999994, -67.2553522000000044 -47.0308642000000034))
POLYGON ((-68.9360855999999984 -46.5329987000000003, -68.9361375000000010 -46.5330286000000015, -68.9364699000000059 -46.5348839999999981, -68.9343405999999987 -46.5350447000000003, -68.9340270999999944 -46.5331967999999989, -68.9340693999999985 -46.5331416000000004, -68.9360855999999984 -46.5329987000000003))
POLYGON ((-69.2797905000000043 -53.3915265999999988, -69.2798274000000021 -53.3917737000000017, -69.2795363000000037 -53.3917884000000029, -69.2795085000000057 -53.3915367000000032, -69.2797905000000043 -53.3915265999999988))
POLYGON ((-67.5113920999999948 -46.4493306000000032, -67.5112653000000051 -46.4493825999999999, -67.5111179000000021 -46.4492198000000016, -67.5112692000000010 -46.4491482000000033, -67.5113920999999948 -46.4493306000000032))
POLYGON ((-71.9325431000000037 -45.8157321999999994, -71.9323813000000030 -45.8157381999999984, -71.9321721000000025 -45.8155591000000015, -71.9320395999999960 -45.8154010000000014, -71.9322695000000039 -45.8152424000000025, -71.9326128000000011 -45.8150704000000033, -71.9328596000000005 -45.8151602000000011, -71.9330527000000046 -45.8153769999999980, -71.9331224000000020 -45.8155751999999978, -71.9327844999999968 -45.8156573999999992, -71.9325431000000037 -45.8157321999999994))
