-175.181050 -21.141494 -175.180329 -21.140695
-175.204277 -21.136531 -175.203558 -21.135904
-175.163686 -21.148613 -175.163081 -21.147727
-175.206029 -21.137870 -175.202010 -21.134726
-175.218320 -21.139455 -175.217596 -21.138573
-175.622058 -15.578418 -175.621368 -15.577920
-173.764251 -15.944914 -173.763851 -15.944538
-174.554169 -19.822326 -174.553780 -19.821963
-176.176155 -13.281246 -176.175463 -13.280557
-173.795479 -15.954596 -173.795023 -15.954212
-174.953885 -21.385843 -174.953449 -21.384832
-174.958014 -21.374849 -174.957189 -21.372728
-174.360890 -19.818082 -174.359878 -19.817121
-174.412542 -19.911716 -174.411950 -19.911170
-175.290888 -21.131848 -175.290497 -21.131106
-174.364029 -19.820811 -174.363516 -19.820288
-174.415104 -19.912631 -174.414718 -19.912357
-174.953968 -21.362889 -174.953378 -21.362438
-175.300814 -21.134971 -175.300314 -21.134445
-174.356855 -19.816268 -174.355227 -19.815221
-175.300526 -21.131750 -175.299477 -21.130524
-174.281761 -19.721783 -174.281286 -19.721487
-175.612283 -15.621384 -175.611950 -15.621057
-174.549717 -19.828981 -174.548962 -19.828459
-175.275986 -21.131574 -175.275322 -21.130811
-171.764361 -13.836373 -171.763636 -13.835574
-174.547550 -19.822087 -174.546967 -19.821630
-175.279434 -21.135703 -175.278516 -21.134942
-174.548369 -19.821116 -174.548129 -19.820883
-140.108448 -8.914111 -140.107541 -8.913393
-174.557329 -19.824030 -174.556990 -19.823725
-175.225337 -21.159142 -175.224616 -21.158529
-175.619562 -15.625228 -175.619075 -15.624858
-175.222111 -21.156739 -175.221302 -21.155917
-174.744713 -19.958468 -174.744250 -19.958070
-174.930511 -21.313338 -174.929893 -21.312785
-174.930180 -21.312627 -174.929963 -21.312428
-174.959238 -21.344012 -174.957944 -21.342023
-175.174912 -21.146545 -175.174477 -21.146230
-175.179773 -21.150363 -175.178852 -21.149643
-174.282974 -19.721313 -174.282618 -19.721008
-175.616521 -15.583033 -175.616114 -15.582682
-174.713293 -20.324920 -174.712759 -20.324523
-174.763698 -20.011701 -174.763414 -20.011458
-174.633776 -20.280457 -174.633386 -20.280153
-171.754670 -13.847247 -171.751370 -13.845690
-174.761618 -20.012579 -174.761386 -20.012342
-175.195451 -21.148709 -175.194964 -21.148339
-175.243679 -21.174170 -175.243153 -21.173705
-175.243283 -21.174747 -175.242760 -21.174156
-174.348266 -19.796208 -174.347789 -19.795745
-174.760636 -20.016878 -174.760293 -20.016615
-175.239149 -21.174866 -175.238343 -21.174160
-174.349718 -19.801275 -174.349157 -19.799964
-175.305032 -21.170685 -175.304406 -21.170069
-174.350250 -19.800414 -174.349391 -19.799110
-174.761216 -20.019935 -174.760895 -20.019732
-175.184120 -21.140173 -175.183602 -21.139605
-175.306555 -21.169564 -175.306160 -21.169220
-174.297381 -19.737917 -174.297021 -19.737625
-173.796920 -15.953030 -173.796336 -15.952412
-175.235912 -21.171813 -175.235433 -21.171384
-175.189999 -21.139367 -175.188334 -21.137298
-174.759479 -20.015057 -174.758942 -20.014615
-175.235280 -21.170832 -175.234960 -21.170510
-174.310053 -19.739675 -174.308281 -19.738434
-174.349683 -19.799175 -174.349282 -19.798674
-149.582311 -17.555705 -149.580938 -17.554088
-174.409211 -19.898167 -174.408651 -19.897015
-175.235733 -21.169586 -175.235192 -21.169001
-175.189939 -21.144777 -175.189643 -21.144478
-175.308223 -21.169955 -175.307142 -21.168792
-175.192589 -21.151191 -175.192132 -21.150551
-149.539752 -17.533618 -149.537122 -17.531135
-175.213896 -21.152633 -175.213080 -21.151759
-175.181041 -21.167701 -175.180674 -21.167294
-174.326714 -19.751926 -174.325956 -19.751054
-174.408746 -19.895550 -174.408477 -19.895200
-175.215368 -21.153061 -175.214646 -21.152581
-175.183608 -21.168475 -175.182952 -21.167795
-175.194700 -21.164309 -175.193957 -21.163641
-174.378380 -19.826602 -174.377909 -19.826173
-175.609417 -15.605466 -175.609138 -15.604794
-175.224576 -21.153931 -175.223930 -21.153308
-174.378103 -19.826268 -174.377437 -19.825443
-149.604152 -17.558156 -149.602978 -17.557252
-174.687742 -20.036584 -174.687347 -20.036268
-174.408180 -19.894511 -174.407830 -19.894184
-174.958532 -21.360062 -174.957931 -21.359403
-173.981899 -18.652490 -173.981007 -18.651739
-174.408970 -19.890846 -174.407589 -19.889275
-175.229088 -21.154899 -175.228520 -21.154373
-175.234840 -21.178915 -175.233787 -21.178011
-173.987242 -18.650953 -173.986504 -18.650380
-174.292143 -19.733811 -174.291188 -19.732751
-175.234178 -21.179381 -175.233496 -21.178528
-173.982656 -18.644589 -173.982184 -18.644155
-174.293159 -19.734678 -174.292482 -19.734334
-173.984503 -18.644286 -173.983871 -18.643870
-174.295387 -19.736680 -174.295193 -19.736476
-175.631803 -15.573667 -175.631189 -15.573291
-174.294388 -19.737959 -174.294133 -19.737736
-175.639046 -15.573100 -175.638572 -15.572870
-173.990304 -18.647500 -173.989418 -18.646759
-173.979715 -18.657280 -173.979187 -18.656608
-174.800067 -19.946630 -174.799595 -19.946063
-174.408194 -19.886307 -174.407909 -19.886022
-175.234804 -21.173970 -175.234440 -21.173617
-174.344890 -19.777719 -174.344428 -19.777403
-149.491211 -17.503695 -149.489966 -17.503376
-173.766705 -15.945395 -173.765747 -15.944627
-174.344603 -19.777163 -174.344025 -19.776655
-149.583590 -17.553738 -149.581060 -17.547299
-174.344594 -19.772375 -174.344127 -19.771832
-174.343682 -19.779070 -174.343412 -19.778703
-175.210357 -21.135263 -175.208648 -21.133340
-174.795023 -20.263039 -174.794376 -20.262421
-174.280962 -19.736866 -174.280620 -19.736589
-174.344480 -19.782795 -174.344050 -19.782353
-174.798324 -20.261016 -174.797558 -20.260157
-174.950398 -21.337510 -174.949827 -21.336964
-175.327452 -21.123741 -175.326872 -21.123261
-174.323609 -19.749278 -174.322882 -19.748647
-174.344140 -19.783947 -174.343842 -19.783504
-174.801382 -20.259522 -174.800600 -20.259028
-175.227880 -21.181649 -175.227070 -21.180980
-174.343542 -19.785385 -174.343340 -19.785132
-174.414642 -19.911804 -174.413342 -19.910556
-174.320700 -19.746517 -174.318925 -19.745010
-149.584429 -17.554495 -149.583833 -17.552956
-174.404893 -19.887852 -174.404237 -19.887147
-173.790862 -15.949991 -173.789985 -15.949379
-174.963889 -21.349477 -174.963413 -21.348846
-174.403554 -19.888127 -174.403263 -19.887887
-149.615812 -17.633859 -149.614411 -17.633341
-174.281656 -19.738499 -174.281381 -19.738133
-149.582817 -17.695238 -149.581725 -17.694973
-149.588120 -17.676994 -149.587311 -17.676034
-149.605436 -17.560409 -149.604443 -17.559545
-174.280259 -19.735537 -174.279916 -19.735216
-174.555985 -19.823251 -174.555575 -19.822896
-174.340022 -19.810372 -174.339800 -19.810097
-174.954189 -21.391120 -174.953149 -21.390500
-175.204014 -21.130340 -175.203057 -21.129486
-174.340057 -19.809775 -174.339836 -19.809551
-140.083675 -8.830139 -140.083243 -8.829466
-175.139682 -21.262315 -175.138912 -21.261745
-175.339566 -21.089405 -175.339188 -21.089112
-174.340863 -19.816851 -174.340043 -19.814170
-175.337454 -21.081217 -175.337048 -21.080931
-175.145094 -21.192607 -175.144257 -21.192017
-175.262247 -21.168845 -175.261932 -21.168513
-174.297327 -19.657164 -174.296904 -19.656586
-174.290100 -19.664712 -174.289801 -19.664443
-174.364509 -19.828017 -174.364134 -19.827713
-175.173191 -21.189957 -175.172700 -21.189472
-175.339541 -21.116816 -175.338833 -21.116363
-175.281796 -21.181983 -175.281345 -21.181656
-175.135750 -21.193465 -175.135462 -21.193262
-175.325294 -21.067554 -175.324682 -21.066988
-175.128859 -21.154070 -175.128250 -21.153555
-175.184614 -21.169685 -175.184110 -21.169181
-173.970398 -18.610059 -173.969878 -18.609576
-175.167296 -21.149429 -175.166834 -21.149075
-173.976339 -18.657436 -173.975749 -18.656748
-175.332263 -21.070982 -175.331922 -21.070643
-175.120050 -21.263485 -175.119676 -21.263145
-175.116236 -21.177170 -175.114745 -21.176062
-175.160352 -21.151677 -175.159738 -21.151291
-175.140205 -21.262702 -175.139891 -21.262287
-175.339882 -21.077539 -175.339435 -21.077038
-175.337024 -21.079020 -175.336646 -21.078719
-175.062806 -21.129518 -175.061063 -21.128382
-175.115057 -21.175690 -175.114588 -21.175326
-175.102677 -21.252528 -175.102374 -21.252223
-175.132404 -21.190277 -175.131730 -21.189865
-175.040617 -21.140904 -175.039995 -21.140161
-174.295677 -19.661288 -174.294988 -19.660711
-175.100177 -21.234541 -175.099633 -21.233820
-175.235449 -21.172224 -175.235116 -21.171900
-174.279584 -19.681558 -174.279010 -19.681016
-175.191766 -21.144420 -175.191375 -21.144095
-175.326265 -21.068065 -175.325898 -21.067758
-173.979397 -18.602645 -173.978767 -18.602131
-174.483475 -19.639845 -174.482592 -19.639118
-175.115525 -21.174990 -175.114723 -21.174335
-175.340193 -21.096924 -175.339967 -21.096764
-175.121584 -21.187527 -175.119107 -21.185782
-175.070005 -21.126828 -175.068795 -21.126260
-175.106775 -21.217634 -175.106055 -21.217139
-175.172688 -21.185772 -175.172453 -21.185498
-173.917470 -18.632020 -173.916756 -18.631268
-174.353343 -19.814471 -174.353026 -19.814151
-174.284761 -19.678534 -174.284247 -19.678205
-174.709402 -19.949110 -174.708641 -19.948395
-139.038916 -9.801296 -139.038117 -9.800181
-175.343615 -21.090494 -175.343342 -21.090283
-175.285671 -21.183998 -175.285122 -21.183486
-173.975529 -18.647842 -173.974794 -18.647216
-175.156499 -21.201429 -175.156027 -21.200979
-174.275071 -19.687749 -174.274938 -19.687627
-175.217460 -21.187932 -175.216949 -21.187376
-175.112949 -21.173272 -175.112512 -21.172846
-175.127109 -21.150091 -175.126665 -21.149689
-175.102130 -21.251958 -175.101647 -21.251460
-175.130847 -21.192254 -175.130493 -21.192085
-174.272989 -19.696788 -174.272274 -19.696204
-174.798230 -19.948788 -174.798027 -19.948606
-175.337382 -21.074129 -175.336993 -21.073829
-173.931558 -18.609923 -173.930819 -18.609212
-175.123375 -21.264668 -175.122936 -21.264275
-175.118748 -21.177907 -175.117689 -21.177081
-175.342055 -21.085090 -175.341668 -21.084736
-174.288776 -19.666306 -174.288269 -19.665810
-175.209788 -21.182714 -175.209611 -21.182612
-175.114557 -21.175818 -175.113983 -21.175280
-175.271437 -21.190238 -175.270691 -21.189664
-175.337459 -21.074634 -175.336789 -21.074109
-174.293561 -19.661647 -174.292848 -19.660868
-174.284278 -19.678593 -174.283856 -19.678298
-175.133949 -21.242616 -175.133167 -21.241705
-175.144375 -21.188444 -175.143758 -21.187759
-175.116689 -21.175103 -175.116214 -21.174648
-175.351067 -21.089114 -175.350756 -21.088814
-175.286347 -21.183048 -175.285883 -21.182726
-175.339787 -21.106626 -175.339342 -21.105958
-174.767743 -20.020500 -174.766609 -20.019552
-175.041873 -21.138814 -175.041432 -21.138434
-175.145441 -21.189465 -175.145155 -21.189190
-174.340426 -19.805264 -174.340041 -19.804607
-175.172397 -21.197434 -175.171670 -21.196579
-171.797922 -14.004490 -171.797875 -14.004443
-174.285246 -19.669953 -174.285057 -19.669723
-175.271008 -21.189468 -175.270190 -21.188642
-173.986005 -18.632612 -173.985083 -18.631885
-175.168932 -21.141545 -175.168769 -21.141212
-173.943075 -18.620818 -173.942767 -18.620642
-175.152575 -21.266772 -175.151689 -21.266216
-174.276785 -19.686133 -174.275974 -19.685391
-175.157034 -21.201073 -175.156610 -21.200520
-175.103315 -21.253745 -175.103036 -21.253432
-175.325421 -21.069170 -175.324843 -21.068797
-175.056416 -21.130843 -175.055500 -21.130240
-149.503774 -17.754516 -149.502683 -17.753515
-174.036304 -18.711733 -174.035508 -18.710852
-175.172745 -21.198139 -175.171777 -21.197219
-175.112276 -21.164560 -175.111682 -21.164062
-175.107164 -21.217120 -175.106347 -21.216733
-175.122642 -21.264198 -175.122317 -21.263854
-175.140503 -21.262949 -175.140304 -21.262748
-175.127947 -21.182526 -175.127685 -21.182325
-175.124401 -21.182631 -175.123734 -21.181909
-175.168664 -21.181173 -175.167827 -21.180596
-175.041574 -21.139608 -175.040886 -21.138882
-175.340027 -21.112124 -175.339553 -21.111756
-175.112534 -21.128128 -175.111923 -21.127328
-173.949742 -18.588490 -173.948942 -18.587739
-175.340365 -21.094229 -175.340068 -21.093956
-173.956223 -18.671728 -173.955606 -18.671297
-175.141010 -21.259652 -175.140612 -21.259262
-175.339581 -21.088180 -175.339329 -21.087884
-175.313057 -21.166184 -175.312491 -21.165608
-173.942069 -18.620072 -173.941705 -18.619878
-175.315379 -21.140556 -175.314794 -21.140008
-175.145758 -21.269601 -175.144498 -21.268991
-171.797168 -13.999922 -171.797075 -13.999863
-138.882736 -9.766306 -138.882206 -9.765827
-175.168754 -21.200107 -175.168332 -21.199816
-175.304776 -21.130986 -175.304343 -21.130508
-175.339888 -21.101443 -175.339347 -21.100829
-175.165131 -21.146175 -175.164809 -21.145822
-175.051773 -21.132073 -175.051086 -21.131609
-174.297467 -19.658742 -174.297066 -19.658400
-175.339313 -21.115270 -175.338758 -21.114817
-175.121776 -21.141178 -175.121151 -21.140680
-173.937296 -18.608818 -173.936667 -18.608174
-175.112105 -21.235443 -175.111734 -21.235132
-175.340427 -21.080422 -175.340229 -21.080260
-175.105867 -21.124408 -175.105063 -21.123675
-175.117322 -21.178174 -175.116246 -21.176917
-175.100558 -21.122578 -175.099984 -21.122077
-175.163930 -21.149173 -175.163378 -21.148608
-175.283391 -21.190305 -175.283020 -21.189949
-174.296812 -19.649954 -174.296355 -19.649417
-175.315254 -21.142767 -175.314667 -21.142180
-175.177183 -21.194609 -175.176225 -21.193649
-175.112050 -21.254145 -175.111250 -21.253481
-174.068280 -18.713585 -174.067598 -18.713142
-175.233921 -21.116337 -175.233738 -21.116174
-173.983189 -18.600801 -173.982093 -18.599806
-175.211174 -21.184554 -175.210361 -21.183789
-175.142161 -21.220818 -175.141203 -21.219885
-174.033100 -18.689426 -174.032481 -18.689025
-174.340342 -19.811491 -174.340033 -19.811252
-175.314324 -21.147064 -175.313673 -21.146527
-175.120831 -21.136310 -175.119961 -21.135738
-175.339695 -21.090135 -175.339322 -21.089854
-173.921164 -18.628630 -173.920899 -18.628387
-174.714730 -19.957126 -174.714226 -19.956585
-175.143946 -21.212148 -175.143677 -21.211887
-175.116929 -21.174798 -175.116470 -21.174397
-175.350958 -21.088906 -175.350730 -21.088675
-175.280658 -21.143480 -175.279873 -21.142801
-175.114866 -21.176810 -175.114552 -21.176427
-175.073111 -21.125740 -175.072151 -21.125100
-175.165534 -21.151816 -175.165259 -21.151444
-171.797886 -14.002017 -171.797828 -14.001975
-175.119693 -21.270450 -175.119359 -21.270242
-175.341983 -21.079984 -175.341480 -21.079456
-175.110923 -21.126974 -175.110258 -21.126241
