-42.967067 -22.827825 -42.966679 -22.827543
-43.221320 -22.886317 -43.219259 -22.884999
-44.582899 -22.644308 -44.582082 -22.643731
-43.424465 -22.781286 -43.421144 -22.778487
-43.694312 -22.921002 -43.690059 -22.918425
-44.135706 -22.725250 -44.135119 -22.724748
-43.191196 -22.961707 -43.185153 -22.956523
-43.402688 -22.845449 -43.397187 -22.842316
-43.357501 -22.933423 -43.354360 -22.931443
-43.051170 -22.557343 -43.049935 -22.556325
-42.024163 -22.878548 -42.023348 -22.877695
-42.973999 -22.826705 -42.972343 -22.825092
-44.133189 -22.728640 -44.132310 -22.727913
-42.939433 -22.861929 -42.938597 -22.861162
-44.777625 -22.538085 -44.776158 -22.537368
-43.189638 -22.511526 -43.187540 -22.508761
-44.251635 -23.190073 -44.251360 -23.189796
-43.047980 -22.915596 -43.044256 -22.911090
-43.610278 -22.686394 -43.608840 -22.684751
-43.041267 -22.653995 -43.040427 -22.653143
-43.656257 -22.645369 -43.655575 -22.644527
-43.053134 -22.823713 -43.052219 -22.822702
-44.715488 -23.215032 -44.714471 -23.214319
-42.480864 -22.611624 -42.480345 -22.611207
-42.689277 -22.563447 -42.687963 -22.561874
-44.183231 -22.540941 -44.181728 -22.538137
-43.188432 -22.813657 -43.186244 -22.810808
-43.197234 -22.898769 -43.196118 -22.897584
-43.038318 -22.967506 -43.037658 -22.966672
-41.940540 -22.531342 -41.940155 -22.530785
-43.361415 -22.750874 -43.358583 -22.748035
-43.452511 -22.754785 -43.450451 -22.750501
-43.405226 -22.893948 -43.400500 -22.888073
-43.283927 -22.880133 -43.278666 -22.875085
-43.197862 -22.920366 -43.194876 -22.917436
-43.107185 -22.864304 -43.103361 -22.859963
-43.225866 -22.886238 -43.218280 -22.880012
-43.229110 -22.624279 -43.226846 -22.621398
-43.094592 -22.923416 -43.093165 -22.922334
-43.032910 -22.820939 -43.029625 -22.818066
-43.326516 -22.834917 -43.320576 -22.830901
-43.296711 -22.790518 -43.293085 -22.788124
-44.965578 -22.592399 -44.963255 -22.590726
-43.423896 -22.793876 -43.418097 -22.789430
-43.780222 -22.868226 -43.779287 -22.867511
-42.025591 -22.967368 -42.024881 -22.966968
-44.960897 -23.069708 -44.959971 -23.068662
-43.449405 -22.887443 -43.445950 -22.884103
-44.448329 -22.676001 -44.447678 -22.675368
-43.307513 -22.778333 -43.305050 -22.775452
-42.629424 -22.712138 -42.628470 -22.711040
-12.309267 -37.065248 -12.308830 -37.064789
-12.309291 -37.065661 -12.308690 -37.065410
-43.380777 -22.794238 -43.378138 -22.792908
-42.600693 -22.864031 -42.600082 -22.863275
-44.037556 -22.952359 -44.036724 -22.951502
-43.397818 -22.757161 -43.395308 -22.755479
-43.190146 -22.510506 -43.189310 -22.509408
-43.223391 -22.888561 -43.219297 -22.887456
-43.378426 -22.794083 -43.375615 -22.792511
-44.194643 -22.836835 -44.193926 -22.836048
-43.574123 -22.910067 -43.572167 -22.906778
-43.711124 -22.618987 -43.710078 -22.617305
-43.222898 -22.887556 -43.219283 -22.886183
-43.060694 -22.829135 -43.057710 -22.827221
-43.376785 -22.796101 -43.374510 -22.793797
-42.262833 -22.725410 -42.261567 -22.724396
-43.225869 -22.888567 -43.218277 -22.880011
-41.990031 -22.598547 -41.989528 -22.597976
-44.169768 -23.143692 -44.169250 -23.143098
