-43.455294 -19.863111 -43.455014 -19.862881
-42.649232 -21.525715 -42.646335 -21.522230
-40.351762 -20.342684 -40.350583 -20.341564
-38.964568 -12.598292 -38.963971 -12.597430
-40.507042 -9.394874 -40.505607 -9.393066
-38.249325 -6.778762 -38.248225 -6.777267
-37.116950 -6.478662 -37.114574 -6.476322
-36.672599 -9.738857 -36.669697 -9.736051
-39.141311 -7.249530 -39.140420 -7.248824
-40.620787 -19.533470 -40.619022 -19.531635
-40.335075 -19.264915 -40.334415 -19.264211
-43.426989 -19.030523 -43.426035 -19.029674
-43.177745 -19.292770 -43.177445 -19.292230
-42.176121 -21.545047 -42.174796 -21.543687
-36.327260 -5.110825 -36.326708 -5.110264
-41.285819 -15.989402 -41.284985 -15.988403
-37.476847 -11.027383 -37.476132 -11.026808
-42.008980 -20.809975 -42.008137 -20.809132
-37.204411 -11.009738 -37.203224 -11.008669
-36.945277 -10.588495 -36.944141 -10.587198
-37.119214 -10.895914 -37.118887 -10.895601
-36.791743 -6.415903 -36.790709 -6.415282
-35.743429 -6.523809 -35.742228 -6.523079
-40.454082 -19.944732 -40.453723 -19.944409
-41.138942 -14.614802 -41.138249 -14.614146
-40.017156 -11.379141 -40.015976 -11.377929
-40.143532 -19.087368 -40.142825 -19.086658
-41.772408 -12.417003 -41.771668 -12.416381
-40.608826 -11.671256 -40.608269 -11.670874
-36.154164 -9.399996 -36.153286 -9.399051
-35.746751 -9.627426 -35.745215 -9.626382
-42.083717 -19.151032 -42.083268 -19.150475
-36.016903 -10.007660 -36.016543 -10.007357
-36.399576 -10.441693 -36.398682 -10.440928
-40.240694 -16.977311 -40.240136 -16.976538
-43.856783 -20.501235 -43.855812 -20.500301
-44.166676 -16.246019 -44.165320 -16.244850
-41.579605 -13.756301 -41.579156 -13.755846
-35.638378 -7.151722 -35.638065 -7.151293
-44.451472 -22.474839 -44.449068 -22.472124
-36.713342 -5.264851 -36.712751 -5.263816
-39.920124 -18.170589 -39.919580 -18.169980
-42.079208 -19.150622 -42.078620 -19.150039
-36.924381 -10.136754 -36.924074 -10.136421
-40.176435 -16.528104 -40.175823 -16.527369
-42.657046 -20.834579 -42.655899 -20.833838
-41.149029 -20.853202 -41.145516 -20.850543
-42.549502 -21.826508 -42.548917 -21.825867
-44.895106 -20.119804 -44.893452 -20.118212
-35.010299 -7.560835 -35.008097 -7.559330
-39.006084 -11.662256 -39.004909 -11.661521
-35.359731 -9.239059 -35.359214 -9.238625
-44.428951 -18.762955 -44.427709 -18.761368
-35.347115 -7.166885 -35.346455 -7.166231
-42.055254 -22.060849 -42.054278 -22.059771
-36.719811 -5.252516 -36.718837 -5.251821
-37.426135 -10.688814 -37.424453 -10.687714
-35.042706 -6.311427 -35.042144 -6.310867
-37.063063 -10.947329 -37.062634 -10.946979
-37.018520 -10.278359 -37.017243 -10.277230
-39.745071 -13.859928 -39.744403 -13.859146
-40.421681 -19.738714 -40.421104 -19.738084
-38.588541 -7.213506 -38.588030 -7.213075
-43.088739 -20.667040 -43.088213 -20.666683
-37.523712 -6.906867 -37.522956 -6.906235
-38.381032 -10.527950 -38.380700 -10.527392
-40.926831 -16.883592 -40.926054 -16.883013
-40.603977 -19.940786 -40.603098 -19.938623
-41.467338 -13.499306 -41.466828 -13.498826
-42.717955 -10.831082 -42.716574 -10.829149
-42.006507 -21.957010 -42.005386 -21.956170
-35.375690 -6.783813 -35.375296 -6.783398
-38.420490 -7.266230 -38.419895 -7.265651
-36.928601 -10.088720 -36.928199 -10.088333
-37.387900 -9.556225 -37.387130 -9.555604
-37.613990 -9.115928 -37.613264 -9.115203
-39.062342 -9.169123 -39.061521 -9.168119
-39.036385 -14.796281 -39.035078 -14.794880
-41.771021 -22.380689 -41.770130 -22.379898
-42.723603 -5.925848 -42.723015 -5.925244
-42.693697 -6.233940 -42.692249 -6.232655
-39.870275 -15.598519 -39.869113 -15.597504
-35.308062 -6.331123 -35.307480 -6.330576
-41.349345 -15.725550 -41.348494 -15.724714
-42.156161 -19.788507 -42.152668 -19.785600
-36.036313 -9.163245 -36.034481 -9.161092
-35.680393 -7.181914 -35.679024 -7.180707
-38.515289 -7.311558 -38.514679 -7.311007
-39.567008 -16.579511 -39.565453 -16.578359
-43.679650 -18.806052 -43.679207 -18.805305
-36.349284 -9.782276 -36.348190 -9.781180
-37.755494 -11.479195 -37.754443 -11.478371
-40.180307 -10.393360 -40.179730 -10.392703
-38.969971 -6.944165 -38.969215 -6.943552
-37.196669 -10.495608 -37.195221 -10.493994
-38.080268 -6.788898 -38.079624 -6.788030
-40.384159 -19.760251 -40.383161 -19.759554
-44.662129 -21.293790 -44.661244 -21.292956
-35.934457 -5.879844 -35.933892 -5.879335
-41.071698 -13.216414 -41.070791 -13.215563
-36.176231 -10.124671 -36.175215 -10.123587
-40.298892 -11.416738 -40.297872 -11.415947
-42.056714 -11.804552 -42.056077 -11.803679
-35.564944 -9.319983 -35.564085 -9.319245
-38.183723 -7.096230 -38.183380 -7.095896
-35.899526 -9.842334 -35.898857 -9.841043
-41.123494 -20.072219 -41.122131 -20.071024
-36.145281 -9.272306 -36.144907 -9.271933
-42.934238 -19.939623 -42.933746 -19.939126
-38.864659 -6.407830 -38.864007 -6.407287
-40.316148 -20.294763 -40.312275 -20.291480
-37.349671 -5.189897 -37.346735 -5.187544
-37.169648 -10.807622 -37.169274 -10.807266
-37.826030 -4.680524 -37.825096 -4.679871
-39.974609 -18.933940 -39.974078 -18.933297
-41.728100 -18.238030 -41.727170 -18.237248
-43.864511 -19.768484 -43.861098 -19.766773
-38.171116 -7.093216 -38.170700 -7.092826
-37.309335 -11.001881 -37.308594 -11.001176
-35.981760 -9.834496 -35.981270 -9.834052
-37.725622 -6.894071 -37.725110 -6.893630
-38.719630 -6.728829 -38.718936 -6.728392
-41.911080 -18.563887 -41.909950 -18.563124
-38.794845 -10.960861 -38.793384 -10.959791
-44.297140 -2.542536 -44.294217 -2.540152
-40.377368 -20.331760 -40.376095 -20.330209
-41.360931 -21.063338 -41.359116 -21.062526
-40.874340 -19.874733 -40.873284 -19.873988
-36.839696 -10.223504 -36.838983 -10.222607
-43.507670 -20.382169 -43.507412 -20.381931
-35.611368 -7.295366 -35.610294 -7.294146
-40.419819 -20.262550 -40.418805 -20.261633
-43.949805 -19.811255 -43.941660 -19.805586
-43.426786 -17.814187 -43.426270 -17.813733
-43.707757 -22.243408 -43.706456 -22.242261
-42.485426 -14.062600 -42.484543 -14.061566
-44.861308 -15.951080 -44.860128 -15.949910
-40.338637 -19.262585 -40.337941 -19.261806
-42.872806 -15.160737 -42.871349 -15.159740
-35.438992 -6.747178 -35.438145 -6.746481
-36.684223 -9.490619 -36.683736 -9.490310
-38.678769 -6.016784 -38.678201 -6.016252
-36.636666 -6.447505 -36.636167 -6.446050
-42.025276 -20.263937 -42.022731 -20.260218
-37.319537 -10.761647 -37.318597 -10.760871
-41.593552 -20.763565 -41.592787 -20.763037
-43.369815 -18.736782 -43.369270 -18.736324
-38.751791 -7.876419 -38.749741 -7.875135
-38.471109 -12.871539 -38.469952 -12.870592
-35.633453 -5.125783 -35.633079 -5.125304
-41.020562 -19.996827 -41.019883 -19.996270
-38.216429 -7.420527 -38.215856 -7.419948
-43.925391 -21.717219 -43.924981 -21.716683
-40.104094 -19.192985 -40.102538 -19.192357
-36.211693 -7.956535 -36.210020 -7.954790
-37.325223 -6.846597 -37.324880 -6.846277
-32.412933 -3.843561 -32.412292 -3.843045
-35.765745 -5.897099 -35.764892 -5.895696
-38.154879 -7.821033 -38.154284 -7.820469
-41.648704 -13.398470 -41.648335 -13.398131
-43.949765 -19.807216 -43.946443 -19.804623
-39.293954 -7.223641 -39.292293 -7.222914
-40.191245 -19.162484 -40.190531 -19.161792
-44.078948 -19.911054 -44.077190 -19.909507
-36.711858 -9.712823 -36.710852 -9.711588
-41.764386 -2.915209 -41.763125 -2.913418
-42.458218 -22.261723 -42.456944 -22.260999
-42.137299 -11.330761 -42.135965 -11.328798
-38.346947 -7.037421 -38.346308 -7.037028
-44.264602 -21.134283 -44.263972 -21.133628
-40.369942 -20.505315 -40.364508 -20.502818
-41.639385 -13.408659 -41.639107 -13.408421
-39.907884 -14.884828 -39.907327 -14.884101
-41.641112 -13.403482 -41.640972 -13.403332
-36.439990 -9.590354 -36.439568 -9.589963
-41.911320 -22.485338 -41.909378 -22.483435
-35.540020 -6.691412 -35.538609 -6.690103
-37.334480 -9.671422 -37.333820 -9.670970
-37.190626 -10.733536 -37.189931 -10.732954
-43.357818 -21.751479 -43.356240 -21.750372
-40.850770 -2.900181 -40.849323 -2.898792
-42.512761 -17.692314 -42.511372 -17.691072
-43.497786 -20.691233 -43.497218 -20.690648
-43.118020 -21.829674 -43.116942 -21.828667
-43.401718 -18.925490 -43.401451 -18.925115
-41.750924 -2.919321 -41.750435 -2.918784
-43.181800 -12.693889 -43.180710 -12.692929
-42.119623 -19.550354 -42.118292 -19.548806
-40.732000 -20.495871 -40.731566 -20.495469
-37.835083 -9.501963 -37.834431 -9.501263
-40.977033 -18.549230 -40.976340 -18.548794
-42.804647 -20.857395 -42.802921 -20.856413
-42.877403 -20.758742 -42.876615 -20.757498
-36.902229 -10.662880 -36.901821 -10.662474
-37.064672 -10.907505 -37.063618 -10.906388
-40.518691 -20.638581 -40.517771 -20.636832
-40.361319 -20.516652 -40.360642 -20.516420
-38.942992 -7.312384 -38.942077 -7.310968
-41.650028 -18.982977 -41.649272 -18.981390
-44.431070 -16.204619 -44.430450 -16.203576
-43.590816 -18.937490 -43.590476 -18.937167
-43.319508 -19.414311 -43.318865 -19.413668
-38.681041 -12.887251 -38.680104 -12.886809
-37.495606 -10.746915 -37.494534 -10.745946
-37.123754 -6.182682 -37.123300 -6.182291
-43.387755 -21.773434 -43.386468 -21.772514
-44.999464 -12.150942 -44.998455 -12.149808
-43.862541 -16.746142 -43.858314 -16.741641
-36.955452 -10.416940 -36.954766 -10.416243
-38.629601 -3.872903 -38.628478 -3.871573
-42.729059 -10.829958 -42.728056 -10.829115
-35.473260 -6.622299 -35.472268 -6.621181
-36.639496 -6.434946 -36.639117 -6.434242
-44.920323 -20.950092 -44.919295 -20.949074
-42.858535 -20.655034 -42.857872 -20.653840
-42.929894 -18.773593 -42.928145 -18.772326
-37.381426 -9.493374 -37.380705 -9.492907
-43.955072 -19.912969 -43.950463 -19.907924
-41.735762 -14.252529 -41.735088 -14.251910
-44.320701 -19.128603 -44.320233 -19.128005
-37.060608 -8.427817 -37.059160 -8.425659
-38.380765 -6.600476 -38.380168 -6.599836
-37.055791 -10.905130 -37.054552 -10.904002
-37.823128 -7.542598 -37.822414 -7.541901
-44.013516 -19.800163 -44.012335 -19.799237
-35.783432 -7.362057 -35.782910 -7.360974
-35.794032 -9.638087 -35.793743 -9.637629
-36.653276 -9.475100 -36.652402 -9.474355
-40.716095 -18.833215 -40.715745 -18.832878
-42.417975 -22.156223 -42.417559 -22.155688
-40.966162 -21.311067 -40.964441 -21.309801
-38.302676 -5.815266 -38.301542 -5.813964
-36.718026 -9.398160 -36.717463 -9.397604
-40.262666 -3.801799 -40.261975 -3.801179
-35.274541 -9.123972 -35.274475 -9.123909
-40.367028 -3.679797 -40.365851 -3.678470
-40.370675 -20.249605 -40.367649 -20.246637
-37.843775 -11.371192 -37.842643 -11.370372
-38.371803 -6.579186 -38.371094 -6.578482
-38.992734 -7.491938 -38.991119 -7.489992
-39.347164 -7.237422 -39.344780 -7.236138
-36.660545 -7.789454 -36.659529 -7.788626
-37.128918 -7.897739 -37.127358 -7.895335
-42.418789 -22.156076 -42.417985 -22.154929
-39.999662 -18.989970 -39.999218 -18.989491
-43.704070 -6.505491 -43.702995 -6.504309
-42.693235 -9.013112 -42.692243 -9.012288
-40.369202 -19.833042 -40.368321 -19.832046
-38.471984 -12.829157 -38.470956 -12.828439
-44.900278 -21.649995 -44.899618 -21.649385
-38.284462 -6.549548 -38.283438 -6.549138
-39.306764 -7.312808 -39.305343 -7.311337
-41.843548 -13.641381 -41.842164 -13.640484
-44.644879 -21.492821 -44.644092 -21.491981
-41.661778 -13.257162 -41.660865 -13.256628
-44.313473 -21.736246 -44.312593 -21.735264
-43.374685 -19.214394 -43.374367 -19.213714
-36.240715 -7.258572 -36.239815 -7.257936
-36.435377 -8.754432 -36.434812 -8.753745
-37.058275 -10.077840 -37.057888 -10.077443
-36.657788 -5.961173 -36.656952 -5.960475
-34.893424 -7.125151 -34.890917 -7.123105
-35.758720 -9.132647 -35.758341 -9.132314
-35.010230 -6.371722 -35.009361 -6.370937
-39.859590 -18.716052 -39.858498 -18.715176
-36.835618 -5.338574 -36.834677 -5.337700
-42.657366 -22.478896 -42.656434 -22.477895
-37.395138 -6.663744 -37.394342 -6.662841
-37.932358 -7.196359 -37.931108 -7.195467
-43.823769 -22.467941 -43.821919 -22.466202
-35.648159 -7.202402 -35.647622 -7.201904
-35.085644 -7.140006 -35.084637 -7.139120
-35.898021 -7.215003 -35.895580 -7.212836
-36.305328 -9.688524 -36.304128 -9.686729
-41.460311 -21.203071 -41.459658 -21.202397
-34.860934 -7.114479 -34.859834 -7.113633
-38.375388 -12.945669 -38.374272 -12.945112
-41.777851 -2.908392 -41.776062 -2.907423
-38.686670 -8.724239 -38.685972 -8.723558
-40.408675 -19.999367 -40.407769 -19.998601
-38.181542 -10.715841 -38.180305 -10.714783
-43.309388 -19.954495 -43.308971 -19.954071
-36.218363 -9.646616 -36.217756 -9.645734
-36.834659 -10.183086 -36.834170 -10.182596
-42.125191 -22.493765 -42.124836 -22.493259
-40.907874 -14.886396 -40.907333 -14.886006
-36.478310 -8.798794 -36.477412 -8.798020
-41.465353 -21.225998 -41.464141 -21.225008
-35.820882 -9.600169 -35.820232 -9.599526
-37.556323 -10.806878 -37.555788 -10.806094
-37.784451 -9.652648 -37.783848 -9.652065
-38.215701 -8.452181 -38.215325 -8.451785
-41.533058 -20.766244 -41.531588 -20.765267
-40.356488 -20.313648 -40.354087 -20.311310
-39.829309 -19.646683 -39.828333 -19.646282
-37.305013 -7.158693 -37.304351 -7.157976
-40.198610 -10.466622 -40.197478 -10.464905
-36.861518 -10.738363 -36.860874 -10.737667
-40.538272 -18.127136 -40.537412 -18.126166
-43.777875 -20.754730 -43.777392 -20.754192
-40.161904 -4.331603 -40.160564 -4.330547
-43.496535 -16.478060 -43.495592 -16.476764
-36.219150 -9.646807 -36.218374 -9.645856
-36.833863 -10.183515 -36.833335 -10.183075
-39.892455 -14.123552 -39.891788 -14.122816
-39.941527 -14.075656 -39.940540 -14.074675
-36.488478 -8.708799 -36.487819 -8.708217
-37.794202 -11.274271 -37.793344 -11.273189
-43.373474 -19.512135 -43.372807 -19.511606
-40.268910 -19.810295 -40.267230 -19.808780
-35.368652 -9.265427 -35.368026 -9.264757
-36.810514 -7.394643 -36.810131 -7.394193
-37.147629 -10.681649 -37.147244 -10.681351
-37.728480 -11.064776 -37.727622 -11.063800
-42.376177 -15.019126 -42.375584 -15.018639
-37.571149 -10.795390 -37.570522 -10.794654
-41.535371 -20.767080 -41.534326 -20.766076
-41.265022 -20.762002 -41.264576 -20.761556
-41.805715 -20.633392 -41.805429 -20.633135
-36.784709 -5.069938 -36.783790 -5.069435
-35.460566 -8.840756 -35.459960 -8.840113
-35.240968 -5.812996 -35.237870 -5.810675
-39.288007 -11.567207 -39.286722 -11.565988
-44.071022 -19.889205 -44.070416 -19.888625
-43.806835 -19.890393 -43.806427 -19.890062
-43.810073 -20.826697 -43.809046 -20.825810
-39.293230 -7.223151 -39.290544 -7.222160
-39.259029 -11.511340 -39.258758 -11.511027
-36.770869 -9.612575 -36.769903 -9.611501
-35.843748 -9.731601 -35.843331 -9.731065
-41.290540 -20.145917 -41.289870 -20.145306
-36.808533 -7.392209 -36.808134 -7.391826
-35.343757 -9.219862 -35.343328 -9.219531
-41.612955 -15.183279 -41.612510 -15.182797
-37.398273 -9.679935 -37.397818 -9.679545
-42.821995 -5.080737 -42.819466 -5.078617
-44.057987 -2.557977 -44.056614 -2.557313
-42.484898 -9.998030 -42.483863 -9.996878
-40.355948 -20.311501 -40.355269 -20.310854
-37.397568 -6.949416 -37.397203 -6.948905
-40.409272 -20.360029 -40.408460 -20.359064
-40.376824 -20.307157 -40.375739 -20.306426
-44.557908 -19.707571 -44.557518 -19.707026
-37.983480 -4.939852 -37.981777 -4.938275
-41.597870 -13.273160 -41.597409 -13.272796
-43.017218 -19.393722 -43.016818 -19.393424
-39.592396 -14.863950 -39.590961 -14.863105
-36.417246 -8.708939 -36.416331 -8.707775
-37.275834 -8.365063 -37.275274 -8.364516
-36.982817 -4.945119 -36.981927 -4.944545
-35.135601 -6.376529 -35.134847 -6.375487
-43.966368 -19.900871 -43.960855 -19.894042
-34.987790 -7.128755 -34.985783 -7.127376
-40.489851 -20.463278 -40.489212 -20.462689
-38.104298 -5.153350 -38.103252 -5.152121
-35.637492 -6.824256 -35.636695 -6.823760
-38.214151 -10.595980 -38.213491 -10.595332
-42.141591 -6.198359 -42.140454 -6.197345
-39.961980 -18.292849 -39.961106 -18.291517
-40.654594 -14.785322 -40.654022 -14.784819
-40.540731 -14.801225 -40.540137 -14.800324
-36.258984 -6.644666 -36.258259 -6.644326
-44.055329 -19.966761 -44.052665 -19.964233
-40.090447 -13.852564 -40.089089 -13.850926
-37.016028 -8.514762 -37.015733 -8.514535
-37.458924 -10.401506 -37.458112 -10.400712
-37.751746 -9.219505 -37.750498 -9.218691
-36.433204 -9.845753 -36.432663 -9.845042
-40.811164 -20.792869 -40.810442 -20.792171
-38.180286 -6.519696 -38.179765 -6.519493
-38.848139 -4.149747 -38.847286 -4.148623
-37.031597 -10.907479 -37.031019 -10.906315
-40.390987 -20.293585 -40.387097 -20.291366
-40.629844 -20.651157 -40.629069 -20.650635
-37.768341 -4.555554 -37.767252 -4.554163
-36.360898 -9.924654 -36.360126 -9.923139
-36.202866 -9.498369 -36.202251 -9.497877
-36.628495 -9.640511 -36.627879 -9.640015
-41.538466 -13.763131 -41.537763 -13.762492
-40.932586 -17.088800 -40.931438 -17.087850
-35.402140 -9.050722 -35.401332 -9.049590
-42.012859 -19.528185 -42.011865 -19.527749
-38.625534 -7.994905 -38.624591 -7.993957
-41.026189 -19.692478 -41.025592 -19.691916
-38.365164 -12.928022 -38.364028 -12.926346
-36.585637 -7.068545 -36.584714 -7.067413
-40.390584 -20.293972 -40.388999 -20.292219
-41.076744 -10.970564 -41.076105 -10.969890
-36.608083 -7.628255 -36.607598 -7.627461
-44.117807 -22.383882 -44.117016 -22.383409
-37.085978 -8.567125 -37.085609 -8.566698
-43.227964 -19.620313 -43.227026 -19.619657
-39.688564 -12.954524 -39.687789 -12.953871
-35.781169 -7.307889 -35.780803 -7.307510
-41.666607 -22.199673 -41.665284 -22.198814
-37.799108 -5.643254 -37.797628 -5.642466
-40.340831 -3.708673 -40.339694 -3.707468
-40.504603 -19.571915 -40.503929 -19.571118
-39.105955 -12.670955 -39.104421 -12.669516
-38.780000 -7.169558 -38.778992 -7.168925
-36.127389 -5.352551 -36.126943 -5.352219
-34.830743 -6.983531 -34.829729 -6.982418
-44.308787 -20.264150 -44.307786 -20.263292
-39.989219 -6.778714 -39.988407 -6.778016
-40.445797 -19.371033 -40.445244 -19.370562
-40.149954 -14.798082 -40.149325 -14.796931
-40.964805 -14.840417 -40.964453 -14.840005
-40.941430 -14.941603 -40.940690 -14.940919
-43.136392 -19.354045 -43.135876 -19.353583
-36.568175 -9.990058 -36.567730 -9.989268
-36.077802 -9.414200 -36.077134 -9.413511
-36.023079 -7.421260 -36.022354 -7.420522
-38.069643 -7.422277 -38.068522 -7.421282
-37.181975 -8.414196 -37.181617 -8.413677
-37.130202 -9.569505 -37.129785 -9.568925
-42.797307 -21.153226 -42.796543 -21.152367
-36.268267 -9.806715 -36.267815 -9.806281
-42.142867 -13.419579 -42.142185 -13.419094
-43.847240 -19.984375 -43.845030 -19.983008
-40.398956 -20.349574 -40.397371 -20.348276
-37.621510 -5.081353 -37.619949 -5.080493
-40.535784 -9.353054 -40.534627 -9.352206
-38.450528 -6.724428 -38.449699 -6.723469
-38.780049 -7.167062 -38.779546 -7.166689
-36.127255 -5.352060 -36.126762 -5.351657
-40.442745 -20.316607 -40.441747 -20.315094
-41.682078 -21.128417 -41.680585 -21.126836
-40.470454 -9.386382 -40.466846 -9.383671
-35.210644 -7.250615 -35.210018 -7.250129
-41.262446 -15.037774 -41.261582 -15.036725
-41.770097 -13.757394 -41.768734 -13.756238
-37.157421 -8.622466 -37.156527 -8.621083
-44.155812 -5.745885 -44.154406 -5.744046
-40.316170 -10.498730 -40.314548 -10.497462
-37.512358 -7.384929 -37.511669 -7.384246
-37.686436 -9.180980 -37.686086 -9.180517
-29.310024 -20.507759 -29.309785 -20.507529
-36.924938 -10.340808 -36.924463 -10.340337
-39.792049 -19.581805 -39.791300 -19.581044
-36.474910 -8.892333 -36.473590 -8.891021
-40.117683 -10.400365 -40.116714 -10.399410
-38.156490 -7.709418 -38.155970 -7.708996
-40.719653 -17.081545 -40.718855 -17.080536
-41.892175 -13.230935 -41.891821 -13.230679
-37.891887 -9.337707 -37.891424 -9.337155
-40.090092 -18.491249 -40.089599 -18.490670
-44.075744 -19.563332 -44.073799 -19.561543
-42.654111 -20.223069 -42.653069 -20.222405
-37.537107 -9.411267 -37.536760 -9.410917
-43.998410 -19.952946 -43.991188 -19.947558
-36.561896 -10.424658 -36.561500 -10.424185
-40.817286 -19.534091 -40.816528 -19.533560
-43.096563 -20.913582 -43.095433 -20.912460
-40.450460 -19.926351 -40.450127 -19.926004
-43.508375 -20.384662 -43.507980 -20.384118
-40.388956 -20.293909 -40.387519 -20.293122
-40.284925 -20.219443 -40.282195 -20.217512
-35.600315 -6.153785 -35.599749 -6.152640
-41.314977 -21.601103 -41.313700 -21.600431
-34.853952 -7.172377 -34.852345 -7.170752
-38.568835 -3.778571 -38.566834 -3.776737
-44.637009 -20.535397 -44.636218 -20.534645
-39.126337 -3.676786 -39.125247 -3.676209
-40.354529 -3.687522 -40.353649 -3.686371
-37.375793 -5.207095 -37.371814 -5.204328
-37.999634 -5.843530 -37.999027 -5.842706
-43.555068 -21.460929 -43.553059 -21.459669
-36.334205 -9.896020 -36.333840 -9.895661
-43.682279 -2.582356 -43.681741 -2.581915
-36.042125 -5.065445 -36.041272 -5.064708
-38.325455 -12.898265 -38.325167 -12.897907
-36.913474 -5.573331 -36.911836 -5.572485
-37.283387 -7.020152 -37.281963 -7.018784
-38.511101 -10.735796 -38.510535 -10.735216
-42.629111 -19.540176 -42.627227 -19.538149
-36.103362 -9.781234 -36.102049 -9.779953
-37.989215 -7.733886 -37.987794 -7.732613
-35.289422 -6.490792 -35.288535 -6.490158
-44.633471 -20.539356 -44.632702 -20.538677
-40.076529 -15.120916 -40.075813 -15.120346
-37.272970 -8.077086 -37.270284 -8.074256
-39.961578 -18.291596 -39.960932 -18.290730
-41.682623 -20.722710 -41.682153 -20.722368
-43.520741 -19.003921 -43.520490 -19.003697
-42.220007 -12.987971 -42.219331 -12.987289
-35.213287 -6.265466 -35.212072 -6.264296
-40.059792 -13.867641 -40.058504 -13.867042
-39.863698 -17.890622 -39.862197 -17.889468
-42.268372 -20.036900 -42.267620 -20.036314
-41.392793 -20.786988 -41.391848 -20.785965
-38.267581 -12.829707 -38.266913 -12.829020
-40.855078 -19.804651 -40.854208 -19.803724
-35.747405 -9.668431 -35.745922 -9.666971
-43.813656 -20.554341 -43.813324 -20.553849
-38.200401 -7.888902 -38.199908 -7.888291
-38.725681 -7.094679 -38.725419 -7.094109
-38.283759 -10.677399 -38.283005 -10.676629
-44.229984 -19.953270 -44.227284 -19.950715
-40.265252 -18.193521 -40.264260 -18.192777
-41.686643 -20.620023 -41.685990 -20.619475
-36.901189 -10.124180 -36.900674 -10.123753
-35.802499 -9.580811 -35.801566 -9.579679
-42.967642 -15.357804 -42.967069 -15.357263
-38.934373 -4.263456 -38.933739 -4.262922
-44.092767 -15.094187 -44.091318 -15.092269
-37.057405 -10.076739 -37.056331 -10.075644
-40.216895 -10.185838 -40.216439 -10.185104
-39.683919 -13.777458 -39.683326 -13.776597
-36.616484 -9.490379 -36.616290 -9.490039
-40.219788 -15.251052 -40.218890 -15.250383
-40.892094 -19.596397 -40.891494 -19.595813
-44.392421 -19.490408 -44.391587 -19.489802
-39.550113 -18.084437 -39.549587 -18.083728
-36.064685 -7.075844 -36.063806 -7.074893
-37.091526 -7.290567 -37.090827 -7.290210
-41.836753 -11.377803 -41.835594 -11.376847
-41.680240 -20.777271 -41.679058 -20.776435
-44.784298 -16.295771 -44.782784 -16.294489
-42.679122 -21.871192 -42.677395 -21.869340
-34.870690 -7.018279 -34.870227 -7.017993
-41.611839 -13.274049 -41.611307 -13.273521
-41.339292 -14.096263 -41.338935 -14.095789
-35.329513 -7.321701 -35.328068 -7.320116
-40.216876 -12.771773 -40.216027 -12.770936
-40.313361 -12.527988 -40.312324 -12.527152
-36.316681 -9.338504 -36.316113 -9.337964
-36.942934 -8.318407 -36.942358 -8.317776
-35.843316 -9.489506 -35.842284 -9.488930
-42.285429 -2.764601 -42.284148 -2.763980
-38.971092 -12.262526 -38.969376 -12.260699
-39.280274 -3.221167 -39.279019 -3.220205
-38.347923 -6.841814 -38.347038 -6.841260
-43.861499 -21.533714 -43.860904 -21.533167
-40.846720 -19.225877 -40.846081 -19.224771
-39.369186 -17.890650 -39.368572 -17.889671
-41.971246 -21.049604 -41.969677 -21.048160
-34.998574 -8.169642 -34.998128 -8.169225
-40.703831 -18.284147 -40.703226 -18.283350
-42.719629 -10.814192 -42.717966 -10.812883
-37.441479 -10.691121 -37.440435 -10.689835
-42.535126 -22.291849 -42.533919 -22.289839
-40.405167 -18.325782 -40.404332 -18.325125
-41.674048 -21.125596 -41.673179 -21.124624
-37.820836 -11.105077 -37.820313 -11.104432
-37.049243 -6.659540 -37.048793 -6.658973
-37.301234 -7.005272 -37.298733 -7.002910
-36.927944 -10.131698 -36.927581 -10.131423
-39.740821 -17.542575 -39.739458 -17.541654
-44.969481 -22.390045 -44.968286 -22.388697
-38.228393 -8.977077 -38.226100 -8.973581
-35.511657 -9.403580 -35.511116 -9.402945
-39.954035 -15.995549 -39.953155 -15.994595
-43.439850 -19.620106 -43.439350 -19.619270
-40.112599 -18.081314 -40.111414 -18.080353
-37.104424 -10.129433 -37.103661 -10.128528
-43.990944 -6.432002 -43.989313 -6.430957
-37.814215 -10.739357 -37.812802 -10.738277
-36.741743 -10.017060 -36.741407 -10.016732
-43.899929 -19.919639 -43.893367 -19.915849
-41.652771 -21.022164 -41.651678 -21.020678
-40.370345 -20.504811 -40.369238 -20.501841
-40.678359 -20.684717 -40.677819 -20.684181
-40.042382 -19.746295 -40.041513 -19.745600
-37.798494 -5.663060 -37.797979 -5.662238
-38.175243 -10.710217 -38.174787 -10.709795
-43.891927 -4.453062 -43.890154 -4.451878
-42.172473 -13.528648 -42.172216 -13.528304
-43.117641 -19.449208 -43.116493 -19.448415
-42.635067 -19.516288 -42.632533 -19.514034
-35.415681 -9.309765 -35.415076 -9.309215
-41.652886 -13.294471 -41.652671 -13.294181
-39.741599 -14.133805 -39.740687 -14.132600
-34.807224 -7.470886 -34.806419 -7.470222
-43.563978 -6.795808 -43.562023 -6.794251
-42.017598 -11.640355 -42.016480 -11.639414
-37.478347 -9.336146 -37.478017 -9.335767
-43.930373 -22.288576 -43.929788 -22.288122
-39.709988 -18.422800 -39.709503 -18.422369
-38.514133 -12.997814 -38.513630 -12.997165
-38.357762 -12.845694 -38.357241 -12.845160
-44.071076 -19.891036 -44.069638 -19.889608
-34.877376 -7.160384 -34.875798 -7.158870
-43.499081 -20.390441 -43.498733 -20.390062
-43.779727 -21.227085 -43.777980 -21.225660
-35.432215 -6.045890 -35.431035 -6.045285
-40.745511 -3.906877 -40.744760 -3.906142
-36.021085 -9.501310 -36.020408 -9.500578
-42.648183 -19.522256 -42.644614 -19.519712
-41.281757 -15.995464 -41.280518 -15.993923
-39.917178 -14.362373 -39.916911 -14.361972
-40.961653 -14.787667 -40.961141 -14.787095
-34.822216 -7.528779 -34.821613 -7.528235
-38.878287 -15.867609 -38.877081 -15.866102
-41.339598 -20.949994 -41.338919 -20.948601
-41.317213 -10.722001 -41.316167 -10.721014
-40.471753 -17.481426 -40.470540 -17.479896
-43.931226 -22.290174 -43.930615 -22.289722
-35.944068 -9.311482 -35.942670 -9.310179
-37.564640 -10.025220 -37.563935 -10.024652
-38.576387 -8.602943 -38.574703 -8.602434
-35.264446 -7.266482 -35.262600 -7.265732
-40.651928 -20.802120 -40.650998 -20.801257
-44.471898 -20.010974 -44.471145 -20.010309
-36.757056 -9.389630 -36.756321 -9.389009
-40.657175 -19.736699 -40.656829 -19.736203
-44.187951 -13.409292 -44.186569 -13.408202
-40.834879 -21.012748 -40.832380 -21.011080
-41.764272 -7.176463 -41.763601 -7.175677
-34.912762 -7.429957 -34.911812 -7.429381
-40.463990 -19.763651 -40.463541 -19.763311
-36.977365 -10.139581 -36.977014 -10.139125
-40.667563 -19.756145 -40.667053 -19.755689
-38.644463 -3.939892 -38.644277 -3.939715
-38.810791 -4.369497 -38.809455 -4.368423
-41.770752 -22.380336 -41.769872 -22.379583
-39.070196 -16.440842 -39.068952 -16.439963
-43.848104 -19.983680 -43.847569 -19.983255
-43.789459 -20.668495 -43.787332 -20.666467
-40.496840 -20.389567 -40.496106 -20.388858
-40.508868 -18.913098 -40.508218 -18.912617
-44.062793 -20.027064 -44.061706 -20.026036
-41.394860 -14.840866 -41.393969 -14.840228
-36.385821 -9.840849 -36.385419 -9.840493
-41.000675 -20.390257 -41.000224 -20.389776
-36.130133 -9.190633 -36.129571 -9.190024
-42.855659 -17.854861 -42.854266 -17.853608
-40.325272 -17.167494 -40.323856 -17.166280
-42.356181 -2.796226 -42.354992 -2.795250
-38.476778 -12.982933 -38.472025 -12.978672
-36.574270 -10.283264 -36.573150 -10.282157
-40.077008 -18.906012 -40.076590 -18.905535
-41.739534 -2.922436 -41.738712 -2.920068
-38.460884 -6.043500 -38.460438 -6.043224
-41.260914 -19.328569 -41.259544 -19.327298
-36.147823 -9.876212 -36.147161 -9.875429
-37.450510 -11.352974 -37.449967 -11.352575
-44.550514 -7.218439 -44.549815 -7.217637
-42.874275 -17.864932 -42.873591 -17.863979
-35.466003 -7.029792 -35.465367 -7.028871
-40.609886 -19.721611 -40.609178 -19.721151
-40.624576 -19.143911 -40.623558 -19.143146
-42.956818 -22.395589 -42.955312 -22.389988
-38.414297 -6.527896 -38.413093 -6.525936
-43.087891 -19.829306 -43.086984 -19.828735
-37.156402 -10.905469 -37.155716 -10.904753
-40.079257 -18.914213 -40.078495 -18.913150
-42.874609 -19.657563 -42.874213 -19.656840
-41.681242 -13.361451 -41.680922 -13.361231
-40.257576 -19.679358 -40.256825 -19.678621
-41.681562 -13.354047 -41.681259 -13.353752
-39.182215 -11.592738 -39.181720 -11.592263
-40.074629 -15.656435 -40.073247 -15.655324
-40.001646 -14.165287 -40.001063 -14.164954
-42.018540 -15.314449 -42.018093 -15.313966
-36.310308 -9.581979 -36.309069 -9.580701
-44.098666 -22.152597 -44.097710 -22.151572
-36.213443 -9.899759 -36.213112 -9.899116
-35.609911 -9.528931 -35.608917 -9.528582
-42.855762 -17.859014 -42.855378 -17.858708
-42.087937 -9.617819 -42.085709 -9.615452
-34.930650 -7.122917 -34.929439 -7.121487
-40.936936 -20.862511 -40.935852 -20.861469
-44.967916 -12.136429 -44.964868 -12.133668
-38.264501 -7.429555 -38.263562 -7.428810
-44.159557 -20.061106 -44.158038 -20.059685
-40.053052 -19.354190 -40.051319 -19.351791
-41.733383 -13.533168 -41.732853 -13.532592
-35.551303 -6.949157 -35.550733 -6.948205
-36.225400 -9.166782 -36.224721 -9.165851
-36.061453 -9.008676 -36.060444 -9.007138
-36.242439 -6.767508 -36.241966 -6.767055
-42.704900 -19.927174 -42.704267 -19.926571
-36.072717 -9.099244 -36.072111 -9.098464
-37.361924 -9.600148 -37.361560 -9.600001
-38.798822 -11.033192 -38.797787 -11.032196
-40.537677 -17.936490 -40.536518 -17.935775
-38.666013 -3.737605 -38.665092 -3.736447
-37.146712 -7.028733 -37.146147 -7.028320
-37.093581 -6.444958 -37.091680 -6.443486
-37.098079 -6.468754 -37.097280 -6.467652
-40.353913 -18.127388 -40.352663 -18.126281
-40.847962 -14.847816 -40.844717 -14.846748
-37.841997 -11.377190 -37.841635 -11.376617
-38.099576 -7.740981 -38.099219 -7.740708
-37.801150 -6.775705 -37.800488 -6.775035
-38.432086 -12.135306 -38.430294 -12.132868
-35.806790 -5.509683 -35.806365 -5.509248
-41.641776 -13.404829 -41.641414 -13.404469
-41.732950 -13.532759 -41.732793 -13.532612
-43.745121 -19.526531 -43.744268 -19.525587
-41.884619 -9.746261 -41.883699 -9.745426
-44.614799 -19.857230 -44.611620 -19.855147
-35.282030 -6.641189 -35.281575 -6.640640
-36.674649 -9.534026 -36.673987 -9.533449
-36.637821 -9.539645 -36.636940 -9.539059
-35.214783 -5.793033 -35.213318 -5.790898
-35.197499 -5.825803 -35.195208 -5.823587
-38.328488 -6.917906 -38.327715 -6.917310
-37.975740 -7.858705 -37.974820 -7.857975
-39.760712 -18.567514 -39.760026 -18.566885
-39.412218 -7.239131 -39.410476 -7.236217
-41.663686 -13.562703 -41.663287 -13.562446
-39.763845 -17.535829 -39.760948 -17.532176
-34.980936 -8.018854 -34.979921 -8.017701
-41.885768 -9.748620 -41.884502 -9.747545
-36.351726 -6.510101 -36.351085 -6.509501
-35.530590 -6.841795 -35.529987 -6.841035
-35.854505 -9.475276 -35.854206 -9.474671
-40.559443 -20.541687 -40.559268 -20.541476
-37.137024 -4.960597 -37.136071 -4.959032
-41.058145 -19.900515 -41.057743 -19.899941
-34.878099 -6.953639 -34.877650 -6.953134
-41.052615 -21.647076 -41.050831 -21.645888
-41.669861 -14.187167 -41.667513 -14.185007
-44.807042 -21.835005 -44.805690 -21.833969
-37.055848 -10.501259 -37.055162 -10.500773
-38.322948 -6.912748 -38.322695 -6.912323
-35.110636 -7.404925 -35.110025 -7.404356
-36.594898 -9.709348 -36.593905 -9.708446
-40.669846 -20.523597 -40.669327 -20.523145
-40.522959 -20.673375 -40.521579 -20.672771
-40.308859 -20.130643 -40.307899 -20.129555
-40.990718 -21.936616 -40.990314 -21.936006
-41.105674 -20.853578 -41.103131 -20.850370
-40.674224 -20.414329 -40.673865 -20.413950
-35.628523 -6.743735 -35.627300 -6.742510
-43.960263 -19.696583 -43.959000 -19.695567
-40.669906 -19.493194 -40.668965 -19.492676
-40.616640 -6.833174 -40.616007 -6.832500
-36.951051 -7.122157 -36.950787 -7.121700
-43.412178 -19.961678 -43.410883 -19.960382
-43.405508 -20.077304 -43.404969 -20.076801
-42.036363 -20.261185 -42.034464 -20.260239
-41.632856 -19.619890 -41.632206 -19.619339
-41.040767 -19.644478 -41.040384 -19.644134
-36.417079 -9.364000 -36.416474 -9.363298
-43.771381 -14.337688 -43.770594 -14.336982
-40.584810 -20.500871 -40.584502 -20.500603
-41.618192 -21.147395 -41.617655 -21.147014
-38.509563 -6.574113 -38.509195 -6.573780
-40.817769 -20.288981 -40.817422 -20.288677
-35.881033 -5.146438 -35.880609 -5.146027
-34.929412 -7.122034 -34.928733 -7.120756
-40.710310 -4.331573 -40.708581 -4.329686
-41.561349 -3.475727 -41.559976 -3.474384
-37.784809 -4.841129 -37.783370 -4.840020
-36.885552 -10.205915 -36.885200 -10.205577
-42.260827 -21.908728 -42.259453 -21.908089
-37.913859 -6.095593 -37.912803 -6.094379
-41.155940 -11.540100 -41.155308 -11.538818
-43.316509 -21.967068 -43.315795 -21.966750
-41.013275 -19.510859 -41.011904 -19.508944
-42.144223 -19.105317 -42.143818 -19.104951
-38.603627 -6.582986 -38.603130 -6.581721
-38.298878 -7.248892 -38.298188 -7.248516
-40.805113 -20.317366 -40.804411 -20.316816
-41.343630 -21.746735 -41.340448 -21.742892
-40.512519 -9.420565 -40.510433 -9.417999
-37.129647 -10.852323 -37.128965 -10.851959
-40.401156 -19.941275 -40.399969 -19.939848
-39.270099 -11.666613 -39.269383 -11.665892
-40.617149 -6.833375 -40.616608 -6.832653
-35.046839 -7.991557 -35.045605 -7.990272
-39.782984 -16.579689 -39.781348 -16.578111
-41.210614 -14.159865 -41.210111 -14.159388
-43.435486 -18.781960 -43.435118 -18.781574
-43.566284 -18.618365 -43.565882 -18.617913
-35.828315 -9.571701 -35.827743 -9.571065
-35.434401 -9.283481 -35.434020 -9.283141
-37.623674 -11.266484 -37.623025 -11.265888
-38.513054 -6.581187 -38.512578 -6.580715
-40.296473 -20.337898 -40.295790 -20.337100
-40.152069 -19.958803 -40.151430 -19.958197
-36.993290 -10.684264 -36.992539 -10.683744
-40.461040 -19.920620 -40.460679 -19.920327
-40.384169 -20.179985 -40.383856 -20.179671
-43.495699 -20.389028 -43.495042 -20.387998
-44.047560 -12.986169 -44.045849 -12.984455
-41.654038 -13.415292 -41.653866 -13.415164
-36.353633 -9.911734 -36.352762 -9.910921
-35.613066 -6.866525 -35.612270 -6.865903
-43.664527 -18.641152 -43.664144 -18.640779
-44.424574 -19.988364 -44.423672 -19.987638
-44.231659 -5.816868 -44.230998 -5.816123
-34.950621 -8.153449 -34.948321 -8.151171
-39.577757 -8.092249 -39.576867 -8.091594
-40.252097 -15.251863 -40.250912 -15.251043
-41.643177 -3.189646 -41.641779 -3.188517
-35.357587 -5.856048 -35.355676 -5.854954
-36.351573 -6.049902 -36.350970 -6.049124
-43.754782 -19.792331 -43.754364 -19.791954
-42.208743 -22.480460 -42.207530 -22.479269
-41.564366 -21.159887 -41.563557 -21.158836
-40.300622 -20.119522 -40.298302 -20.116409
-44.261145 -21.133362 -44.260960 -21.133188
-43.500525 -18.890597 -43.500168 -18.890123
-43.153161 -19.140221 -43.152774 -19.139961
-36.652137 -9.782832 -36.650350 -9.779745
-41.411377 -14.979015 -41.410726 -14.978363
-35.716385 -7.550612 -35.715370 -7.549615
-37.943973 -9.267712 -37.943090 -9.266638
-40.641889 -20.585576 -40.641417 -20.585068
-42.749963 -19.643838 -42.749416 -19.643354
-41.931813 -15.039012 -41.931131 -15.038384
-36.427726 -9.660791 -36.427328 -9.660410
-39.379809 -8.079524 -39.379273 -8.079138
-41.199549 -20.397919 -41.199058 -20.397458
-38.541516 -3.721541 -38.535965 -3.718466
-38.516483 -12.999862 -38.513742 -12.997701
-35.754336 -9.673777 -35.752228 -9.670419
-34.887112 -8.051620 -34.882892 -8.047513
-44.236340 -2.575052 -44.234870 -2.573487
-40.597286 -20.635312 -40.596600 -20.634703
-37.274255 -7.013500 -37.273494 -7.012355
-40.193353 -10.459113 -40.192687 -10.458327
-44.977862 -22.223959 -44.977295 -22.223528
-36.132335 -7.476893 -36.131242 -7.476009
-38.490869 -3.836579 -38.489302 -3.835273
-41.769061 -13.478995 -41.768932 -13.478826
-40.365398 -10.743106 -40.364177 -10.742331
-35.998105 -7.526117 -35.997513 -7.525589
-39.040855 -12.598214 -39.040076 -12.597386
-40.622194 -20.520393 -40.621856 -20.520015
-34.909889 -7.860087 -34.908934 -7.859215
-37.084925 -9.970648 -37.084436 -9.970103
-44.882283 -2.892826 -44.881650 -2.892087
-35.267651 -5.913258 -35.266184 -5.911646
-37.030894 -10.699817 -37.030290 -10.698927
-38.105481 -7.783162 -38.105119 -7.782777
-35.185072 -6.411712 -35.184559 -6.411278
-39.433030 -3.945018 -39.431817 -3.944276
-36.011821 -9.511270 -36.011198 -9.510810
-44.461627 -22.005200 -44.460865 -22.004211
-39.021442 -4.965770 -39.020117 -4.964479
-40.782630 -20.722112 -40.782178 -20.721849
-41.661771 -13.423637 -41.661563 -13.423363
-40.647936 -5.186246 -40.645784 -5.184551
-37.159536 -7.130327 -37.159233 -7.129869
-43.049732 -20.109614 -43.048913 -20.108969
-40.336389 -17.854942 -40.334632 -17.853344
-37.103905 -6.927149 -37.102557 -6.926605
-41.738329 -22.329522 -41.737681 -22.328876
-35.184516 -6.412232 -35.184157 -6.411845
-39.732917 -18.587842 -39.732385 -18.587096
-44.455015 -13.827739 -44.454298 -13.827123
-35.446861 -6.612393 -35.446192 -6.611950
-41.817719 -13.589107 -41.816710 -13.588376
-41.711314 -13.581642 -41.711085 -13.581271
-37.128701 -9.379198 -37.127885 -9.378868
-35.907120 -7.365708 -35.906380 -7.364988
-37.465362 -11.025120 -37.464797 -11.023841
-35.591087 -7.170138 -35.590074 -7.169648
-39.012116 -7.101115 -39.011596 -7.100773
-36.614768 -9.352784 -36.614432 -9.352393
-36.787008 -10.132426 -36.786589 -10.132039
-41.014202 -20.677210 -41.013470 -20.676636
-35.238878 -5.811446 -35.236372 -5.809262
-38.227443 -6.754910 -38.225314 -6.753436
-37.276215 -7.042849 -37.274906 -7.041455
-37.199665 -10.229056 -37.199178 -10.228398
-37.604184 -6.909812 -37.603514 -6.908978
-35.111243 -7.405601 -35.110545 -7.404871
-40.661731 -20.361643 -40.660926 -20.360855
-39.508874 -3.623299 -39.508195 -3.622281
-41.938403 -18.854183 -41.937545 -18.852462
-40.559021 -11.725967 -40.557945 -11.724721
-36.833761 -9.882365 -36.833285 -9.881579
-36.526565 -10.145288 -36.525809 -10.144683
-41.711407 -13.581642 -41.711313 -13.581488
-40.027638 -11.504779 -40.027112 -11.504109
-42.104062 -21.626313 -42.103144 -21.625062
-35.823542 -5.694216 -35.822853 -5.693478
-43.794681 -21.844811 -43.793311 -21.842947
-40.581965 -20.315301 -40.581418 -20.315023
-40.861657 -20.639205 -40.861322 -20.638868
-44.674645 -2.876602 -44.673902 -2.876063
-44.196150 -14.634030 -44.195374 -14.633376
-41.377501 -13.007953 -41.376593 -13.007015
-40.673280 -5.172444 -40.671699 -5.171192
-38.358103 -10.077590 -38.357421 -10.076915
-44.259811 -21.139496 -44.259304 -21.139050
-37.670949 -6.824012 -37.670561 -6.823657
-41.590700 -13.521400 -41.590271 -13.520623
-39.331633 -11.507821 -39.331158 -11.507309
-37.362487 -9.161429 -37.361412 -9.160640
-39.991368 -14.835084 -39.990406 -14.834030
-36.898383 -9.772120 -36.897804 -9.771696
-41.982738 -19.501254 -41.982245 -19.500311
-40.819862 -20.552794 -40.819394 -20.552416
-44.332105 -19.949169 -44.330455 -19.948082
-38.618693 -12.740885 -38.618210 -12.740160
-43.441615 -2.516298 -43.440594 -2.515759
-41.206635 -20.607662 -41.205065 -20.606694
-36.715367 -9.368085 -36.714706 -9.367703
-37.351815 -9.227379 -37.351061 -9.226594
-41.120525 -18.418456 -41.119646 -18.417572
-37.424014 -10.213312 -37.422464 -10.212066
-37.885553 -11.246087 -37.885249 -11.245617
-43.088701 -20.667250 -43.088057 -20.666813
-44.948166 -17.343042 -44.946833 -17.341806
-35.432147 -5.640495 -35.430152 -5.639678
-37.879786 -7.634207 -37.878971 -7.633324
-41.772792 -13.477554 -41.771822 -13.476929
-44.844936 -15.957899 -44.843515 -15.956295
-41.626078 -13.602460 -41.625799 -13.602196
-36.027963 -9.464139 -36.027128 -9.463524
-36.370008 -9.368538 -36.369332 -9.367546
-41.942470 -21.357958 -41.941689 -21.357221
-40.229529 -13.465345 -40.228280 -13.464132
-40.243852 -14.152746 -40.242851 -14.152108
-42.816059 -14.920750 -42.814929 -14.919824
-40.772901 -20.492685 -40.772486 -20.492247
-38.765487 -12.879348 -38.764121 -12.878016
-39.626806 -13.936593 -39.626206 -13.935762
-41.036514 -18.416772 -41.035924 -18.416094
-38.478619 -12.987485 -38.477405 -12.986047
-40.728915 -20.838769 -40.728432 -20.838413
-38.354205 -10.083210 -38.352688 -10.081364
-37.253619 -7.224973 -37.252739 -7.223967
-42.463167 -21.528659 -42.462146 -21.526354
-40.403210 -19.869813 -40.402512 -19.869307
-37.143107 -11.073214 -37.141503 -11.072646
-40.750928 -20.637388 -40.750169 -20.636871
-41.052766 -21.098592 -41.052284 -21.097617
-41.013759 -18.481500 -41.013247 -18.480751
-35.162587 -6.194036 -35.161716 -6.193181
-38.561135 -6.891902 -38.560679 -6.890831
-42.643486 -19.582515 -42.642800 -19.581999
-42.377127 -21.755046 -42.376548 -21.754594
-37.610380 -7.127718 -37.609814 -7.127192
-43.309072 -22.020558 -43.308447 -22.020052
-38.230622 -7.628795 -38.230399 -7.628580
-37.988751 -6.022879 -37.987973 -6.022077
-41.434376 -11.445998 -41.433685 -11.445033
-43.585466 -19.980106 -43.584944 -19.979676
-40.621688 -3.785810 -40.621153 -3.785347
-41.619055 -13.626492 -41.618848 -13.626234
-41.896343 -20.745041 -41.895866 -20.744589
-35.499752 -9.406534 -35.498923 -9.405831
-35.726267 -9.272046 -35.725470 -9.270959
-38.642629 -12.761273 -38.642310 -12.760715
-37.690065 -10.616358 -37.689420 -10.615935
-36.445666 -9.609833 -36.445428 -9.609621
-44.972806 -20.103163 -44.972127 -20.102720
-42.217519 -14.500513 -42.215807 -14.498808
-43.972478 -21.187753 -43.971523 -21.187118
-40.895811 -18.752009 -40.894536 -18.750620
-44.916503 -17.348590 -44.913685 -17.345646
-36.634146 -7.221796 -36.633294 -7.221075
-36.819938 -10.055756 -36.819484 -10.055245
-39.844688 -14.292555 -39.843973 -14.291561
-36.159393 -7.690759 -36.159054 -7.690278
-36.064263 -9.531740 -36.063780 -9.531285
-41.923820 -20.693514 -41.923225 -20.692957
-35.666821 -5.626252 -35.665464 -5.625764
-36.991419 -9.563595 -36.990825 -9.563166
-40.513752 -18.092487 -40.513104 -18.091590
-44.908826 -21.510083 -44.907468 -21.509497
-35.892018 -7.277421 -35.889073 -7.275474
-36.445736 -8.526589 -36.444659 -8.525236
-35.650413 -7.248516 -35.650070 -7.248220
-38.230036 -9.386430 -38.226585 -9.383572
-38.995000 -12.622828 -38.993640 -12.621873
-41.542952 -13.550953 -41.542561 -13.550577
-40.098288 -14.947635 -40.097932 -14.947158
-36.618179 -10.189108 -36.617577 -10.188812
-42.254081 -20.543615 -42.253769 -20.543190
-36.499026 -9.645341 -36.498271 -9.644093
-44.259376 -19.460926 -44.256661 -19.458215
-35.252706 -5.775100 -35.251840 -5.773793
-40.166550 -17.188708 -40.165909 -17.187953
-37.075713 -10.927818 -37.073575 -10.926133
-36.638261 -5.112920 -36.636702 -5.110365
-40.253011 -15.236503 -40.252773 -15.236238
-37.056552 -10.985657 -37.055844 -10.984946
-37.349999 -6.374500 -37.349324 -6.373687
-38.101356 -7.736465 -38.101031 -7.736167
-40.094833 -19.199894 -40.094176 -19.199495
-36.629406 -9.758156 -36.628543 -9.757495
-5.708701 -15.960426 -5.708080 -15.959086
-40.089665 -14.749030 -40.088597 -14.748489
-37.520287 -5.461203 -37.519536 -5.460476
-35.490098 -6.843681 -35.488384 -6.841812
-42.210838 -20.508793 -42.210350 -20.508060
-43.498497 -18.473123 -43.498059 -18.472721
-36.504747 -9.743496 -36.504217 -9.743089
-40.540677 -20.582727 -40.540317 -20.582385
-35.742963 -9.605290 -35.738074 -9.601475
-35.471451 -5.193833 -35.470402 -5.192856
-36.653836 -9.396854 -36.653298 -9.396285
-40.771184 -20.888545 -40.770445 -20.888100
-41.188635 -21.745629 -41.187578 -21.744507
-43.550787 -20.534106 -43.550190 -20.533569
-35.869617 -7.227479 -35.868360 -7.226015
-38.113721 -10.342374 -38.113395 -10.341931
-37.638643 -8.093260 -37.637169 -8.092018
-36.606939 -7.910015 -36.606446 -7.909508
-39.190037 -11.452157 -39.189413 -11.451516
-43.250645 -19.231576 -43.250031 -19.231028
-36.290094 -9.477304 -36.289508 -9.476654
-38.923664 -4.227501 -38.923055 -4.226829
-42.133167 -21.958233 -42.132219 -21.957418
-36.516332 -9.761574 -36.515651 -9.760348
-44.255194 -19.461341 -44.253298 -19.460048
-37.297333 -9.537747 -37.296333 -9.536175
-36.583815 -10.377026 -36.583310 -10.376541
-43.462965 -2.609049 -43.461931 -2.608161
-37.376398 -10.562757 -37.375592 -10.561946
-38.964578 -6.751895 -38.963814 -6.751027
-38.483248 -12.893497 -38.481628 -12.892029
-40.055283 -19.382642 -40.052659 -19.379656
-34.889623 -7.929100 -34.888029 -7.927009
-38.153216 -7.938762 -38.152706 -7.938416
-37.797741 -6.762097 -37.796985 -6.761165
-34.964279 -8.099839 -34.963029 -8.098262
-41.669011 -20.541728 -41.668347 -20.541125
-40.870818 -14.876134 -40.867505 -14.872818
-41.692062 -13.600166 -41.691399 -13.599553
-36.248122 -9.375533 -36.246027 -9.374151
-38.038101 -7.478423 -38.037449 -7.477710
-43.461220 -18.515895 -43.460939 -18.515590
-36.477394 -9.923957 -36.476282 -9.922599
-35.904370 -7.203283 -35.900709 -7.199254
-35.521112 -5.151983 -35.520339 -5.151222
-37.318756 -10.265463 -37.317955 -10.264835
-37.432861 -10.538790 -37.432034 -10.537560
-42.618729 -21.195108 -42.617001 -21.194138
-38.491999 -12.966012 -38.490232 -12.962935
-40.207349 -3.466819 -40.206425 -3.465765
-40.996287 -3.728279 -40.995004 -3.727051
-37.133603 -10.807789 -37.133171 -10.807212
-40.283802 -19.831795 -40.282606 -19.830312
-43.094511 -20.003556 -43.094017 -20.003052
-38.383173 -10.593885 -38.382461 -10.592736
-42.298650 -19.608082 -42.297848 -19.607569
-40.077882 -7.890470 -40.076296 -7.888463
-41.533944 -20.349431 -41.532655 -20.348358
-44.843917 -15.958322 -44.841718 -15.956780
-41.842643 -13.263955 -41.842243 -13.263658
-43.607555 -20.678501 -43.606790 -20.678025
-42.024266 -13.705210 -42.023831 -13.704754
-35.534766 -6.596499 -35.534064 -6.595666
-36.374929 -9.519483 -36.374143 -9.518869
-35.867504 -7.103849 -35.866772 -7.102946
-37.701774 -10.363122 -37.700293 -10.361951
-40.623176 -20.383038 -40.622515 -20.382370
-43.221455 -19.637750 -43.217327 -19.634331
-41.667580 -2.888526 -41.666891 -2.888091
-40.215377 -17.374619 -40.212998 -17.373003
-36.475307 -9.324471 -36.474685 -9.322968
-40.311224 -20.349065 -40.309342 -20.347068
-41.847814 -20.692482 -41.847124 -20.691854
-40.276629 -3.596663 -40.275901 -3.596257
-40.757438 -20.757188 -40.756969 -20.756874
-37.449374 -7.085065 -37.448535 -7.084562
-38.171083 -7.093222 -38.170699 -7.092860
-36.717964 -6.993459 -36.717320 -6.992687
-38.642714 -3.800346 -38.640375 -3.796995
-43.808091 -19.887565 -43.807002 -19.886602
-41.641713 -20.347012 -41.641049 -20.346209
-39.933203 -18.428643 -39.932173 -18.427686
-37.570610 -6.742603 -37.569873 -6.741959
-37.287574 -9.306354 -37.286876 -9.305780
-34.908175 -7.904385 -34.907023 -7.902560
-38.227334 -9.456575 -38.224416 -9.455336
-43.152720 -19.206010 -43.152355 -19.205642
-39.890861 -14.015158 -39.889770 -14.014065
-35.569592 -8.850054 -35.568748 -8.849441
-43.280820 -2.381926 -43.280178 -2.381556
-38.625856 -5.893167 -38.624432 -5.891637
-39.621738 -13.808392 -39.621104 -13.807608
-38.028810 -9.441379 -38.028357 -9.440864
-41.446999 -19.823530 -41.445963 -19.822591
-38.489741 -12.964918 -38.488560 -12.963553
-40.066496 -19.407445 -40.065284 -19.406325
-43.342066 -21.767569 -43.336978 -21.764206
-40.086433 -19.543027 -40.085865 -19.542511
-40.560054 -3.312635 -40.559058 -3.311797
-40.375284 -20.275421 -40.374305 -20.274293
-43.917010 -21.557854 -43.916550 -21.557455
-40.324821 -20.429697 -40.323768 -20.429341
-36.307301 -10.290921 -36.306928 -10.290234
-37.640362 -7.517656 -37.639691 -7.516897
-38.784416 -7.055267 -38.783864 -7.054649
-35.536908 -9.157685 -35.535861 -9.156595
-44.330890 -22.425052 -44.330132 -22.424556
-36.187956 -9.519798 -36.187508 -9.519542
-35.379402 -6.855999 -35.378521 -6.855220
-36.013798 -9.248148 -36.013214 -9.247478
-40.881907 -14.875523 -40.879782 -14.874828
-40.198406 -19.586655 -40.197423 -19.585512
-40.209674 -14.361327 -40.208471 -14.360445
-35.780382 -9.588576 -35.779068 -9.587142
-40.370116 -20.332268 -40.369419 -20.331652
-40.118197 -19.478462 -40.117285 -19.477603
-43.971241 -21.433077 -43.970341 -21.432325
-42.438056 -21.543355 -42.437314 -21.542656
-35.426869 -5.635958 -35.425860 -5.635213
-37.349911 -6.379104 -37.349495 -6.378552
-39.787894 -3.744776 -39.786749 -3.744195
-41.618133 -20.945248 -41.617872 -20.944799
-43.674318 -19.881485 -43.673366 -19.880147
-35.540022 -6.691288 -35.538831 -6.690124
-42.369402 -15.034807 -42.368142 -15.033549
-41.675428 -14.688119 -41.674625 -14.687586
-39.574343 -16.366134 -39.572328 -16.365044
-37.453931 -9.458619 -37.453052 -9.457946
-37.369263 -9.321617 -37.368697 -9.321051
-40.097797 -16.575863 -40.097303 -16.575460
-42.141864 -14.031264 -42.141167 -14.030660
-38.490839 -12.963577 -38.489789 -12.962501
-43.362243 -21.739540 -43.356300 -21.734746
-40.149292 -19.520095 -40.148709 -19.519668
-43.983974 -21.288231 -43.983496 -21.287897
-43.315089 -22.019983 -43.314640 -22.019604
-40.622662 -19.532780 -40.621412 -19.531415
-40.516497 -11.179099 -40.514918 -11.177369
-38.924325 -5.307277 -38.923756 -5.306860
-43.673282 -19.894276 -43.672295 -19.893549
-41.335025 -13.626801 -41.334107 -13.625850
-35.549576 -9.463544 -35.548749 -9.463085
-35.486665 -9.235808 -35.485827 -9.234972
-42.271053 -20.791725 -42.270252 -20.791063
-35.223987 -6.433542 -35.222822 -6.432505
-39.246690 -12.153474 -39.245909 -12.152693
-35.735943 -7.179557 -35.735400 -7.178791
-43.616269 -20.416143 -43.615693 -20.415736
-42.596276 -18.362481 -42.596097 -18.362262
-39.702393 -12.707450 -39.701543 -12.706974
-40.002757 -14.163034 -40.002066 -14.162371
-43.772197 -14.297319 -43.769790 -14.294946
-35.840325 -9.387424 -35.839141 -9.386889
-41.468950 -7.072045 -41.468405 -7.069731
-35.175234 -5.881091 -35.174433 -5.880203
-40.279479 -19.823082 -40.278662 -19.822311
-36.488468 -10.471293 -36.488057 -10.470783
-35.489450 -6.851983 -35.488367 -6.850845
-44.929270 -21.976409 -44.926880 -21.975087
-41.244011 -14.024455 -41.242523 -14.023849
-43.005667 -21.862436 -43.004568 -21.861162
-41.620293 -13.410843 -41.620121 -13.410670
-36.363084 -7.054425 -36.362104 -7.052577
-38.052793 -5.794835 -38.051724 -5.794482
-44.161640 -14.272467 -44.160933 -14.271809
-35.848285 -9.485024 -35.847048 -9.483890
-42.734955 -19.713549 -42.734596 -19.712782
-41.505616 -20.968803 -41.505161 -20.968289
-43.386815 -12.863404 -43.386108 -12.862702
-39.322521 -7.203743 -39.321158 -7.201625
-36.302467 -9.255943 -36.301780 -9.255264
-43.455437 -19.863214 -43.454850 -19.862727
-43.802923 -19.967150 -43.802498 -19.966613
-43.790522 -20.083029 -43.789966 -20.082262
-44.884792 -19.679598 -44.883483 -19.679067
-40.629026 -15.248361 -40.627407 -15.247159
-41.469111 -19.174332 -41.468205 -19.173438
-37.312071 -10.711856 -37.311661 -10.711421
-41.151520 -19.255616 -41.151035 -19.254854
-34.876780 -8.047862 -34.876098 -8.047030
-42.026928 -20.915555 -42.026511 -20.914535
-40.511829 -18.254159 -40.511147 -18.253486
-41.231713 -19.402294 -41.230303 -19.400914
-37.001472 -9.966943 -37.000767 -9.966274
-43.152627 -19.819194 -43.151558 -19.817119
-38.729572 -8.120596 -38.729157 -8.120038
-40.550018 -14.963543 -40.548862 -14.962591
-41.536271 -18.995207 -41.535241 -18.994393
-36.466953 -10.430746 -36.466387 -10.430172
-36.424903 -10.403025 -36.423715 -10.401882
-41.145940 -9.690602 -41.145346 -9.690003
-42.859708 -15.387239 -42.858497 -15.386079
-41.102088 -18.972928 -41.101500 -18.972337
-42.342597 -20.891491 -42.341829 -20.890770
-43.809515 -19.966900 -43.808512 -19.966116
-41.246561 -19.413391 -41.245873 -19.412744
-41.067304 -21.569805 -41.066584 -21.569161
-37.173976 -10.808870 -37.173323 -10.807800
-41.054791 -19.495155 -41.053321 -19.493669
-37.057986 -10.787726 -37.057547 -10.787233
-36.592131 -9.871510 -36.591658 -9.871052
-43.943574 -20.623252 -43.942819 -20.622396
-42.943079 -14.573402 -42.942444 -14.572902
-41.082680 -19.497043 -41.081907 -19.496592
-40.836346 -18.373994 -40.835332 -18.372467
-36.683482 -9.853118 -36.682817 -9.852839
-36.488973 -10.392316 -36.488375 -10.391727
-41.996514 -18.910469 -41.991320 -18.905140
-40.607429 -18.207499 -40.606879 -18.207019
-43.994833 -20.245628 -43.994474 -20.245282
-42.873756 -14.416342 -42.872996 -14.415217
-41.123420 -18.865997 -41.122535 -18.865019
-38.943092 -6.135620 -38.942680 -6.135257
-44.193934 -13.391681 -44.192854 -13.390559
-40.571454 -4.706416 -40.570107 -4.705349
-44.264207 -21.136102 -44.263401 -21.135403
-43.014752 -21.528605 -43.011752 -21.526315
-38.026466 -8.270989 -38.025852 -8.270383
-43.183438 -19.809415 -43.182243 -19.808676
-41.117180 -19.006088 -41.116730 -19.005642
-43.624966 -17.945379 -43.624375 -17.944704
-40.657464 -14.692776 -40.656970 -14.692361
-41.152632 -19.253176 -41.152238 -19.252817
-39.866831 -18.009860 -39.865959 -18.009003
-36.885613 -9.991868 -36.884924 -9.991249
-41.977551 -18.890244 -41.972711 -18.887267
-41.970372 -18.856591 -41.966210 -18.854206
-37.087376 -10.739679 -37.086565 -10.738946
-41.224035 -18.984041 -41.223475 -18.983410
-40.859458 -19.800212 -40.858856 -19.799467
-38.538899 -3.822720 -38.534264 -3.816425
-42.316866 -12.826970 -42.316572 -12.826610
-40.415560 -14.976862 -40.414833 -14.976105
-41.427950 -21.840781 -41.427538 -21.840329
-42.153993 -15.337866 -42.153479 -15.337405
-40.583573 -14.704998 -40.583316 -14.704702
-41.883805 -13.493926 -41.883510 -13.493660
-35.222954 -9.009980 -35.222181 -9.009393
-39.316930 -8.511785 -39.316061 -8.510492
-35.898631 -9.722564 -35.897689 -9.722020
