170.258431 -45.916654 170.260502 -45.915056
167.723000 -46.302970 167.724740 -46.302030
168.096690 -45.994670 168.098430 -45.993750
168.545180 -46.357240 168.546960 -46.356600
168.005900 -46.132150 168.009900 -46.129680
170.523063 -45.862414 170.527069 -45.859422
170.491924 -45.891091 170.495484 -45.888209
169.759315 -46.229332 169.762099 -46.227832
170.954485 -45.110595 170.957372 -45.109010
168.123500 -46.894560 168.124630 -46.893790
170.203489 -45.853126 170.206719 -45.851870
169.392484 -45.240936 169.395464 -45.238410
170.956257 -45.110189 170.960721 -45.107077
170.383255 -45.929687 170.388342 -45.925620
169.813424 -46.250965 169.817003 -46.248895
170.697115 -45.493529 170.702221 -45.491895
169.975191 -46.134479 169.979940 -46.132896
170.824411 -45.323117 170.825261 -45.321271
169.752024 -46.229857 169.754592 -46.228465
170.434951 -45.906375 170.437557 -45.905218
170.344836 -45.892233 170.347365 -45.890048
170.574629 -45.668165 170.576860 -45.666922
170.528860 -45.906521 170.537029 -45.902973
170.786509 -45.233899 170.789444 -45.232120
168.323488 -46.603153 168.325251 -46.601742
170.110117 -45.133708 170.111384 -45.131831
169.521466 -46.017590 169.522259 -46.017025
170.274129 -45.298966 170.275455 -45.298257
168.897275 -46.127105 168.900108 -46.124282
168.395490 -46.204910 168.396740 -46.204290
168.880476 -46.316373 168.883039 -46.314951
169.667786 -46.450554 169.670146 -46.449601
168.298597 -46.574185 168.302052 -46.572897
168.341979 -46.375068 168.343759 -46.373824
168.879912 -46.202792 168.881818 -46.201624
168.019310 -46.331720 168.021480 -46.328680
169.847220 -46.267225 169.849172 -46.266136
168.934320 -46.090760 168.937130 -46.089320
168.126840 -46.203690 168.128320 -46.202720
168.324840 -46.132470 168.326290 -46.127920
169.753485 -45.997723 169.755194 -45.996637
168.354060 -46.137920 168.355740 -46.137130
169.674937 -45.919127 169.678048 -45.915744
170.137403 -45.026026 170.138625 -45.025128
169.337042 -45.194404 169.341495 -45.192228
168.350911 -45.900220 168.352419 -45.899560
169.361879 -46.199112 169.363930 -46.197115
168.732510 -46.308140 168.734860 -46.307650
169.603329 -45.090720 169.605508 -45.089487
168.574985 -45.510478 168.580316 -45.507931
168.282258 -46.337676 168.283678 -46.336829
170.199873 -45.962531 170.201373 -45.961688
169.309528 -45.527315 169.312086 -45.526383
168.452415 -45.742774 168.454013 -45.741559
169.283556 -45.943292 169.285206 -45.941247
167.689326 -46.109370 167.691077 -46.107550
168.393558 -46.410408 168.401162 -46.404367
170.620791 -45.811118 170.623743 -45.809495
167.993257 -46.147148 167.994652 -46.145330
169.172192 -45.054221 169.175139 -45.052200
168.007500 -45.962270 168.010360 -45.960230
168.654392 -45.030617 168.656754 -45.028566
