18.523489 -33.923211 18.529250 -33.920094
18.840546 -34.087648 18.843153 -34.085039
18.523245 -33.921756 18.528206 -33.919686
28.132517 -26.268124 28.136173 -26.265338
28.172985 -25.747395 28.177255 -25.745493
31.013238 -25.477805 31.014076 -25.477178
24.525596 -32.248804 24.526021 -32.248445
19.007865 -33.187242 19.010793 -33.186012
24.659767 -30.078328 24.660587 -30.077125
27.378267 -26.997421 27.382285 -26.994780
23.115296 -31.402172 23.116817 -31.401574
24.883329 -33.828314 24.884333 -33.827492
29.447403 -25.742745 29.451085 -25.739417
28.517273 -27.563398 28.518897 -27.562175
26.872459 -26.854212 26.875058 -26.851216
30.219918 -23.635158 30.222316 -23.633683
25.637190 -33.992246 25.644580 -33.985059
28.005579 -26.198594 28.015433 -26.194166
18.834880 -34.125435 18.838032 -34.121907
27.856996 -26.303151 27.874606 -26.288154
26.202760 -29.151215 26.208099 -29.147165
19.764823 -31.468554 19.767579 -31.467164
27.984446 -26.332856 27.985007 -26.332303
23.117988 -31.400380 23.120384 -31.398401
24.871250 -33.822403 24.871856 -33.822033
29.428740 -25.738418 29.431064 -25.736128
27.509578 -26.498532 27.510881 -26.497797
28.682926 -30.118295 28.683097 -30.118143
27.509507 -29.619626 27.510440 -29.618697
26.078289 -24.380944 26.080395 -24.378772
19.447506 -33.650843 19.453036 -33.646023
18.674260 -33.145212 18.676488 -33.144002
19.763511 -31.471094 19.764785 -31.469743
22.536043 -33.493265 22.537829 -33.492340
18.501352 -31.672654 18.504303 -31.670161
29.875398 -23.061757 29.877392 -23.059154
28.134211 -25.401989 28.135976 -25.400270
29.402335 -25.773438 29.407512 -25.769293
22.117034 -34.189139 22.122685 -34.184486
27.966492 -27.275019 27.967726 -27.273198
27.805161 -29.278227 27.805966 -29.277000
27.547746 -29.356574 27.549100 -29.355623
26.091623 -24.429050 26.095552 -24.427099
27.953926 -26.199175 27.964055 -26.192253
28.148287 -25.739671 28.158712 -25.734277
27.069683 -26.717465 27.075143 -26.712685
23.108228 -33.665859 23.109977 -33.664524
25.541985 -33.864842 25.551118 -33.856802
27.041850 -26.733291 27.047053 -26.729347
25.275708 -33.905276 25.276456 -33.903711
26.826780 -32.789926 26.830212 -32.788328
26.321874 -31.011619 26.324465 -31.007858
26.639480 -27.379454 26.642645 -27.377241
26.627201 -26.970038 26.631096 -26.966935
18.962322 -33.746386 18.965586 -33.744576
18.967375 -33.742537 18.968115 -33.741952
25.610957 -25.815687 25.614323 -25.812443
30.162436 -23.831094 30.163585 -23.830147
27.469944 -29.326279 27.470958 -29.325026
27.441215 -30.146715 27.441876 -30.146198
28.233593 -31.208151 28.234627 -31.206872
24.726420 -26.970625 24.730334 -26.968526
27.952518 -28.304009 27.954131 -28.303165
25.552027 -33.879921 25.553714 -33.878387
29.277835 -24.969673 29.279438 -24.968337
18.713289 -33.471124 18.717752 -33.467441
26.907692 -28.131192 26.911040 -28.129251
27.977140 -27.275021 27.979683 -27.272907
29.853990 -23.133147 29.855242 -23.132307
25.563807 -27.645747 25.565793 -27.643979
27.496135 -29.306659 27.498343 -29.304652
25.614340 -33.960974 25.615479 -33.959935
27.455488 -26.936715 27.459688 -26.931064
18.316719 -32.094876 18.318313 -32.093609
16.986945 -28.451912 16.988175 -28.450600
23.076192 -34.050926 23.081419 -34.047584
26.907583 -28.132044 26.909516 -28.131313
24.862603 -33.851907 24.863621 -33.850898
29.853776 -23.131664 29.854908 -23.130754
28.407013 -25.691734 28.411647 -25.689020
28.585455 -26.675830 28.587218 -26.674080
28.134104 -26.044102 28.138332 -26.039356
25.634914 -25.858257 25.637761 -25.854659
21.247196 -34.096790 21.250907 -34.093214
26.405924 -33.655535 26.406911 -33.654315
27.857600 -33.023719 27.862010 -33.020426
29.975178 -26.509511 29.979570 -26.507418
21.583811 -34.198630 21.587110 -34.197272
26.413322 -25.287008 26.416191 -25.285791
27.144820 -28.086729 27.147421 -28.083638
27.632224 -28.342395 27.635089 -28.339057
21.514523 -31.899442 21.515863 -31.898306
27.969570 -25.569930 27.974125 -25.562966
28.011628 -26.552150 28.013688 -26.549952
27.713989 -26.213479 27.718747 -26.211666
26.788187 -27.869871 26.793122 -27.867012
26.642683 -32.767489 26.647118 -32.763976
19.420701 -34.249014 19.422659 -34.246734
27.692012 -26.279197 27.697861 -26.272230
26.328811 -28.926485 26.329620 -28.925492
25.562713 -33.921619 25.569168 -33.914325
29.445359 -23.911700 29.447025 -23.910474
28.161310 -26.307924 28.164372 -26.303536
25.782750 -28.655599 25.784595 -28.653622
28.325427 -28.213642 28.330599 -28.209614
25.889454 -26.076626 25.894496 -26.072251
21.517851 -31.918487 21.519445 -31.916839
28.192726 -26.040970 28.210072 -26.033663
28.012819 -26.550658 28.016011 -26.547164
27.894233 -26.261457 27.902854 -26.254717
26.416594 -26.741337 26.418455 -26.739081
23.460138 -27.444868 23.462710 -27.443794
26.782109 -27.864527 26.785338 -27.861251
26.653375 -32.778634 26.655399 -32.776612
28.631023 -31.297235 28.632391 -31.295380
18.583169 -33.665213 18.584290 -33.664261
27.865017 -26.210569 27.869764 -26.203692
30.386202 -25.647411 30.386727 -25.647014
28.320988 -28.204797 28.324054 -28.203083
28.915269 -25.131681 28.918566 -25.128774
28.143931 -26.368143 28.146356 -26.365543
26.620019 -27.395813 26.621013 -27.394760
24.781841 -29.749852 24.783532 -29.748650
26.637486 -32.770631 26.640019 -32.768371
29.657003 -26.456838 29.658955 -26.455186
25.973774 -27.319963 25.975747 -27.318265
24.745577 -26.978532 24.748526 -26.975245
28.331162 -28.200906 28.337939 -28.199358
28.901912 -25.189023 28.903354 -25.187137
20.451698 -34.040482 20.454327 -34.038795
25.010682 -31.519778 25.012613 -31.516311
25.018613 -31.501827 25.020562 -31.499441
28.691252 -26.128152 28.693493 -26.125082
19.910339 -34.142130 19.911655 -34.141033
26.781519 -27.860467 26.782962 -27.858471
25.969423 -27.236974 25.973289 -27.233650
26.310105 -26.328287 26.311727 -26.324928
28.128630 -25.680247 28.133851 -25.676354
25.801122 -30.791301 25.802495 -30.789827
26.263828 -29.140914 26.266618 -29.136678
17.092262 -23.317057 17.094622 -23.313091
24.907038 -34.053763 24.908078 -34.050686
28.283574 -28.208681 28.290180 -28.206507
20.459593 -34.021001 20.460398 -34.018504
28.767727 -26.349465 28.768752 -26.349018
28.329366 -26.560687 28.332853 -26.557989
29.083804 -26.556317 29.089361 -26.551068
26.640640 -26.876360 26.642647 -26.874333
19.911971 -34.141805 19.912674 -34.141303
28.959344 -25.293852 28.961586 -25.291422
27.852638 -26.701199 27.861183 -26.687616
27.774446 -25.521736 27.775106 -25.521019
25.979332 -27.234023 25.981485 -27.231978
24.851215 -26.552437 24.852067 -26.551671
25.806658 -31.642917 25.808392 -31.640735
29.142804 -30.815295 29.143457 -30.814824
27.437492 -26.913266 27.440636 -26.910188
15.166664 -26.647918 15.168863 -26.645779
22.027788 -33.238872 22.030074 -33.237919
17.077400 -22.663363 17.078448 -22.662140
28.224049 -26.027341 28.229485 -26.020583
14.529871 -22.951087 14.532251 -22.948790
27.057220 -25.383107 27.057672 -25.382534
28.423058 -26.319534 28.424836 -26.317981
29.851886 -26.994304 29.854803 -26.993310
18.441699 -34.196260 18.444249 -34.194568
27.782875 -25.610584 27.786802 -25.607705
25.808417 -31.637800 25.810521 -31.636650
29.258934 -30.862030 29.260017 -30.861464
17.090513 -22.578223 17.091425 -22.576735
28.379522 -26.254164 28.384780 -26.249897
30.020387 -29.218643 30.021394 -29.217648
26.885983 -25.119122 26.886965 -25.118076
24.438349 -31.073590 24.440233 -31.072682
19.214048 -32.278441 19.214654 -32.277586
28.168877 -25.799887 28.169193 -25.799620
30.164937 -23.851882 30.166606 -23.850562
24.527755 -32.247703 24.529403 -32.246587
27.459961 -30.129866 27.461077 -30.128560
30.965269 -25.378730 30.968277 -25.375631
27.452410 -26.931450 27.454830 -26.928544
20.922405 -31.343109 20.925393 -31.341583
28.514159 -27.544497 28.515527 -27.543527
28.501136 -25.149009 28.502225 -25.147304
23.482590 -27.395727 23.484134 -27.394084
25.764826 -28.669165 25.766094 -28.667635
28.346556 -31.065723 28.348004 -31.064289
24.669883 -30.078540 24.671188 -30.077228
26.157744 -29.651859 26.159445 -29.649384
23.034217 -28.325472 23.037478 -28.322482
18.458735 -33.940623 18.463498 -33.937533
22.879843 -30.569940 22.881172 -30.568571
25.445849 -29.772711 25.449711 -29.770010
26.350535 -31.378505 26.352991 -31.375611
27.464254 -26.515871 27.466464 -26.513289
24.985614 -29.398211 24.986912 -29.397201
24.666028 -30.078630 24.667183 -30.076709
21.241405 -34.107132 21.243487 -34.104454
18.967423 -33.741899 18.968536 -33.741105
30.232742 -29.507189 30.234388 -29.506601
30.118360 -26.095196 30.120969 -26.093878
21.822798 -30.340243 21.824674 -30.338606
18.857017 -34.149147 18.858099 -34.148336
26.714937 -26.861912 26.726998 -26.856621
30.802919 -27.015387 30.803599 -27.014493
25.139746 -32.579353 25.141286 -32.578263
27.613503 -25.667624 27.615471 -25.665414
27.362703 -27.000577 27.365374 -26.998703
19.043577 -33.292097 19.045012 -33.290852
29.607640 -26.738999 29.609447 -26.737011
26.169460 -29.658477 26.171432 -29.656959
18.763237 -32.904573 18.765689 -32.903002
25.008122 -31.492985 25.009236 -31.492242
30.103875 -26.068733 30.106321 -26.066383
23.933717 -31.419300 23.935753 -31.416840
28.732864 -29.083447 28.734001 -29.082612
14.545200 -22.651087 14.546946 -22.649139
27.474774 -26.916304 27.479129 -26.913365
25.944203 -29.725868 25.946091 -29.723306
26.197221 -29.197014 26.210696 -29.184894
19.495390 -33.654171 19.498838 -33.649999
26.126105 -26.188006 26.129860 -26.185317
27.385203 -26.997073 27.387081 -26.995177
29.653871 -23.069993 29.655618 -23.069008
19.137821 -33.296333 19.139736 -33.294508
19.012977 -34.340663 19.014403 -34.339663
25.562050 -33.838534 25.563123 -33.837652
21.191164 -28.476283 21.196490 -28.472241
26.803759 -32.775648 26.805202 -32.774423
22.026386 -33.239139 22.027234 -33.238428
28.271404 -26.224244 28.280007 -26.219692
27.026714 -26.693936 27.029675 -26.686512
29.813199 -23.116883 29.815948 -23.115162
29.982628 -24.791915 29.983472 -24.790650
29.250809 -26.950827 29.252912 -26.949451
19.171729 -34.408361 19.172773 -34.407506
28.708237 -31.700520 28.709177 -31.699681
27.489515 -29.310257 27.491225 -29.308511
29.891799 -27.365940 29.894836 -27.363360
20.448786 -34.023800 20.452301 -34.021432
18.491741 -34.041363 18.496487 -34.037402
25.611469 -27.651034 25.614635 -27.649671
29.450376 -26.485501 29.455231 -26.483672
19.237457 -34.412391 19.239280 -34.410123
35.349622 -23.853553 35.350199 -23.852867
31.322350 -25.527004 31.327395 -25.524177
26.073931 -24.437346 26.075567 -24.435653
27.758085 -26.104308 27.762442 -26.100838
28.246228 -31.193220 28.249309 -31.189976
18.756379 -31.596379 18.758731 -31.594878
27.851479 -33.008451 27.856758 -33.005411
24.775468 -34.032314 24.777656 -34.029171
27.046750 -31.384611 27.048282 -31.382123
23.495474 -30.589542 23.497357 -30.588750
28.111579 -26.378947 28.114116 -26.376415
26.852571 -26.855624 26.855880 -26.851235
29.444802 -23.910527 29.446743 -23.907315
25.916142 -27.843174 25.918813 -27.841618
29.455398 -26.487523 29.460966 -26.483542
27.855937 -26.838776 27.863501 -26.834894
27.767096 -32.959010 27.777917 -32.953245
35.343369 -23.859946 35.344103 -23.859053
22.028819 -33.226242 22.029355 -33.225749
17.046873 -22.540706 17.050617 -22.538471
29.048158 -30.389293 29.050104 -30.386960
17.068289 -22.586489 17.073074 -22.579946
29.474511 -26.463831 29.476569 -26.461670
28.907954 -25.063540 28.909446 -25.061572
26.148335 -33.197956 26.149903 -33.197526
25.164260 -27.898852 25.166652 -27.896757
19.889165 -33.783700 19.893032 -33.781356
19.136238 -34.383529 19.138086 -34.381619
28.611062 -31.801469 28.611739 -31.800952
28.749515 -25.836012 28.752358 -25.831232
27.844359 -31.341761 27.845812 -31.339820
23.483964 -33.294669 23.484371 -33.294353
27.420813 -32.576572 27.423387 -32.574230
26.143735 -33.197613 26.144435 -33.196499
28.954617 -27.866658 28.957077 -27.863779
25.784416 -30.024621 25.786086 -30.022919
27.087181 -30.306613 27.088653 -30.305278
26.228898 -29.163838 26.237390 -29.152222
43.667059 -23.341728 43.668439 -23.339838
24.521348 -28.532792 24.523367 -28.531321
25.621840 -26.202111 25.622495 -26.201388
26.013793 -24.420473 26.016215 -24.418109
25.605527 -33.926712 25.611569 -33.919593
19.822755 -33.944600 19.824194 -33.943916
23.106860 -33.671132 23.108647 -33.669328
29.255857 -26.967526 29.258024 -26.965800
23.501621 -33.761760 23.501906 -33.761248
24.500778 -28.519246 24.502601 -28.517553
25.551047 -26.259183 25.551906 -26.258387
19.126178 -31.376976 19.128223 -31.375504
21.999668 -28.905191 22.001064 -28.903775
28.293514 -25.721358 28.295921 -25.719617
32.538446 -25.942529 32.547953 -25.934993
22.578740 -32.383023 22.582469 -32.377321
23.885452 -33.829800 23.887348 -33.828661
25.605313 -26.342405 25.606976 -26.340750
15.788562 -22.638851 15.788725 -22.638658
26.109199 -24.613362 26.112058 -24.611768
26.863526 -31.890859 26.866432 -31.886628
23.483322 -33.294336 23.484166 -33.293647
20.867522 -33.193741 20.868224 -33.193139
27.420244 -32.930741 27.424761 -32.927968
28.120586 -25.782700 28.122595 -25.780041
18.154355 -26.581633 18.155747 -26.580616
23.538498 -28.198305 23.541174 -28.195752
28.256261 -25.394727 28.260414 -25.390966
28.507558 -27.268988 28.514259 -27.264485
27.137359 -32.308984 27.138511 -32.307978
25.955154 -24.627246 25.958895 -24.623751
28.162302 -26.146814 28.164150 -26.144630
29.942122 -27.757778 29.944873 -27.755257
22.588473 -32.366864 22.590048 -32.365153
26.149893 -28.287341 26.150661 -28.286325
28.165957 -25.414521 28.167771 -25.413058
26.698273 -30.689193 26.702550 -30.687972
23.497751 -30.590584 23.499620 -30.589093
27.309163 -26.328470 27.310751 -26.327096
27.683240 -27.561328 27.684656 -27.560044
27.138129 -32.311429 27.139262 -32.308648
25.617545 -33.979008 25.625883 -33.973536
30.827970 -27.787007 30.831895 -27.783317
25.451748 -33.810498 25.458057 -33.807832
23.483265 -33.294684 23.484007 -33.294225
25.245101 -28.543249 25.247365 -28.541750
22.586738 -32.359055 22.588107 -32.358250
21.690048 -33.530591 21.691130 -33.529822
28.400479 -26.382475 28.404990 -26.378852
28.050552 -25.780768 28.053310 -25.778474
28.445972 -27.797610 28.449998 -27.795303
25.002115 -29.395024 25.003670 -29.392981
27.210864 -32.829783 27.214420 -32.828361
16.828893 -25.887800 16.830137 -25.886902
19.308437 -33.686608 19.310189 -33.685142
20.670111 -32.405024 20.673403 -32.403081
21.191943 -28.576524 21.192950 -28.575803
23.484032 -33.294483 23.484874 -33.293774
23.499432 -30.589786 23.501214 -30.588278
20.873680 -33.195667 20.876153 -33.194019
22.585209 -32.358278 22.586454 -32.357087
27.005039 -29.981006 27.006096 -29.980280
28.253891 -25.354861 28.255876 -25.352529
28.982638 -24.166526 28.984129 -24.165064
30.422419 -25.081139 30.425413 -25.078802
25.006316 -29.403240 25.008772 -29.401997
31.431819 -28.891415 31.434512 -28.887920
30.954312 -27.398563 30.957314 -27.395690
22.466970 -33.963566 22.468259 -33.962213
27.847248 -26.238284 27.858653 -26.232394
18.518950 -31.640113 18.522493 -31.637528
25.684244 -25.225333 25.687323 -25.223313
25.506537 -28.136373 25.507809 -28.134993
18.654323 -33.142862 18.655808 -33.140836
21.209450 -28.436022 21.212251 -28.433357
31.445044 -28.891931 31.448264 -28.890479
26.163855 -24.300138 26.164976 -24.298600
25.612736 -32.160674 25.614958 -32.157068
22.467687 -33.964768 22.469489 -33.962924
27.926037 -26.572542 27.934451 -26.561810
22.589320 -32.378531 22.592783 -32.375389
28.720053 -25.781445 28.722972 -25.780329
22.209154 -34.048307 22.212194 -34.047270
19.876011 -33.797578 19.877567 -33.796260
31.441840 -28.899211 31.442510 -28.898352
27.444479 -32.573436 27.447332 -32.572862
26.665925 -26.944566 26.670068 -26.935863
28.368984 -26.485608 28.372064 -26.482231
22.806848 -34.019769 22.807898 -34.019298
28.082889 -25.775513 28.089589 -25.772711
28.444440 -26.126245 28.448024 -26.122507
19.564934 -34.044134 19.567332 -34.042463
29.939552 -23.954526 29.940839 -23.953492
21.970009 -32.778814 21.972192 -32.777626
30.962560 -25.491259 30.964934 -25.489254
28.490787 -27.289520 28.493557 -27.288216
30.393316 -29.579845 30.404062 -29.570468
24.742267 -26.943956 24.743215 -26.943110
28.578460 -26.661132 28.578969 -26.660401
20.946792 -34.102348 20.948991 -34.100882
20.720243 -33.901698 20.720919 -33.900745
25.033905 -33.874519 25.034668 -33.873765
18.064193 -33.177128 18.065049 -33.176470
17.034779 -22.533216 17.040015 -22.528855
29.517405 -29.743443 29.518834 -29.742247
27.620568 -28.348225 27.622408 -28.346169
27.686007 -26.151926 27.697873 -26.146460
32.574623 -25.961806 32.576031 -25.960693
17.590967 -24.076691 17.592399 -24.075217
20.125174 -33.783097 20.127675 -33.781837
28.423507 -28.519552 28.424884 -28.518463
27.873923 -32.985655 27.880404 -32.980598
27.954425 -26.121660 27.955018 -26.121056
25.121060 -27.886771 25.124348 -27.883542
27.945701 -25.539601 27.950358 -25.536233
28.217160 -26.282920 28.226519 -26.274628
18.685021 -33.941088 18.688233 -33.938063
27.876869 -28.868344 27.878439 -28.866859
29.657989 -30.134608 29.658781 -30.133601
22.343899 -31.475106 22.346016 -31.472906
26.544759 -31.553453 26.546875 -31.552586
27.697647 -26.152247 27.701180 -26.149637
29.503752 -25.066795 29.507102 -25.064056
25.881412 -27.415061 25.882203 -27.413907
28.469331 -26.224596 28.473862 -26.220225
20.128549 -33.782484 20.130333 -33.781340
26.532604 -33.305598 26.534627 -33.304098
30.229120 -28.178979 30.233270 -28.175090
24.057515 -32.480136 24.059835 -32.478393
29.325147 -23.378034 29.325730 -23.377091
27.994831 -25.538220 27.996199 -25.536129
30.791823 -29.042419 30.792940 -29.041988
27.968005 -28.301942 27.970421 -28.300276
24.995033 -29.387258 24.997048 -29.385781
26.846686 -29.198248 26.849642 -29.194741
25.317610 -26.383051 25.319591 -26.381329
29.498075 -25.020718 29.500871 -25.018780
29.298734 -30.950803 29.300922 -30.949461
24.790962 -28.702624 24.794787 -28.697568
43.674451 -23.351517 43.676110 -23.349722
25.371240 -33.815545 25.375199 -33.811389
30.229300 -28.175798 30.232487 -28.173386
24.951222 -31.172462 24.953166 -31.171209
26.692344 -28.430501 26.696146 -28.427253
20.939586 -34.079285 20.941250 -34.078087
28.361407 -26.531133 28.362351 -26.530178
18.634248 -31.777433 18.636221 -31.775900
19.767650 -31.468542 19.769194 -31.467243
23.511579 -24.698075 23.513210 -24.696695
24.891967 -26.762640 24.892406 -26.761872
29.471643 -25.106055 29.473769 -25.103856
27.260910 -25.199307 27.261874 -25.198560
24.764773 -28.734189 24.766618 -28.732375
28.320867 -25.827116 28.326686 -25.823399
22.152736 -34.181800 22.154749 -34.180518
14.553477 -22.658976 14.556070 -22.656242
27.026378 -31.380789 27.030327 -31.378356
30.199875 -29.583440 30.202936 -29.580222
23.866399 -33.826045 23.867831 -33.825164
27.948382 -26.571784 27.950372 -26.569971
18.627324 -31.780147 18.628824 -31.779351
26.696441 -28.394307 26.699250 -28.393120
25.143489 -27.906418 25.145004 -27.905333
26.848474 -29.221570 26.850366 -29.219651
19.603134 -34.049344 19.604467 -34.047788
18.957199 -33.897737 18.958519 -33.896147
24.751234 -26.990510 24.751881 -26.989677
27.085721 -30.286178 27.088257 -30.284586
26.127186 -24.622327 26.129471 -24.620609
25.379097 -33.762884 25.385103 -33.756395
19.009556 -32.582542 19.012909 -32.580974
24.845398 -28.118575 24.847335 -28.116879
20.090909 -33.836415 20.092614 -33.834766
29.229818 -26.498537 29.231862 -26.496861
18.626717 -31.764993 18.628487 -31.764535
28.686193 -26.126014 28.688749 -26.122042
27.144590 -28.092038 27.147185 -28.089923
22.746574 -27.959388 22.748383 -27.957326
25.401711 -26.425893 25.402660 -26.424834
28.614517 -31.806157 28.614746 -31.805944
26.825890 -30.404002 26.828732 -30.401280
28.172346 -25.866185 28.175496 -25.863968
30.331730 -25.639418 30.332728 -25.638084
24.031541 -30.673750 24.035253 -30.670695
24.855582 -28.126449 24.859622 -28.122741
27.032858 -26.743443 27.037225 -26.740527
26.692448 -28.416003 26.696386 -28.413389
31.295351 -29.337160 31.298623 -29.334459
26.699374 -28.398559 26.700518 -28.397563
18.791390 -23.510262 18.792435 -23.509253
28.736216 -25.816549 28.737717 -25.815578
22.751675 -27.934213 22.753590 -27.932587
29.949828 -22.807569 29.950977 -22.806506
27.563036 -29.611393 27.564285 -29.610517
28.260551 -28.776274 28.261161 -28.775500
24.719623 -28.721264 24.728093 -28.717305
25.104686 -30.729605 25.106510 -30.726875
23.944937 -31.417048 23.946223 -31.416173
29.975976 -26.519743 29.978720 -26.517932
28.122130 -25.782286 28.123927 -25.780648
28.373812 -26.119253 28.381959 -26.111336
25.912070 -27.843136 25.913792 -27.841613
29.901105 -27.381461 29.904576 -27.377493
22.119836 -30.965098 22.122076 -30.963796
17.968528 -32.948478 17.974155 -32.944217
26.953524 -27.189974 26.954414 -27.188032
28.856725 -27.232854 28.857541 -27.232061
22.928824 -33.950799 22.930730 -33.949385
26.709180 -25.650178 26.709990 -25.649108
24.954962 -31.195875 24.957252 -31.193645
26.536134 -25.351269 26.538484 -25.349180
22.120194 -30.964230 22.123467 -30.961188
29.604260 -26.741227 29.605895 -26.738834
19.314381 -33.687960 19.315298 -33.687306
22.441862 -33.987121 22.442472 -33.986849
27.372234 -32.880964 27.375923 -32.880228
25.773555 -28.658664 25.774762 -28.657675
25.918358 -27.839766 25.919843 -27.837765
22.841127 -33.918447 22.842663 -33.917236
44.379551 -23.719910 44.379796 -23.719680
28.446680 -27.803441 28.448496 -27.802319
28.671146 -26.147917 28.673343 -26.146722
28.197447 -26.256016 28.200697 -26.253298
27.555770 -27.961703 27.557573 -27.960196
31.134793 -26.336451 31.136665 -26.335064
28.852940 -27.223241 28.854626 -27.220676
23.482493 -33.281346 23.485812 -33.278721
29.722609 -23.893767 29.726297 -23.891089
23.250184 -28.844331 23.251672 -28.842492
19.190047 -33.414835 19.192321 -33.412622
17.934814 -33.010145 17.937048 -33.008879
28.433100 -27.796404 28.435015 -27.794297
44.381803 -23.711200 44.383387 -23.709805
18.762803 -32.892485 18.764713 -32.890709
17.867197 -29.653188 17.869577 -29.651693
35.146894 -23.885159 35.148151 -23.883618
26.299358 -32.680964 26.300878 -32.679849
18.997480 -33.599272 18.998686 -33.598026
17.163218 -26.507679 17.164188 -26.506827
27.598845 -30.964507 27.603223 -30.960670
26.295884 -32.703506 26.299822 -32.700419
25.930984 -27.846003 25.933279 -27.844156
23.246042 -28.867668 23.248269 -28.866326
28.447906 -27.800422 28.450118 -27.798051
30.326181 -27.656346 30.327367 -27.655065
23.159463 -33.893650 23.159940 -33.893306
27.563123 -29.610529 27.563415 -29.610253
26.044832 -24.573304 26.048469 -24.571067
26.104200 -24.395960 26.105862 -24.394873
19.572669 -34.586129 19.573497 -34.585500
18.734600 -31.614008 18.736048 -31.612083
30.409190 -30.756434 30.409542 -30.755874
29.665822 -26.466229 29.667141 -26.465168
19.117732 -24.136896 19.119086 -24.135959
43.703512 -23.362926 43.704039 -23.362369
24.545866 -32.256457 24.548208 -32.255033
24.875607 -28.102812 24.876741 -28.101376
26.994433 -28.535214 26.997278 -28.532768
28.230167 -26.114004 28.231226 -26.112573
31.945085 -25.444345 31.946156 -25.443472
28.322462 -25.711194 28.328415 -25.698336
14.532759 -22.682957 14.538797 -22.681020
20.848959 -33.197176 20.851382 -33.196371
24.779011 -29.747065 24.780486 -29.745857
29.797613 -29.051033 29.800254 -29.048663
18.830754 -34.097018 18.833463 -34.095427
28.182488 -25.982940 28.185738 -25.979920
29.647233 -24.304990 29.649230 -24.303532
30.788387 -27.036082 30.790241 -27.032844
27.063003 -25.357469 27.064347 -25.356079
29.218267 -26.960537 29.221264 -26.956533
27.683149 -26.261789 27.687973 -26.258311
24.546096 -32.259351 24.548610 -32.256616
30.754632 -24.907957 30.755528 -24.907175
29.694955 -24.311465 29.697103 -24.309593
27.175529 -25.568945 27.177412 -25.567334
25.315593 -29.737089 25.317175 -29.735682
28.136196 -26.381562 28.146373 -26.371825
30.326873 -27.654842 30.328445 -27.653692
24.525583 -32.250108 24.526517 -32.249246
29.926080 -27.108595 29.929071 -27.105349
27.141582 -32.684242 27.143691 -32.682649
27.863058 -26.144292 27.865438 -26.142429
28.353252 -26.200410 28.362435 -26.193928
25.592310 -32.725602 25.593700 -32.722802
23.162429 -32.899902 23.163805 -32.899129
27.178640 -25.499501 27.181200 -25.497839
17.993406 -32.903224 17.996003 -32.901357
28.781441 -26.765313 28.783393 -26.763717
26.545026 -30.215561 26.547204 -30.213820
26.772985 -31.851944 26.775056 -31.849853
29.927177 -27.102201 29.927981 -27.100933
28.181208 -26.134168 28.183405 -26.132327
20.984305 -28.703969 20.986063 -28.702177
27.402889 -32.883741 27.408176 -32.880778
27.380252 -26.997994 27.382128 -26.996294
18.684575 -33.019040 18.685865 -33.017852
27.823305 -31.319424 27.825526 -31.318090
26.438413 -25.281889 26.440307 -25.281605
29.198237 -26.976243 29.199209 -26.974792
25.299951 -29.738750 25.300847 -29.737970
28.302090 -24.895722 28.308711 -24.891826
44.501204 -23.496797 44.502050 -23.495488
29.632852 -27.155980 29.635567 -27.154183
26.418402 -26.741524 26.419973 -26.739833
27.862165 -31.340730 27.867407 -31.337359
32.573666 -25.963594 32.576335 -25.961350
31.993859 -25.453898 31.994561 -25.452573
25.507052 -33.877631 25.511430 -33.873648
25.625115 -33.966526 25.626894 -33.965503
27.898255 -33.040542 27.900635 -33.038897
26.411039 -25.271836 26.411931 -25.271290
18.701901 -33.453917 18.705870 -33.451728
27.305127 -25.722951 27.306380 -25.722085
21.517986 -32.681661 21.519068 -32.680775
29.197271 -26.965451 29.199633 -26.962851
24.754586 -29.114967 24.756605 -29.113294
28.400649 -24.703335 28.402450 -24.702193
44.500901 -23.494517 44.501822 -23.493405
27.619731 -28.313954 27.621914 -28.310426
25.489177 -28.122832 25.490362 -28.121394
27.994567 -26.119887 27.994747 -26.119704
18.473645 -34.031818 18.479148 -34.026128
22.998704 -34.041478 22.999330 -34.040942
27.819474 -31.318095 27.822527 -31.315750
25.479197 -33.394822 25.480823 -33.392851
18.904485 -33.382488 18.906361 -33.380609
26.947977 -27.216577 26.950512 -27.214873
25.311625 -29.752381 25.313112 -29.750916
28.716746 -24.521980 28.718530 -24.520067
27.686363 -26.237766 27.689173 -26.232050
28.842083 -28.517627 28.847493 -28.514252
26.364920 -27.863592 26.365973 -27.861465
20.137231 -33.769997 20.138433 -33.769337
18.873777 -33.345183 18.875317 -33.344133
28.274025 -26.225094 28.277060 -26.224389
28.107165 -25.698552 28.120735 -25.690972
18.374606 -33.373661 18.377308 -33.369689
26.183877 -26.162605 26.185983 -26.160465
25.598927 -32.743258 25.601741 -32.741464
28.184551 -28.622066 28.187697 -28.620484
28.724816 -24.523262 28.726285 -24.522268
29.986335 -26.311632 29.988279 -26.309718
25.263276 -28.560933 25.265325 -28.558837
26.115559 -27.176135 26.116413 -27.175274
25.980288 -26.808626 25.982065 -26.807195
18.542213 -32.482303 18.543162 -32.481560
25.120386 -26.289766 25.121881 -26.288084
26.034666 -24.560873 26.037292 -24.558499
18.503071 -33.922091 18.540745 -33.914028
27.873641 -26.167246 27.875703 -26.165587
30.803195 -27.016284 30.805191 -27.014076
27.202898 -32.836044 27.203977 -32.834424
21.968697 -32.767682 21.970489 -32.766879
18.662330 -33.910820 18.666489 -33.906127
26.134135 -28.303818 26.137338 -28.301405
22.843415 -29.332561 22.844604 -29.331524
28.188506 -28.621922 28.190380 -28.620868
28.321110 -24.890574 28.323500 -24.889387
25.319404 -27.198848 25.321683 -27.196954
29.898171 -23.058963 29.901427 -23.056653
26.886182 -25.863261 26.888270 -25.861500
27.141485 -28.093178 27.142245 -28.092107
30.840463 -24.942080 30.841642 -24.940178
20.498249 -30.476604 20.500036 -30.474993
28.210611 -26.109539 28.213968 -26.106917
31.012604 -29.859746 31.015526 -29.856650
25.503971 -33.879099 25.507361 -33.875180
26.829383 -30.416276 26.831161 -30.414143
26.533654 -33.306917 26.536021 -33.304966
30.775772 -27.045934 30.777916 -27.043725
24.943611 -31.188877 24.945494 -31.187698
27.827961 -26.515877 27.842359 -26.501830
27.851039 -26.299289 27.856997 -26.292715
26.585551 -26.884536 26.591721 -26.879942
27.354329 -30.529886 27.355420 -30.529208
31.024871 -25.324277 31.026789 -25.323141
26.150104 -28.305207 26.152700 -28.304248
25.802852 -31.648408 25.804980 -31.646191
29.168089 -27.429462 29.171254 -27.426877
19.875856 -33.796842 19.880265 -33.792763
19.420384 -34.238498 19.424395 -34.236583
22.113198 -29.404619 22.115398 -29.402537
25.779591 -30.030410 25.781922 -30.029418
31.694264 -25.862370 31.696982 -25.859700
27.972149 -25.616379 27.976225 -25.615316
30.383338 -29.608946 30.385527 -29.606668
27.215138 -27.644054 27.221193 -27.639596
24.023242 -30.639091 24.027038 -30.635050
25.693211 -30.257740 25.694753 -30.256740
31.748702 -25.695688 31.749025 -25.695217
27.915793 -33.010252 27.920574 -33.007474
30.384261 -29.608866 30.386697 -29.606025
20.625945 -28.782991 20.627211 -28.781529
26.846902 -28.112671 26.850171 -28.109550
21.153467 -29.340941 21.156500 -29.338808
26.577027 -26.866405 26.581469 -26.864376
25.104510 -30.708733 25.106261 -30.706797
27.336177 -26.353701 27.347186 -26.347966
23.556090 -28.201023 23.558059 -28.199755
30.376564 -28.957116 30.376898 -28.956821
17.059783 -22.580893 17.064954 -22.577703
30.797735 -27.785397 30.802914 -27.780819
21.271107 -33.501593 21.274731 -33.499797
29.020308 -24.176353 29.025120 -24.173185
30.022551 -29.221264 30.023608 -29.220071
26.803512 -29.189667 26.807770 -29.186644
26.539394 -30.217484 26.541404 -30.215713
25.722647 -30.261380 25.726594 -30.258863
18.599489 -33.949755 18.605974 -33.945327
26.407227 -26.325260 26.408193 -26.324325
28.220268 -25.872470 28.220878 -25.870648
28.098076 -26.096162 28.105494 -26.090113
25.942079 -29.737542 25.943398 -29.735893
23.124167 -31.395756 23.125490 -31.394652
24.339755 -33.328672 24.340999 -33.327675
23.755089 -31.966173 23.759128 -31.963879
29.672827 -23.906395 29.674282 -23.905367
26.255960 -32.003826 26.258120 -32.001132
29.231990 -26.940282 29.235023 -26.934926
25.415484 -29.123006 25.416406 -29.121361
28.982266 -24.138496 28.986263 -24.133164
25.091905 -30.709394 25.094372 -30.707637
18.861591 -34.134387 18.866295 -34.131574
30.217353 -29.500709 30.219036 -29.499454
26.801692 -31.128005 26.802662 -31.126970
26.208320 -29.147070 26.212497 -29.142210
18.667875 -33.150978 18.668710 -33.149487
27.448003 -32.557674 27.449661 -32.554649
30.240949 -25.669446 30.242899 -25.667619
26.491763 -33.319915 26.495906 -33.316077
21.272428 -28.487875 21.274531 -28.485049
26.832985 -29.069093 26.834382 -29.067878
23.752458 -29.073738 23.755746 -29.070269
26.959553 -27.199350 26.963223 -27.196692
30.786095 -25.101339 30.788332 -25.099202
20.032513 -33.333433 20.034294 -33.332675
23.792846 -30.995618 23.793049 -30.995413
22.441838 -33.986700 22.442384 -33.985999
18.348037 -33.067029 18.348916 -33.066250
23.442006 -27.427033 23.443724 -27.425243
29.977724 -27.788141 29.986686 -27.784375
25.970459 -30.492724 25.972507 -30.491933
25.420137 -29.132792 25.424123 -29.130538
28.130755 -25.483610 28.135949 -25.476975
32.436726 -25.919366 32.438735 -25.917343
18.175533 -32.778669 18.176846 -32.776211
19.002871 -33.643099 19.004585 -33.641765
23.792169 -30.996558 23.792780 -30.996064
25.609918 -33.965322 25.610839 -33.964680
30.970606 -29.889082 30.979073 -29.880609
18.162085 -32.768494 18.163506 -32.767068
25.796460 -30.773360 25.798021 -30.772365
25.418970 -29.121303 25.420194 -29.119991
43.676247 -23.350714 43.677595 -23.349680
32.434540 -25.917565 32.437960 -25.912955
26.455309 -28.687317 26.458506 -28.685152
17.052694 -22.517813 17.058938 -22.513450
28.606183 -27.028662 28.607604 -27.026966
28.521070 -25.633582 28.524222 -25.630224
25.978648 -30.510579 25.982162 -30.508772
28.775795 -26.361909 28.776592 -26.361213
28.614793 -26.651510 28.618231 -26.649098
27.310939 -26.325417 27.313922 -26.323461
28.053106 -25.782783 28.055761 -25.780416
25.563686 -27.640705 25.565269 -27.639537
27.690360 -32.935708 27.695846 -32.930494
18.487496 -32.715003 18.488751 -32.713703
26.242496 -32.016747 26.244448 -32.014132
28.264500 -28.749875 28.265414 -28.749096
27.980822 -26.168245 27.998824 -26.158955
24.776107 -28.724068 24.778292 -28.722291
25.434762 -29.761499 25.438853 -29.759124
28.612996 -27.015692 28.615995 -27.013647
17.757697 -25.123263 17.759252 -25.119463
18.998204 -33.655102 19.002217 -33.650145
25.526700 -33.916910 25.530468 -33.915115
26.836178 -27.948316 26.842161 -27.945053
26.151435 -26.141334 26.154256 -26.139797
28.533824 -25.663437 28.535516 -25.661932
24.547877 -31.865925 24.549196 -31.864793
24.332345 -33.020166 24.333611 -33.019246
29.037770 -25.136765 29.040489 -25.133105
30.159059 -27.348513 30.161483 -27.346559
28.409250 -26.310910 28.414583 -26.305625
30.113654 -28.316981 30.115366 -28.315843
28.293545 -28.218377 28.296522 -28.215768
18.169694 -32.784632 18.170955 -32.783847
14.522089 -22.932252 14.526090 -22.928675
17.878616 -29.589938 17.880698 -29.588260
22.756216 -29.675810 22.758850 -29.673739
22.229046 -33.593079 22.234685 -33.586164
26.360408 -31.383295 26.362560 -31.381263
24.560983 -31.863711 24.563297 -31.861553
29.118340 -25.861414 29.122251 -25.855146
29.055639 -25.136466 29.057037 -25.135400
29.004540 -28.617571 29.004620 -28.617453
27.842682 -28.027487 27.844387 -28.025948
27.551082 -27.947867 27.553504 -27.946275
30.161515 -23.817974 30.163544 -23.815780
18.976747 -33.745124 18.981500 -33.737608
18.839058 -34.087577 18.843041 -34.085122
29.450010 -23.949026 29.453453 -23.944837
28.021429 -26.196986 28.028304 -26.193197
30.761115 -25.590240 30.761639 -25.589649
29.978858 -26.509274 29.981386 -26.506195
27.885470 -28.853547 27.888737 -28.850828
26.852453 -31.916093 26.858290 -31.912669
22.878339 -30.569125 22.879465 -30.568155
29.169943 -25.867845 29.171555 -25.866177
29.004503 -25.101416 29.005823 -25.099838
28.348441 -26.542096 28.353262 -26.537835
30.228874 -26.278168 30.231807 -26.275571
27.168653 -27.630349 27.173857 -27.625548
21.238849 -28.454879 21.241350 -28.453230
14.535800 -22.683031 14.542324 -22.680327
26.042431 -24.540108 26.044164 -24.538989
24.735385 -28.736085 24.742323 -28.730711
27.968182 -27.279353 27.970714 -27.276928
27.928340 -27.882132 27.930862 -27.880759
26.451586 -28.707532 26.454255 -28.705109
26.333260 -30.998623 26.334403 -30.997772
16.274755 -26.653252 16.275398 -26.652529
28.972423 -27.832784 28.974075 -27.831647
22.104240 -34.127615 22.105579 -34.126002
17.891615 -29.667265 17.893873 -29.665891
25.558360 -29.113484 25.558657 -29.113331
22.441826 -33.987680 22.446459 -33.982102
26.815309 -27.994887 26.817265 -27.992894
27.462044 -32.924883 27.463541 -32.923659
20.905997 -31.348089 20.906906 -31.347144
24.864012 -33.824807 24.867099 -33.823548
29.513545 -25.808930 29.516186 -25.807379
24.808100 -27.744904 24.810905 -27.742654
26.374498 -24.624868 26.376979 -24.623197
28.141211 -26.198427 28.146733 -26.192809
18.989138 -33.018856 18.992137 -33.016564
26.789791 -27.953446 26.797956 -27.949472
26.423535 -33.659794 26.426478 -33.657879
26.800795 -31.134532 26.802111 -31.133046
27.415770 -32.606364 27.417630 -32.604074
25.971430 -33.442254 25.973962 -33.440716
27.309679 -26.330817 27.313868 -26.327562
25.561581 -27.636556 25.563646 -27.635026
22.104414 -29.402775 22.105911 -29.401305
27.909450 -33.017146 27.909960 -33.016883
26.133766 -24.350283 26.136509 -24.348336
26.165771 -24.382874 26.167245 -24.381206
26.672778 -29.583350 26.674682 -29.581617
20.477807 -33.242315 20.478330 -33.241792
27.486043 -29.367148 27.487691 -29.365401
27.477093 -29.306800 27.477821 -29.305588
29.041006 -29.286949 29.041757 -29.286125
26.141179 -24.395956 26.142866 -24.394681
26.164775 -24.379681 26.167812 -24.377561
27.518089 -29.329763 27.519778 -29.328404
25.372196 -33.795645 25.378175 -33.790986
26.661463 -29.578450 26.663649 -29.576474
27.457310 -29.303452 27.458617 -29.302519
27.781233 -29.407890 27.781904 -29.407327
26.142601 -24.372640 26.144931 -24.369848
43.989224 -23.275875 43.990618 -23.273677
27.511011 -29.332849 27.511904 -29.332370
29.072344 -29.287634 29.074415 -29.285851
