13.537231 -12.426806 13.539624 -12.422547
34.695076 -10.118920 34.696132 -10.118101
35.018368 -15.781671 35.021361 -15.779616
28.620565 -12.969490 28.622857 -12.965911
15.293190 -4.349505 15.297674 -4.344790
39.246202 -6.793092 39.246405 -6.792799
36.775481 -1.335536 36.781416 -1.330974
30.157879 -18.138142 30.159124 -18.137010
36.363395 -6.718263 36.364295 -6.717264
28.362360 -15.439616 28.368115 -15.429853
29.243496 -1.669461 29.243832 -1.668939
36.688708 -3.369568 36.689870 -3.368388
39.239489 -6.806220 39.242139 -6.804207
35.279280 -0.363337 35.282090 -0.360607
16.671262 -20.466627 16.677056 -20.464386
12.178425 -5.561692 12.179600 -5.560426
15.174703 -4.184821 15.177372 -4.182203
22.410127 -5.884253 22.411377 -5.882497
18.974016 -22.452651 18.975770 -22.450747
39.279510 -6.841080 39.279990 -6.840435
36.340283 -0.490968 36.341080 -0.489779
29.801359 -19.452578 29.804371 -19.447358
30.157665 -18.136419 30.159145 -18.135022
34.574191 -8.885134 34.575152 -8.883969
11.900674 -4.764264 11.909439 -4.752435
39.283255 -6.840636 39.283689 -6.840295
18.607821 -17.621943 18.610605 -17.619558
30.059586 -1.931889 30.060900 -1.931043
39.282726 -6.840514 39.283019 -6.840290
10.230429 -0.679284 10.230459 -0.679250
39.662039 -4.056047 39.663233 -4.054823
28.208861 -12.771690 28.216969 -12.764555
13.379327 -8.946026 13.384116 -8.940782
39.665829 -4.057958 39.666599 -4.057080
13.763546 -10.735864 13.765974 -10.735216
13.408186 -12.593404 13.411047 -12.590797
11.845549 -4.806646 11.847487 -4.804917
34.911326 -16.497237 34.913418 -16.495356
35.320905 -8.284372 35.322472 -8.283713
15.291663 -4.312033 15.294227 -4.308642
15.754383 -17.758614 15.757475 -17.756068
35.319085 -15.385172 35.319806 -15.384419
39.111142 -5.071346 39.112777 -5.069589
28.365583 -15.443028 28.371291 -15.430225
16.332150 -9.541632 16.333855 -9.539965
39.241077 -6.794316 39.241743 -6.793668
15.203453 -4.355599 15.208458 -4.351584
15.597782 -4.221649 15.598871 -4.220557
15.595528 -4.222258 15.596662 -4.220853
13.516478 -12.474600 13.523044 -12.467398
28.358491 -15.439778 28.364321 -15.428733
29.190135 -5.923744 29.191625 -5.922377
12.194853 -5.602733 12.197028 -5.600987
15.583800 -4.215364 15.587455 -4.212472
13.256026 -8.911528 13.260828 -8.902482
27.490335 -11.653550 27.493334 -11.649808
18.110737 -19.576480 18.113022 -19.574610
36.725846 -1.004169 36.726684 -1.003081
29.178524 -5.917259 29.179177 -5.916257
34.901749 -16.290573 34.902984 -16.289452
13.243947 -8.813835 13.247217 -8.810814
33.785055 -14.002401 33.788248 -13.998558
36.822955 -1.299672 36.823714 -1.298747
34.583158 -8.910829 34.583582 -8.910179
36.949703 -0.419255 36.950633 -0.418542
36.825026 -1.284265 36.825123 -1.284163
42.551914 -0.363470 42.552918 -0.362697
39.222640 -6.780713 39.223954 -6.779208
28.353729 -15.351457 28.363571 -15.342149
39.266140 -6.789612 39.267303 -6.788016
28.259121 -15.369550 28.266180 -15.362519
36.828675 -1.284738 36.828819 -1.284612
36.828977 -1.281965 36.829044 -1.281836
15.715653 -12.767074 15.720964 -12.762752
35.146029 -16.616759 35.147502 -16.615738
34.572764 -16.078652 34.572908 -16.078510
39.251886 -6.785051 39.253525 -6.782229
30.506760 -1.796418 30.507224 -1.796039
36.772032 -3.379647 36.773012 -3.378819
15.595547 -4.216477 15.598234 -4.214086
29.355501 -3.417853 29.357354 -3.415731
13.262525 -8.844486 13.267665 -8.839622
15.940506 -21.446505 15.941878 -21.444073
28.231796 -12.877411 28.235506 -12.873791
35.737380 -6.175874 35.738045 -6.175085
38.913082 -6.445204 38.913395 -6.444915
36.378967 -6.716259 36.380190 -6.715412
34.584218 -8.896463 34.586870 -8.893991
39.286648 -6.807910 39.287211 -6.807288
35.284604 -8.297447 35.287146 -8.295080
16.692024 -11.495557 16.693720 -11.493773
35.189955 -16.642065 35.190161 -16.641909
35.028202 -16.525208 35.029863 -16.523266
39.280344 -6.813186 39.282516 -6.811336
25.843489 -17.854295 25.849037 -17.853257
36.814084 -1.292097 36.814385 -1.291883
29.129465 -3.402717 29.130243 -3.401952
15.950656 -21.414984 15.952416 -21.413286
37.329397 -3.349270 37.333007 -3.346638
31.617722 -1.751080 31.618236 -1.750324
31.705846 -1.550757 31.707085 -1.550068
30.093962 -2.148974 30.094090 -2.148827
18.111876 -19.556563 18.112112 -19.556331
34.814810 -8.851280 34.815784 -8.850084
36.814186 -1.292333 36.814492 -1.292097
35.001590 -15.833750 35.003070 -15.831923
34.989856 -16.203813 34.994313 -16.199869
14.286484 -22.108161 14.288279 -22.106593
35.013183 -16.529847 35.014980 -16.528272
35.035210 -16.291365 35.039025 -16.287934
16.642260 -20.459399 16.644548 -20.456894
25.834406 -17.933131 25.835323 -17.932552
35.032118 -16.515173 35.033259 -16.514366
42.550527 -0.364719 42.550766 -0.364457
37.321673 -3.308099 37.322155 -3.307684
13.310898 -8.798084 13.318730 -8.791309
17.727857 -19.261127 17.732847 -19.257400
17.719120 -19.248460 17.720893 -19.245969
28.577003 -20.131435 28.582592 -20.123334
28.297024 -15.408842 28.299459 -15.407451
15.777842 -17.791041 15.779112 -17.789539
39.236583 -6.793188 39.236908 -6.792941
39.243807 -6.774947 39.244763 -6.773913
37.010113 -0.402600 37.011203 -0.401213
34.785188 -9.296325 34.785654 -9.295597
17.385329 -3.317852 17.387043 -3.315848
34.584156 -8.889857 34.584971 -8.889086
37.070380 -1.046665 37.074033 -1.043684
27.490937 -11.651848 27.496591 -11.647245
30.506124 -1.794364 30.506322 -1.793929
39.270923 -6.792459 39.274109 -6.790542
16.155578 -20.118575 16.158421 -20.116519
39.244070 -6.774318 39.246388 -6.772598
34.630293 -8.850367 34.631548 -8.849175
39.283174 -6.814163 39.284127 -6.813217
15.248063 -4.330688 15.249694 -4.327960
26.725495 -10.983595 26.727690 -10.982036
31.033963 -17.854100 31.040552 -17.846909
30.052643 -20.308490 30.054358 -20.307008
34.284489 -12.909187 34.286845 -12.906907
15.379304 -21.360976 15.381149 -21.359144
35.741302 -6.183525 35.741913 -6.182949
35.020652 -15.814564 35.021801 -15.813511
37.081028 -1.044551 37.081679 -1.043208
24.397133 -21.040766 24.398957 -21.038473
30.812086 -20.035624 30.813665 -20.034679
44.599564 -19.959998 44.600464 -19.958370
44.429739 -20.220938 44.430063 -20.218295
30.961064 -17.837191 30.962765 -17.836216
17.240689 -20.515919 17.240948 -20.515582
30.961523 -17.837862 30.962381 -17.837242
44.502106 -20.331826 44.503132 -20.331397
35.767702 -8.423973 35.768179 -8.423612
44.541828 -20.342101 44.542944 -20.341720
