55.325138 -20.937959 55.326777 -20.936435
55.792729 -21.126667 55.794025 -21.125498
50.160701 -14.262470 50.162165 -14.261185
55.673295 -21.373662 55.674072 -21.372607
46.303156 -15.712653 46.304620 -15.711590
55.510289 -20.913418 55.510909 -20.912799
55.288619 -21.038069 55.289775 -21.036977
55.449122 -4.624482 55.451023 -4.623178
57.575156 -20.108973 57.576563 -20.107818
57.684134 -20.067273 57.684762 -20.066224
55.554697 -20.897675 55.556534 -20.896492
55.266060 -21.059916 55.267206 -21.058214
55.469683 -21.292023 55.470807 -21.291043
48.353305 -21.216123 48.354521 -21.215171
55.461707 -20.883742 55.466668 -20.880398
55.607777 -21.383508 55.609204 -21.382199
47.644516 -18.892589 47.647112 -18.889138
55.463635 -20.921481 55.464262 -20.920760
47.552948 -18.878780 47.555083 -18.873805
55.466466 -21.140327 55.467506 -21.139369
55.336091 -21.206275 55.336884 -21.205243
47.468766 -18.927622 47.471268 -18.924498
57.461448 -20.186345 57.463486 -20.184338
57.461801 -20.184444 57.463032 -20.183411
49.849349 -17.006880 49.849946 -17.006150
55.311106 -20.935600 55.311588 -20.935219
49.404487 -18.159587 49.407517 -18.157462
55.475734 -21.028111 55.476538 -21.027288
47.499147 -18.977647 47.500417 -18.976202
55.313058 -20.935987 55.313584 -20.935618
55.295189 -21.065005 55.296258 -21.064226
47.497938 -18.979692 47.499077 -18.977802
55.312686 -20.936407 55.313118 -20.935867
55.310944 -20.936489 55.311466 -20.935962
47.546705 -18.847659 47.549720 -18.844654
47.555107 -18.878844 47.555635 -18.878143
55.312234 -20.936563 55.312725 -20.936095
55.310492 -20.936075 55.311051 -20.935662
55.543050 -21.318683 55.543665 -21.317873
55.312810 -20.935554 55.313216 -20.935085
55.313378 -20.935520 55.313913 -20.935068
47.506429 -18.945174 47.506826 -18.944951
55.266244 -21.083355 55.267316 -21.082124
55.601547 -20.903482 55.603036 -20.901855
55.221183 -21.049486 55.221758 -21.048737
47.493862 -18.979680 47.496036 -18.977759
55.537882 -21.028982 55.538540 -21.027935
55.308180 -21.218140 55.309252 -21.217160
47.999829 -14.896848 48.001378 -14.894794
55.525282 -21.287656 55.527078 -21.286883
57.365176 -20.283136 57.366921 -20.280147
63.426714 -19.678864 63.427679 -19.678072
55.460837 -4.639714 55.463891 -4.635426
55.668407 -20.992231 55.669403 -20.990315
55.648128 -20.960584 55.650067 -20.958868
55.293492 -21.136884 55.294075 -21.136317
55.745230 -21.080757 55.746312 -21.079706
55.495286 -20.927980 55.495962 -20.927451
48.531131 -15.256713 48.532067 -15.255068
55.673082 -20.988858 55.674025 -20.988184
55.423754 -21.076450 55.424155 -21.076087
55.709813 -21.031195 55.712396 -21.029412
55.396291 -21.295894 55.398699 -21.293442
55.497774 -20.888723 55.500239 -20.886490
55.329220 -21.248194 55.330798 -21.246703
48.010429 -22.170860 48.011636 -22.169507
47.538281 -18.897859 47.542283 -18.894669
55.433136 -20.926744 55.433536 -20.926255
55.333923 -20.995457 55.335371 -20.994119
55.519611 -21.356407 55.520242 -21.355664
55.286582 -21.190103 55.287215 -21.188843
55.768437 -21.359542 55.769895 -21.358797
55.480698 -4.751654 55.480745 -4.751605
55.506185 -4.778810 55.506710 -4.778123
49.846977 -17.012699 49.848072 -17.011735
55.482926 -20.887780 55.484374 -20.886468
55.515753 -21.063051 55.516473 -21.062126
55.526512 -21.289064 55.528228 -21.286476
55.375869 -20.977866 55.376471 -20.977294
55.525782 -21.286905 55.527778 -21.285559
48.257529 -13.363369 48.258516 -13.362549
55.400412 -20.906699 55.400872 -20.906215
57.697880 -20.402236 57.699514 -20.399843
55.478888 -4.750975 55.479634 -4.750441
55.490383 -21.240490 55.491367 -21.239904
55.259275 -21.015536 55.261198 -21.014281
49.294194 -12.293173 49.297483 -12.287589
55.635680 -21.126723 55.636899 -21.125739
55.295000 -21.110005 55.296112 -21.109287
45.209744 -12.805193 45.210662 -12.803637
48.267405 -13.397169 48.269478 -13.395725
55.370001 -21.271126 55.371729 -21.269563
45.194032 -12.848654 45.194536 -12.847997
55.472667 -21.254502 55.473284 -21.253788
55.281104 -20.996762 55.283174 -20.993987
55.435588 -21.266718 55.437196 -21.265258
49.296538 -12.288233 49.297308 -12.287520
55.461610 -4.635729 55.462579 -4.634454
47.994147 -14.887461 47.995039 -14.886044
55.562677 -21.356962 55.564390 -21.355727
47.084328 -21.448315 47.086163 -21.446653
46.435068 -15.737977 46.437279 -15.736287
57.511180 -20.522385 57.517090 -20.520416
47.035990 -19.882849 47.036858 -19.881640
63.431364 -19.675671 63.432282 -19.675008
55.471480 -21.254885 55.472920 -21.254085
57.418928 -20.254949 57.419577 -20.253968
55.465907 -21.343418 55.468377 -21.341274
