114.638565 -28.342605 114.639048 -28.341915
114.637197 -28.344303 114.637817 -28.342881
114.641133 -28.780652 114.644845 -28.777370
115.804712 -31.972579 115.805702 -31.970850
115.877124 -31.957021 115.880101 -31.954622
115.856993 -31.787326 115.857720 -31.786577
115.876610 -32.627173 115.877172 -32.626624
134.531250 -32.414777 134.532548 -32.413649
118.269246 -31.489283 118.271424 -31.487439
116.016352 -29.217197 116.017920 -29.216272
116.678279 -32.689149 116.679273 -32.688325
118.249307 -30.918306 118.250452 -30.917689
122.616979 -22.820058 122.617852 -22.819434
133.674700 -32.134610 133.676348 -32.132610
115.805015 -31.971211 115.805702 -31.970850
121.587742 -30.629973 121.588923 -30.629042
115.661369 -33.355311 115.666942 -33.349170
116.052122 -32.338303 116.053263 -32.337029
116.779081 -31.886755 116.781774 -31.884525
116.128150 -33.352868 116.132525 -33.350617
127.074249 -29.331361 127.076110 -29.330174
134.076500 -24.671885 134.077103 -24.671109
116.458453 -31.542780 116.459723 -31.540422
115.779648 -32.054820 115.787837 -32.050526
133.327851 -26.964703 133.328352 -26.964276
116.120575 -33.959696 116.122300 -33.958117
115.720021 -33.484308 115.721633 -33.483317
115.067444 -30.287766 115.069379 -30.286490
115.866253 -32.642263 115.869240 -32.639938
116.041664 -31.881653 116.046078 -31.876393
132.788895 -23.946438 132.790157 -23.945283
115.903539 -33.086869 115.905420 -33.085670
115.017405 -33.968046 115.019011 -33.966714
116.921187 -32.098813 116.922747 -32.097480
115.774576 -31.810977 115.781210 -31.797716
115.735923 -32.540574 115.737243 -32.538784
115.968783 -33.763834 115.970844 -33.762144
121.492032 -30.804879 121.494798 -30.802824
117.544164 -33.668794 117.547927 -33.667431
119.747480 -23.375324 119.748166 -23.375029
134.765727 -29.023486 134.766793 -29.023025
117.877514 -32.320327 117.879184 -32.319162
117.887083 -35.017979 117.890339 -35.016810
133.862750 -23.704839 133.864839 -23.703017
133.872155 -23.773518 133.874704 -23.770498
115.762384 -33.992637 115.763863 -33.990809
134.836657 -32.710894 134.837921 -32.709504
115.974755 -31.919998 115.979751 -31.916821
117.918750 -34.982557 117.922128 -34.978848
134.205291 -32.801422 134.207414 -32.800121
117.669818 -34.644997 117.672061 -34.642686
133.883239 -23.668491 133.883343 -23.668376
117.079478 -32.527139 117.080765 -32.525383
133.028090 -31.929476 133.031245 -31.926783
115.576753 -33.520113 115.578393 -33.518734
118.435046 -33.103102 118.436851 -33.101305
121.447623 -30.742662 121.457033 -30.734698
121.861797 -33.855848 121.864627 -33.851500
117.674039 -33.308833 117.675540 -33.306216
116.085677 -33.879626 116.088174 -33.877803
118.077661 -33.176616 118.078346 -33.175635
116.897567 -33.029753 116.898592 -33.028778
115.385331 -33.684017 115.388491 -33.682029
