153.133389 -27.470251 153.136204 -27.463186
142.276156 -37.837982 142.278434 -37.836435
138.964338 -34.824122 138.965129 -34.822818
139.296181 -34.926876 139.298978 -34.924721
147.528302 -34.458618 147.531069 -34.456084
138.896781 -34.329795 138.899556 -34.327797
153.317599 -28.915346 153.317872 -28.915107
138.600995 -34.753552 138.601579 -34.753052
138.692303 -34.351426 138.693934 -34.350166
153.199942 -29.466566 153.203754 -29.464151
153.200722 -27.705655 153.204821 -27.700914
138.831451 -34.823341 138.832753 -34.822406
150.916892 -33.697657 150.926035 -33.690854
147.527179 -34.456848 147.530930 -34.454540
138.926112 -34.455881 138.927318 -34.454845
143.866223 -37.586231 143.867081 -37.585723
175.045787 -39.940465 175.049241 -39.938750
153.317028 -28.915605 153.319480 -28.913943
149.154926 -35.714255 149.157747 -35.712557
153.276927 -27.895462 153.277881 -27.894333
146.824058 -41.533270 146.826729 -41.531242
137.707754 -33.949024 137.711093 -33.946294
153.029300 -28.835529 153.032163 -28.833637
146.375309 -38.279334 146.379781 -38.277454
153.370201 -28.335678 153.372417 -28.333688
151.895381 -27.849469 151.896136 -27.848529
138.584020 -35.000325 138.593066 -34.994836
143.578544 -34.641118 143.579146 -34.640654
150.363478 -32.157176 150.366171 -32.155468
145.298021 -40.759878 145.299040 -40.759097
149.534737 -32.032876 149.537894 -32.030413
147.251096 -35.562557 147.253026 -35.561252
142.709810 -35.309680 142.711594 -35.309026
144.196963 -36.530916 144.199280 -36.529062
138.527600 -32.952820 138.529128 -32.951420
139.400695 -35.325179 139.403774 -35.322597
149.090523 -35.345957 149.095340 -35.342359
138.673965 -34.916845 138.674707 -34.915976
149.273631 -34.782477 149.274739 -34.781732
152.976532 -27.276899 152.977956 -27.276335
144.945837 -37.703829 144.955253 -37.695811
151.676949 -30.253201 151.680292 -30.251148
144.208459 -35.804306 144.210165 -35.802379
152.754847 -27.059177 152.756176 -27.058056
175.709731 -37.556959 175.712810 -37.554274
176.211426 -38.093473 176.215764 -38.090807
145.210250 -38.374953 145.211351 -38.374301
175.670783 -39.477882 175.671913 -39.477244
138.606238 -34.860331 138.614401 -34.855839
150.567709 -29.880509 150.570092 -29.878722
153.298295 -28.826600 153.301753 -28.823235
174.796644 -36.826304 174.797207 -36.826001
147.523285 -34.825433 147.523731 -34.825031
144.695939 -36.921566 144.699773 -36.918458
146.589974 -34.315633 146.591826 -34.314052
172.680612 -43.532986 172.684897 -43.527993
153.335135 -29.081124 153.335894 -29.079097
150.761058 -34.572739 150.761835 -34.572003
151.606258 -32.607662 151.608523 -32.605683
138.556628 -35.276366 138.557717 -35.275957
174.896996 -37.211062 174.898280 -37.209936
144.168839 -37.342851 144.172146 -37.340685
146.838898 -41.533855 146.840151 -41.532993
137.984540 -33.002607 137.985759 -33.001196
144.484604 -37.684920 144.485235 -37.683951
174.871487 -41.055613 174.874712 -41.052940
148.081487 -42.127572 148.082361 -42.126874
172.544907 -43.510141 172.549857 -43.507050
147.969575 -26.477147 147.971513 -26.475059
144.260045 -23.450814 144.262202 -23.448946
138.517014 -34.598150 138.519364 -34.597289
149.230063 -36.921579 149.233903 -36.919525
176.152599 -37.710711 176.154715 -37.709144
150.139966 -36.228948 150.142347 -36.227139
146.745403 -33.420482 146.747346 -33.418889
147.418081 -42.666731 147.418853 -42.665871
175.423782 -40.063283 175.426725 -40.061128
150.813786 -34.491543 150.822314 -34.486138
145.213140 -38.001546 145.215706 -37.999381
144.378569 -38.167158 144.385694 -38.160007
152.697662 -27.991605 152.700559 -27.989530
153.047933 -30.256715 153.055504 -30.252698
151.570257 -30.971542 151.572298 -30.969485
174.856485 -36.903074 174.857322 -36.902425
153.022712 -27.500756 153.028199 -27.498218
145.816233 -31.503714 145.820152 -31.501185
152.707418 -31.472854 152.710345 -31.470826
176.152850 -37.709105 176.154011 -37.708085
146.752436 -36.540626 146.754352 -36.539139
139.125677 -35.510841 139.128022 -35.509352
139.758110 -34.043530 139.760011 -34.042285
145.297144 -37.883032 145.299496 -37.881395
145.039630 -37.804820 145.047870 -37.801511
150.071158 -36.437765 150.072057 -36.435790
145.222390 -36.627612 145.223708 -36.625550
177.287146 -38.017097 177.288449 -38.016275
146.266066 -38.394991 146.267894 -38.393160
153.043783 -28.128083 153.044883 -28.127403
152.914898 -30.718388 152.916352 -30.716935
146.540898 -34.743154 146.544068 -34.738884
148.985321 -37.040658 148.987916 -37.039049
150.889484 -34.438612 150.890714 -34.437758
152.820365 -31.070295 152.822990 -31.068137
174.057648 -41.683894 174.059548 -41.683005
146.956917 -43.198331 146.959603 -43.196514
175.099993 -41.088665 175.106853 -41.084575
175.451854 -40.303623 175.453298 -40.301546
138.784309 -34.256826 138.785520 -34.255797
150.794885 -34.575496 150.797526 -34.573327
151.751137 -32.770291 151.752999 -32.768321
152.319183 -24.885856 152.325354 -24.880345
151.150643 -33.797096 151.154840 -33.793027
146.980319 -37.941935 146.982871 -37.939408
151.177999 -28.849212 151.180136 -28.847687
148.602128 -28.024100 148.604853 -28.020789
175.035707 -38.431927 175.036797 -38.431370
150.924929 -33.851213 150.925734 -33.849348
138.572758 -32.565648 138.574393 -32.564678
138.102359 -32.640449 138.104175 -32.639218
143.673073 -37.164694 143.677461 -37.162412
150.520030 -24.396302 150.521768 -24.394597
147.108641 -26.412115 147.110757 -26.410165
173.225838 -41.304776 173.227929 -41.303328
150.598822 -30.384985 150.600833 -30.382851
175.327862 -40.200440 175.331029 -40.199180
175.036506 -36.992408 175.037212 -36.991989
138.813561 -34.013339 138.814299 -34.011988
139.355929 -34.126984 139.356970 -34.126430
174.817696 -36.851146 174.818666 -36.850397
149.272700 -35.031954 149.274671 -35.030312
153.059424 -27.558011 153.067467 -27.550766
145.031220 -37.961232 145.035223 -37.958043
152.956584 -26.572512 152.957784 -26.571392
146.450717 -37.949010 146.451697 -37.947925
140.556668 -35.338402 140.558597 -35.336816
144.612781 -38.280155 144.616485 -38.277153
144.293938 -36.731175 144.302226 -36.725848
146.516518 -36.316569 146.517607 -36.315506
144.195225 -37.094784 144.200218 -37.092635
152.939451 -27.086352 152.941189 -27.084891
174.454788 -36.684372 174.456310 -36.682355
175.659905 -40.325399 175.667739 -40.320438
174.868365 -41.225786 174.869390 -41.225286
146.195022 -38.201070 146.197765 -38.199059
144.100594 -37.639139 144.102157 -37.637932
175.880438 -40.339410 175.881779 -40.338739
139.281944 -34.651975 139.282626 -34.651447
138.523642 -34.874139 138.528510 -34.869532
144.143782 -37.072334 144.146574 -37.070091
145.829736 -38.123508 145.832505 -38.121285
145.529666 -33.500868 145.531887 -33.498756
147.313957 -35.712945 147.316536 -35.711207
143.963796 -37.314126 143.964686 -37.313497
175.258658 -40.573616 175.261407 -40.571706
151.208848 -24.010715 151.210327 -24.010104
138.785466 -33.825202 138.786027 -33.824680
150.160710 -35.908831 150.160872 -35.908667
151.205556 -33.824628 151.207357 -33.822937
174.640215 -36.909235 174.655277 -36.897348
152.811941 -25.252965 152.814925 -25.250784
145.859233 -37.026246 145.860784 -37.025201
151.793740 -31.645228 151.794005 -31.645007
143.977004 -38.528755 143.978774 -38.527308
152.568245 -27.243528 152.568889 -27.242403
152.130524 -27.549410 152.131950 -27.548312
140.783052 -37.844533 140.787896 -37.840970
175.285380 -39.428342 175.286315 -39.427514
150.997628 -33.817476 150.999122 -33.816257
143.633573 -36.417418 143.636036 -36.415553
145.451808 -36.099169 145.454054 -36.097284
138.550022 -35.075356 138.550842 -35.074583
144.490326 -36.786531 144.492059 -36.783339
147.367163 -42.311674 147.368942 -42.310347
142.424436 -38.185105 142.425567 -38.184035
139.074059 -33.992924 139.075318 -33.991762
138.610768 -34.986072 138.611522 -34.985776
144.390046 -38.039272 144.393641 -38.037109
146.234686 -26.420320 146.236933 -26.417806
175.050040 -40.868903 175.051624 -40.866885
150.232662 -33.735975 150.234488 -33.735429
148.845792 -33.080003 148.848354 -33.077214
178.304230 -38.365176 178.304867 -38.363571
174.724168 -36.803931 174.725197 -36.803306
138.221848 -33.355915 138.225441 -33.353651
177.979715 -38.648610 177.982923 -38.646516
172.597371 -43.291128 172.599703 -43.287891
146.887583 -42.709608 146.890846 -42.708631
147.704226 -37.907368 147.707087 -37.905327
135.562585 -33.138248 135.563333 -33.136972
148.552020 -23.601981 148.552562 -23.601492
150.852184 -34.465609 150.853941 -34.464774
149.742397 -34.741516 149.744046 -34.740604
171.058022 -44.741742 171.061961 -44.740335
144.130270 -37.962806 144.131924 -37.960753
175.342337 -38.000832 175.345391 -37.998416
153.331028 -27.989501 153.332094 -27.988442
151.249177 -33.992014 151.250367 -33.990431
174.970620 -38.841585 174.971759 -38.840854
153.010578 -30.633716 153.011758 -30.631732
147.001844 -43.024648 147.004301 -43.023096
144.205464 -37.148747 144.206373 -37.148149
149.894596 -36.383374 149.898845 -36.382156
171.256349 -44.415282 171.261965 -44.412241
174.769414 -41.289366 174.770570 -41.288659
144.080924 -37.358100 144.082199 -37.357204
177.975839 -38.645289 177.981557 -38.641192
147.040404 -43.105495 147.042282 -43.104440
172.387176 -43.318406 172.391732 -43.317388
145.339455 -36.360039 145.342200 -36.357099
174.697206 -36.729979 174.698122 -36.729446
175.306678 -37.805395 175.310197 -37.802716
149.742661 -32.277711 149.743451 -32.277033
148.556331 -25.851143 148.556924 -25.850091
138.730711 -34.927895 138.731677 -34.926686
176.110245 -40.205179 176.111376 -40.204183
138.060010 -32.352910 138.062143 -32.351086
145.727283 -40.985454 145.728746 -40.984845
172.834827 -42.770746 172.836966 -42.769602
138.876426 -34.125335 138.877973 -34.124805
151.941133 -32.121599 151.943081 -32.119959
137.627383 -35.647143 137.628641 -35.646030
137.638777 -35.645547 137.639635 -35.644820
175.352891 -37.779954 175.359311 -37.773539
148.285313 -34.325401 148.288088 -34.323933
177.535764 -38.248545 177.539038 -38.245933
172.666745 -43.363503 172.669105 -43.362043
144.873941 -35.812702 144.876660 -35.810897
140.351912 -34.292246 140.352825 -34.291449
153.026550 -27.402033 153.031356 -27.399343
147.164312 -41.473184 147.173428 -41.466456
138.599764 -33.843971 138.600797 -33.842755
147.021269 -35.377980 147.024094 -35.375149
150.365051 -33.713069 150.367288 -33.711168
151.454887 -32.701127 151.455965 -32.699921
152.844953 -30.659799 152.846537 -30.658010
138.869118 -35.065669 138.872029 -35.063039
150.899571 -32.263419 150.901861 -32.260829
137.863257 -34.030159 137.868363 -34.026816
151.139087 -24.848682 151.140626 -24.846696
143.194664 -37.254751 143.195991 -37.253760
143.121759 -37.137216 143.123325 -37.135722
146.714101 -38.306857 146.715175 -38.305279
171.059628 -44.741022 171.063308 -44.739562
174.970172 -38.841311 174.970572 -38.840909
173.996625 -41.291029 173.998879 -41.289701
138.676169 -34.907458 138.677190 -34.906872
152.341394 -30.405744 152.342711 -30.404689
177.395806 -37.984129 177.397408 -37.983373
145.170944 -37.950940 145.188315 -37.935537
172.863696 -42.518747 172.864258 -42.517799
151.569926 -33.006945 151.572694 -33.004210
172.136945 -43.672161 172.138902 -43.670163
171.656044 -43.635778 171.656809 -43.633591
152.546491 -27.442491 152.547816 -27.440606
144.600706 -36.488243 144.602315 -36.486837
171.300076 -44.250751 171.303364 -44.249232
142.909072 -38.253728 142.911371 -38.252031
146.337735 -41.206390 146.343981 -41.203256
174.350270 -36.102836 174.350827 -36.102177
147.716983 -42.608743 147.717451 -42.608227
174.677601 -36.756095 174.684213 -36.750637
178.486207 -37.765808 178.489006 -37.764019
153.178965 -27.936513 153.179975 -27.934376
143.280113 -36.628801 143.282747 -36.626090
150.971373 -34.174335 150.971968 -34.173905
140.600776 -34.394526 140.601988 -34.393583
145.171351 -37.943175 145.173296 -37.941246
144.678033 -38.308812 144.678934 -38.308233
145.271051 -38.113829 145.272736 -38.111835
143.847643 -37.549764 143.850538 -37.546284
172.504352 -43.589368 172.505603 -43.588420
174.732638 -37.262243 174.735024 -37.261018
137.991456 -33.189316 137.996136 -33.185453
148.462855 -37.708779 148.465344 -37.707031
175.471800 -36.852560 175.472470 -36.852030
146.245171 -38.280058 146.246727 -38.278706
150.213900 -23.920899 150.215584 -23.919614
150.920189 -34.342305 150.922314 -34.340557
147.189120 -34.808988 147.191122 -34.806581
151.727233 -29.910693 151.728347 -29.909767
142.449644 -35.933739 142.451182 -35.932451
174.834136 -36.995051 174.841542 -36.988426
178.287786 -38.376095 178.291456 -38.374033
149.293789 -31.270413 149.295669 -31.269087
174.826691 -36.870399 174.832173 -36.865529
151.963011 -32.028015 151.965848 -32.025987
176.546099 -40.007540 176.549011 -40.006272
143.583820 -38.353266 143.586355 -38.349532
153.111569 -27.664150 153.111810 -27.663846
143.000772 -36.390127 143.003604 -36.387934
151.227289 -33.972437 151.229522 -33.970267
147.737072 -43.111810 147.738093 -43.110856
151.039803 -33.769327 151.041322 -33.767643
145.592070 -36.742274 145.595606 -36.739682
145.931856 -38.153711 145.935032 -38.151975
142.915317 -36.606839 142.917763 -36.603566
174.291215 -35.693764 174.292890 -35.692475
175.020957 -37.237180 175.021903 -37.236193
141.392921 -37.279508 141.395781 -37.278210
138.661818 -34.380574 138.663447 -34.379635
152.987130 -27.533131 152.988263 -27.532286
145.098786 -37.854114 145.102350 -37.850834
141.975004 -36.417519 141.976347 -36.416468
149.287224 -31.251777 149.288748 -31.249538
138.611721 -35.351025 138.612418 -35.350440
174.620801 -36.911006 174.622053 -36.910357
152.553391 -27.205967 152.553949 -27.205213
174.900875 -37.195455 174.901578 -37.194823
145.636292 -37.779960 145.638628 -37.778118
142.545291 -36.364429 142.546290 -36.363780
137.927963 -33.618813 137.930566 -33.617199
141.644769 -36.350395 141.647039 -36.348670
143.946323 -36.611267 143.948976 -36.609200
175.355466 -38.042235 175.356753 -38.041207
175.293302 -40.597833 175.296401 -40.595763
150.629974 -26.740080 150.631750 -26.738672
147.850594 -43.141197 147.851493 -43.140752
145.935390 -38.484632 145.938052 -38.482750
138.655693 -35.132947 138.656935 -35.131635
145.515954 -41.801984 145.516725 -41.801550
139.955050 -35.349077 139.957280 -35.347917
139.230079 -34.154545 139.230421 -34.153908
144.961448 -37.793065 144.969331 -37.785188
153.536321 -28.176325 153.537251 -28.175310
172.687339 -43.532166 172.693600 -43.528105
145.715454 -38.084651 145.718491 -38.082760
174.725554 -37.391281 174.725837 -37.391068
142.983107 -35.636681 142.984341 -35.635340
150.652487 -31.334894 150.654058 -31.333480
146.289573 -36.373982 146.294352 -36.371600
146.174319 -38.070093 146.175783 -38.068853
151.103780 -33.816143 151.104593 -33.815491
146.064949 -34.287933 146.068564 -34.284312
138.631529 -33.885162 138.633100 -33.883644
135.854552 -34.728564 135.855256 -34.728034
140.959677 -36.704073 140.962680 -36.701630
169.799050 -44.873798 169.799778 -44.873364
145.149822 -36.802984 145.152311 -36.801506
147.895619 -36.204038 147.898802 -36.202238
151.346763 -32.740984 151.347847 -32.740348
153.063690 -27.473363 153.066134 -27.469500
148.229292 -35.322244 148.233846 -35.317970
152.757158 -27.634126 152.763812 -27.629967
144.463196 -38.183109 144.465679 -38.181755
176.261211 -38.154416 176.264176 -38.152895
139.899761 -22.901153 139.900906 -22.900027
150.564514 -34.213342 150.566869 -34.211342
142.022892 -36.440998 142.025595 -36.438728
175.049624 -39.946619 175.050368 -39.945994
135.466816 -33.045966 135.468224 -33.044783
149.089946 -33.224981 149.090436 -33.224617
172.401111 -43.567518 172.402037 -43.566593
147.239972 -33.909206 147.243024 -33.905001
138.738536 -34.971374 138.739143 -34.970537
149.249127 -33.156420 149.249595 -33.155979
172.471172 -43.550449 172.473400 -43.549376
151.897710 -27.423085 151.899641 -27.421973
150.681670 -34.071814 150.681858 -34.071591
142.859316 -37.703969 142.860284 -37.702867
152.383697 -31.881479 152.384742 -31.880555
172.709235 -42.968549 172.710953 -42.967840
176.802585 -38.032417 176.803353 -38.031722
151.825605 -26.579988 151.828092 -26.577509
152.000682 -29.057881 152.003146 -29.055591
150.558301 -29.530522 150.561115 -29.527003
142.029189 -35.134917 142.030058 -35.134171
146.665898 -36.112574 146.668360 -36.110581
144.124989 -36.759016 144.127507 -36.756989
173.796307 -41.517963 173.797439 -41.516658
149.841049 -36.706223 149.844493 -36.703716
144.955564 -36.809948 144.956162 -36.809461
152.991944 -27.309267 152.992193 -27.308983
174.773307 -41.279914 174.774588 -41.277910
146.381608 -36.007206 146.384453 -36.004740
149.810258 -32.798627 149.811733 -32.797545
140.722300 -34.172894 140.724918 -34.172009
148.202837 -35.297177 148.204198 -35.296092
148.239832 -40.206521 148.241019 -40.205784
150.130151 -33.493893 150.133265 -33.491777
145.995774 -35.989449 145.998742 -35.987009
143.785975 -37.132139 143.788218 -37.130410
151.178533 -33.895344 151.180424 -33.893913
138.651417 -34.763184 138.652663 -34.762148
152.771142 -26.553911 152.771735 -26.553265
172.339178 -41.795781 172.340166 -41.794852
138.435006 -33.045561 138.435551 -33.044920
174.698933 -41.278169 174.703805 -41.269565
146.020178 -38.578648 146.021818 -38.577582
150.888799 -34.435321 150.889700 -34.434975
150.975816 -34.203008 150.978254 -34.200269
145.929207 -41.072570 145.931544 -41.071071
172.568150 -43.579771 172.569317 -43.579142
146.849465 -36.304688 146.852625 -36.302193
153.008423 -27.987469 153.010544 -27.985055
151.618493 -32.600611 151.619195 -32.600247
148.172290 -23.506711 148.174634 -23.505215
141.989526 -35.903494 141.990943 -35.902442
172.497152 -43.370522 172.497968 -43.369974
144.416836 -37.691800 144.419517 -37.687448
147.818589 -31.699335 147.821485 -31.695830
151.837347 -29.450015 151.838892 -29.448333
143.241523 -36.104226 143.243087 -36.102907
148.691450 -33.801937 148.692010 -33.801515
146.727463 -36.550762 146.728997 -36.549760
175.399511 -40.176091 175.402023 -40.174735
147.056924 -42.772667 147.059123 -42.770962
147.065519 -37.994925 147.068109 -37.992884
137.674537 -34.368664 137.677539 -34.366203
150.889653 -34.435664 150.890602 -34.435097
138.708453 -34.433599 138.709003 -34.432779
145.132804 -38.148516 145.135358 -38.146586
152.125543 -26.888141 152.126629 -26.887039
145.828191 -41.044027 145.829865 -41.042837
151.569263 -32.903220 151.571055 -32.901878
175.163565 -37.681587 175.165211 -37.680424
171.185790 -42.471385 171.189411 -42.467387
170.843494 -44.913418 170.844650 -44.912566
152.933807 -29.719067 152.936130 -29.717198
152.515004 -31.951147 152.516257 -31.949224
138.502019 -35.178233 138.503117 -35.177482
148.691499 -33.801577 148.692121 -33.800959
143.704777 -36.989906 143.706965 -36.988329
146.054304 -38.202095 146.055608 -38.200469
142.786034 -34.711156 142.789134 -34.709342
173.928445 -39.508880 173.928882 -39.507351
150.888524 -34.436009 150.890498 -34.435341
138.581619 -34.938074 138.588021 -34.931968
138.600702 -35.541874 138.603486 -35.539360
175.782413 -38.043498 175.783712 -38.042416
138.645066 -34.961820 138.646442 -34.961218
144.456431 -37.228486 144.461503 -37.225765
152.568984 -27.801709 152.569430 -27.801059
149.119634 -33.296619 149.125146 -33.293468
151.916465 -27.941796 151.918905 -27.939648
172.473937 -43.512920 172.477155 -43.510559
144.948052 -38.347083 144.951193 -38.343980
150.845861 -34.459720 150.847221 -34.458812
173.882148 -39.191851 173.883477 -39.190754
150.430526 -35.273116 150.430636 -35.273030
145.121906 -30.534671 145.123301 -30.533784
172.998814 -41.172005 172.999696 -41.171365
141.407303 -37.601516 141.409921 -37.599136
145.087732 -37.897982 145.089524 -37.896521
139.019187 -34.493233 139.020990 -34.491852
147.248502 -37.460966 147.249605 -37.459927
138.702546 -34.032216 138.704907 -34.030717
145.337176 -37.748059 145.339794 -37.745799
172.684527 -43.540897 172.687643 -43.535653
148.050921 -35.313593 148.053170 -35.311615
141.588390 -38.372309 141.595442 -38.369784
151.492023 -30.641779 151.493202 -30.640934
174.671329 -36.630995 174.676861 -36.627144
152.493247 -27.143909 152.493376 -27.143757
145.713968 -35.964475 145.716790 -35.963355
175.437624 -41.092593 175.440325 -41.090173
151.630721 -33.147859 151.632721 -33.146045
148.665804 -33.951101 148.667351 -33.950000
146.103256 -36.024889 146.106180 -36.023371
150.321037 -33.703765 150.325779 -33.698320
141.795771 -36.371002 141.796984 -36.370190
174.858934 -36.882652 174.859669 -36.882210
176.059916 -38.680435 176.061266 -38.679589
151.338638 -32.762365 151.339607 -32.761025
147.384905 -36.534755 147.386132 -36.534101
153.067258 -27.408141 153.069074 -27.406731
172.623268 -43.559794 172.627491 -43.556621
148.028472 -40.100098 148.030245 -40.098717
138.271142 -33.044635 138.272920 -33.042287
145.469698 -37.907893 145.471186 -37.905819
176.335365 -37.789262 176.336485 -37.787181
173.774151 -35.103567 173.774968 -35.102875
144.821423 -38.374757 144.824068 -38.373617
140.572835 -34.456744 140.574874 -34.455360
143.542286 -37.267126 143.544825 -37.265004
175.440498 -41.093390 175.441908 -41.092015
138.517577 -35.002984 138.521756 -35.002020
138.635651 -34.775530 138.638559 -34.772816
151.123831 -26.778315 151.125462 -26.776894
172.827116 -40.924699 172.827881 -40.923884
148.894948 -34.837926 148.897791 -34.834210
142.899051 -35.982168 142.900645 -35.980352
150.423455 -31.403238 150.425172 -31.402299
143.622245 -38.034731 143.624514 -38.033024
141.351430 -36.324937 141.352797 -36.324141
141.302816 -37.042599 141.304856 -37.041374
173.018507 -41.129783 173.021255 -41.127314
150.889482 -34.436967 150.890265 -34.436687
150.716495 -33.757517 150.721027 -33.755067
148.236964 -35.156621 148.237782 -35.155956
144.816112 -37.831339 144.827344 -37.825942
174.684888 -36.889575 174.685873 -36.888801
144.041048 -37.168552 144.041819 -37.168092
144.340681 -38.196821 144.341544 -38.196230
177.415821 -39.049602 177.417966 -39.047602
174.763022 -36.860548 174.765773 -36.857815
174.134939 -39.559078 174.137106 -39.556907
171.946619 -43.481812 171.949483 -43.480730
173.300112 -41.258243 173.305954 -41.254461
153.099538 -27.785787 153.103061 -27.784254
175.147318 -40.753156 175.150016 -40.751594
146.799372 -38.169717 146.801912 -38.168030
144.279549 -36.783534 144.284880 -36.776296
151.241075 -33.912113 151.242142 -33.910976
142.391889 -36.266257 142.394882 -36.264812
175.429382 -37.905106 175.430024 -37.904479
138.349997 -32.864939 138.350980 -32.863165
172.606224 -43.498086 172.607512 -43.496451
150.889326 -34.437559 150.889904 -34.436876
152.990582 -27.352839 152.997290 -27.343169
150.501205 -23.400384 150.505220 -23.397193
145.005996 -37.770128 145.006674 -37.769321
145.338867 -37.738591 145.346334 -37.731824
153.086754 -27.234703 153.089597 -27.231886
151.519218 -32.995102 151.525718 -32.991120
145.212199 -37.747216 145.214859 -37.744628
144.341241 -37.122293 144.344332 -37.119730
152.678078 -27.987922 152.678325 -27.987648
152.118781 -27.546024 152.119553 -27.545282
153.308914 -27.857140 153.310304 -27.856052
146.590765 -36.146234 146.593409 -36.144056
143.795302 -36.812995 143.796786 -36.811820
145.229933 -36.896470 145.231630 -36.894807
138.605546 -33.213008 138.607752 -33.211176
136.832831 -31.183588 136.834195 -31.182568
143.716502 -36.348974 143.719405 -36.346726
138.414975 -33.050500 138.416065 -33.049160
142.386608 -38.327980 142.389249 -38.326172
147.874532 -34.491315 147.877083 -34.489229
147.494568 -41.926480 147.495490 -41.925639
175.695513 -39.868080 175.696851 -39.867455
150.889780 -34.437597 150.890219 -34.436943
150.888416 -34.436768 150.890433 -34.435769
174.811605 -38.074640 174.812051 -38.074315
149.991887 -34.443220 149.993420 -34.442717
153.253105 -27.531386 153.255020 -27.529473
149.131499 -36.215830 149.134768 -36.213734
138.603717 -34.890985 138.608676 -34.889264
140.348179 -34.233327 140.349792 -34.232108
146.689630 -36.346920 146.693425 -36.343930
145.947156 -36.557878 145.949957 -36.554034
145.708505 -36.650402 145.710160 -36.649224
176.076330 -38.678575 176.079084 -38.676646
151.186926 -33.824624 151.190061 -33.821550
141.160431 -36.723027 141.162120 -36.721769
146.616792 -38.065637 146.618348 -38.064235
147.740044 -35.270896 147.742078 -35.269163
138.619098 -34.985731 138.622530 -34.983327
147.166661 -41.490405 147.167122 -41.489977
137.921571 -35.723095 137.922609 -35.722040
175.689800 -37.398061 175.690468 -37.397498
143.846706 -39.928977 143.846889 -39.928867
150.888290 -34.437058 150.889463 -34.436533
145.056892 -37.753191 145.059320 -37.751205
151.555790 -33.277229 151.558151 -33.275130
143.293981 -36.799906 143.295659 -36.798982
172.258018 -43.779931 172.263008 -43.775376
151.314168 -32.915691 151.315397 -32.914646
144.318406 -38.242452 144.319671 -38.241623
174.751166 -36.697185 174.751898 -36.696806
177.414479 -39.047369 177.418428 -39.044802
152.947311 -29.678242 152.950433 -29.675553
144.725023 -38.342299 144.728255 -38.340882
175.388537 -39.125760 175.389517 -39.125150
138.883172 -34.886728 138.885416 -34.884616
143.923355 -35.722352 143.925812 -35.720342
145.038464 -37.721890 145.043320 -37.718352
147.045898 -34.804250 147.047442 -34.802632
139.240882 -35.124467 139.241029 -35.124038
148.670275 -33.548781 148.674288 -33.545597
171.316273 -42.245720 171.317082 -42.245256
174.251875 -38.995286 174.255046 -38.993519
147.500839 -42.031333 147.502211 -42.030466
150.888993 -34.437509 150.889391 -34.437021
149.845624 -32.953115 149.847990 -32.951130
144.979997 -37.743085 144.984778 -37.740071
144.875825 -37.855279 144.882133 -37.850595
172.241571 -43.782968 172.243006 -43.782046
144.567096 -37.422109 144.569827 -37.420015
145.490224 -38.560159 145.492884 -38.558523
151.990609 -26.676203 151.992835 -26.674157
153.377600 -28.340123 153.379456 -28.339274
175.638171 -40.344295 175.644155 -40.341634
138.676217 -35.524354 138.676901 -35.523555
151.794527 -32.879426 151.798624 -32.875815
175.670027 -40.963087 175.673383 -40.960883
144.130742 -36.065405 144.133163 -36.063089
142.079972 -38.313514 142.080549 -38.313132
147.045908 -34.802627 147.046801 -34.802257
139.240876 -35.123973 139.241026 -35.123337
149.706863 -31.827391 149.709062 -31.825126
140.586818 -34.277139 140.589952 -34.275009
146.880810 -35.866291 146.881059 -35.865860
145.995212 -38.856843 145.995643 -38.856515
145.680277 -28.078824 145.682273 -28.076335
172.681173 -43.556491 172.682909 -43.555401
147.675117 -42.863214 147.676002 -42.862317
150.841766 -33.554671 150.843469 -33.553583
150.888573 -34.437465 150.889073 -34.436963
153.121846 -30.298489 153.124360 -30.295850
172.076585 -43.545426 172.077674 -43.544170
152.699590 -27.970830 152.700126 -27.970508
145.261985 -38.471743 145.263713 -38.468701
171.631945 -41.752674 171.635439 -41.750191
174.985243 -40.896696 174.987301 -40.895361
153.261806 -28.801612 153.262517 -28.800750
173.790036 -35.044686 173.791029 -35.043594
144.247102 -26.600785 144.248655 -26.599426
138.114600 -33.830102 138.115316 -33.829535
175.399447 -40.548575 175.401329 -40.546985
148.089988 -35.097822 148.092815 -35.095721
139.886455 -35.101755 139.887646 -35.100950
143.720033 -38.498349 143.720924 -38.497744
145.212493 -36.064346 145.214111 -36.062190
150.600661 -34.889538 150.604491 -34.887109
149.139033 -33.310387 149.139761 -33.309874
141.166817 -35.245768 141.169335 -35.243271
147.368009 -42.297707 147.370263 -42.296025
136.145697 -34.288479 136.146388 -34.286598
152.345075 -31.879366 152.345949 -31.878546
171.630826 -41.754532 171.632699 -41.752739
152.985365 -27.946877 152.986760 -27.946095
174.797504 -36.825723 174.798545 -36.824915
147.149323 -33.076245 147.152884 -33.073518
149.578011 -36.639085 149.581003 -36.636502
147.491509 -41.939530 147.494078 -41.938532
136.509287 -33.712956 136.511256 -33.711846
150.888242 -34.437157 150.888482 -34.436915
138.649670 -32.923426 138.651108 -32.922017
145.051397 -37.968266 145.055105 -37.966619
145.186681 -38.354637 145.190037 -38.353574
144.310050 -38.169533 144.312517 -38.166867
152.637592 -27.517179 152.638059 -27.516683
149.545883 -33.414341 149.553319 -33.410060
144.987990 -37.414127 144.989879 -37.413418
153.024862 -26.395649 153.026426 -26.394042
173.406228 -35.495403 173.407928 -35.494067
152.651609 -26.175940 152.660043 -26.169166
138.635355 -34.683003 138.636429 -34.682302
152.584191 -25.718467 152.588306 -25.715952
144.237887 -37.598959 144.239384 -37.597946
149.635865 -33.330855 149.638000 -33.329519
150.747732 -31.264677 150.749490 -31.262732
138.502819 -34.858446 138.503445 -34.857556
148.065475 -42.576268 148.066060 -42.575846
143.330802 -36.993372 143.333173 -36.991388
173.247089 -41.321633 173.254919 -41.317435
175.799838 -38.983939 175.802713 -38.982267
142.183353 -35.911333 142.185144 -35.910342
150.888189 -34.437403 150.888655 -34.436939
150.805930 -34.467083 150.806217 -34.466832
142.021136 -38.040089 142.026195 -38.037952
140.398092 -35.148611 140.400466 -35.146980
144.578209 -37.675447 144.580709 -37.674101
172.645039 -43.524310 172.645509 -43.522554
150.572352 -34.072106 150.573160 -34.071464
149.232612 -33.525243 149.235260 -33.523302
152.878815 -27.376835 152.881046 -27.374934
138.575226 -34.996610 138.576086 -34.995916
145.065459 -37.748114 145.065904 -37.747898
176.901087 -39.491391 176.902590 -39.489022
143.115316 -38.219231 143.116984 -38.217269
145.030655 -38.258002 145.035699 -38.255125
175.128189 -37.425589 175.128834 -37.424760
173.844977 -39.451878 173.846647 -39.450928
153.395855 -27.970644 153.398702 -27.968607
150.647516 -26.739117 150.649114 -26.734901
174.617405 -38.694443 174.617894 -38.694071
146.923210 -36.063214 146.926548 -36.059645
150.131212 -29.466438 150.133195 -29.464411
145.606887 -33.821389 145.608443 -33.820163
147.137662 -33.522665 147.139722 -33.520663
142.118073 -36.325235 142.119719 -36.324466
138.469532 -33.175637 138.470848 -33.173807
149.703705 -36.761953 149.704884 -36.761052
176.781630 -39.668117 176.783914 -39.665845
175.761246 -38.361617 175.763843 -38.359843
145.140430 -37.760507 145.142933 -37.758517
142.809606 -36.569322 142.812631 -36.567753
144.829556 -37.638344 144.831907 -37.636412
150.887981 -34.438392 150.888595 -34.437534
136.189897 -33.469307 136.190767 -33.468681
150.806743 -34.469661 150.807207 -34.469046
139.656094 -34.018456 139.658476 -34.016484
139.821717 -34.987312 139.824643 -34.983239
174.961057 -41.197130 174.967904 -41.194921
153.264810 -27.712041 153.267501 -27.711014
146.577705 -25.806504 146.581133 -25.805031
139.145448 -34.098399 139.145931 -34.097888
173.097449 -34.796096 173.098578 -34.795251
148.731902 -34.464187 148.733495 -34.461821
148.227362 -41.319881 148.229980 -41.318206
175.253341 -38.876286 175.254653 -38.874437
150.888062 -34.438347 150.889159 -34.437594
150.793855 -34.472827 150.795209 -34.471543
152.887954 -27.559294 152.891540 -27.557486
150.819135 -34.468688 150.833474 -34.462261
138.945325 -33.691022 138.947329 -33.689281
153.264494 -28.996695 153.266751 -28.994424
138.815484 -34.988946 138.816104 -34.988539
149.276658 -36.500327 149.279238 -36.498058
146.143363 -35.559723 146.145788 -35.557692
142.344471 -37.633760 142.346420 -37.632175
143.103364 -30.859249 143.104895 -30.858371
151.180506 -32.590651 151.182003 -32.589101
176.856089 -39.504531 176.859875 -39.502253
147.807929 -42.893263 147.809705 -42.892185
175.183397 -38.311472 175.185583 -38.310384
138.736104 -33.031663 138.738077 -33.030439
146.010070 -36.025544 146.013111 -36.022624
174.771415 -41.280191 174.773415 -41.278024
151.605027 -32.754056 151.607484 -32.752720
172.725146 -43.602601 172.726361 -43.601150
152.408067 -27.060522 152.408689 -27.060063
145.212877 -38.303314 145.215001 -38.302262
174.666715 -36.412941 174.667617 -36.412235
142.314715 -38.101912 142.316900 -38.100400
171.556751 -42.352251 171.558870 -42.351390
152.541545 -26.946721 152.544590 -26.944174
147.607957 -37.849947 147.612305 -37.847697
146.494097 -38.180284 146.497809 -38.177004
173.836664 -39.289926 173.837316 -39.289321
143.984604 -37.777698 143.986825 -37.776525
153.222058 -29.471566 153.226263 -29.469296
139.455278 -34.676832 139.456136 -34.676276
172.649927 -43.391784 172.651493 -43.389643
151.751795 -29.728626 151.754558 -29.724657
138.949917 -34.533377 138.951033 -34.532351
148.221994 -34.425444 148.223319 -34.424772
173.175909 -41.348860 173.178767 -41.346582
176.832344 -39.530375 176.836831 -39.528963
175.344918 -38.912180 175.347435 -38.910840
147.713872 -35.950678 147.715468 -35.948529
151.619697 -32.883546 151.621081 -32.882680
138.692664 -35.507189 138.693456 -35.506445
153.402645 -27.495604 153.405236 -27.493453
143.982010 -36.984007 143.983425 -36.982960
143.344138 -37.944705 143.346958 -37.943098
142.002288 -37.731141 142.005453 -37.728277
148.557131 -37.797940 148.558395 -37.796708
151.268285 -27.886188 151.271096 -27.884197
153.454646 -28.952468 153.456696 -28.951076
153.606388 -28.660956 153.608855 -28.659069
147.378624 -34.833935 147.382274 -34.831869
153.360372 -28.074361 153.361430 -28.072194
148.731426 -34.460932 148.732564 -34.460127
174.874336 -37.805698 174.875844 -37.804664
147.088157 -37.857473 147.091891 -37.855558
167.483775 -22.668598 167.485343 -22.667855
172.680606 -40.686099 172.681030 -40.685707
176.853330 -39.503117 176.856152 -39.500631
172.485066 -43.632238 172.487831 -43.629657
174.654990 -36.800357 174.655994 -36.799490
146.366392 -35.994231 146.368581 -35.992824
175.487098 -37.904188 175.487982 -37.903275
176.439134 -39.819534 176.439751 -39.818957
151.123593 -33.815287 151.130054 -33.810090
174.783854 -36.965340 174.787860 -36.959266
145.000912 -37.862875 145.003976 -37.859236
151.603199 -32.755205 151.607392 -32.752611
151.622980 -32.734741 151.624110 -32.733944
147.386817 -35.135519 147.389244 -35.133018
138.690851 -35.507448 138.691736 -35.506246
144.587210 -37.496050 144.589656 -37.493977
147.102083 -36.633067 147.103092 -36.632301
146.323822 -41.188563 146.326980 -41.186091
138.968270 -35.215128 138.969702 -35.213793
142.761411 -37.056403 142.766953 -37.053932
150.333003 -28.537688 150.334983 -28.535642
141.427898 -31.966213 141.435510 -31.959881
176.847433 -39.504049 176.852159 -39.501639
148.887496 -30.359195 148.889520 -30.357725
138.612532 -34.892907 138.613819 -34.891621
171.435751 -41.909694 171.436556 -41.909135
176.941457 -37.927369 176.944878 -37.925810
151.624132 -32.734522 151.625691 -32.732790
171.767495 -43.893673 171.773610 -43.889738
172.574798 -43.501050 172.578867 -43.498350
143.719990 -36.841501 143.723398 -36.838931
138.867267 -35.063950 138.868954 -35.062415
138.739361 -34.580038 138.743933 -34.576232
145.014473 -38.470272 145.017400 -38.468764
145.935891 -30.102244 145.938675 -30.098959
151.964265 -26.872836 151.965495 -26.871790
172.321750 -43.501396 172.322928 -43.500480
175.143204 -40.745708 175.144608 -40.745106
140.551671 -24.812124 140.551883 -24.811939
149.425342 -33.006115 149.426207 -33.004817
144.419281 -37.323773 144.420508 -37.322579
176.116553 -37.770596 176.118809 -37.769862
147.834729 -37.698100 147.836602 -37.696556
139.069086 -34.126984 139.070250 -34.125732
140.187156 -35.176647 140.188113 -35.175962
171.930742 -43.803821 171.932248 -43.802761
145.100518 -37.700804 145.101076 -37.700098
172.687778 -43.537225 172.692944 -43.531368
150.037009 -33.477667 150.037478 -33.477341
150.887957 -34.438426 150.890622 -34.434921
145.368155 -36.361699 145.370416 -36.357400
137.565619 -33.040687 137.568864 -33.037481
151.225182 -33.976977 151.236549 -33.972711
138.891080 -34.811269 138.892296 -34.810491
147.645591 -22.811050 147.648945 -22.809633
152.038822 -27.458100 152.039705 -27.457313
142.041024 -34.150987 142.044757 -34.148589
150.702464 -33.756716 150.703362 -33.755660
138.653571 -33.968731 138.656155 -33.966768
142.626934 -36.638964 142.628899 -36.638027
142.866485 -36.149279 142.868117 -36.147764
144.951767 -37.718871 144.961683 -37.703950
172.594458 -43.296056 172.595819 -43.295199
172.210487 -43.494264 172.213145 -43.492483
149.831695 -33.707941 149.835719 -33.704899
151.607816 -32.759963 151.613048 -32.755480
142.888090 -37.320166 142.889282 -37.319281
143.859924 -37.537025 143.867821 -37.529210
152.966678 -27.351453 152.969764 -27.350005
151.463304 -32.820149 151.466576 -32.817371
152.913380 -26.410158 152.915254 -26.408751
150.850312 -34.660895 150.853183 -34.658188
152.624629 -27.927365 152.625718 -27.924654
152.899539 -30.440285 152.901487 -30.438624
143.569449 -37.572712 143.572104 -37.570220
175.536680 -37.654154 175.538127 -37.652991
174.662689 -36.402612 174.663898 -36.401838
138.884064 -34.671916 138.886091 -34.670514
144.236883 -36.798227 144.239344 -36.796346
150.038862 -33.399784 150.042198 -33.397576
148.165301 -34.932923 148.166696 -34.931133
148.155977 -33.920028 148.159528 -33.916485
151.750985 -32.768198 151.752405 -32.766414
147.699390 -32.938927 147.701846 -32.937132
150.800307 -34.436019 150.800972 -34.435462
147.494643 -42.033673 147.497109 -42.032488
137.584480 -34.076209 137.587575 -34.073695
151.280389 -33.859360 151.282385 -33.857443
174.840367 -41.146245 174.842237 -41.144880
149.055709 -35.173440 149.058506 -35.171220
150.769773 -33.598202 150.773305 -33.596132
151.585961 -32.925407 151.586082 -32.925295
145.336065 -38.007270 145.337095 -38.006245
139.257843 -35.125915 139.261126 -35.123270
150.898083 -34.368579 150.898955 -34.368004
153.176523 -28.024312 153.177711 -28.023079
151.612315 -25.631576 151.614744 -25.629810
149.731561 -34.725161 149.733721 -34.720965
177.013088 -37.966007 177.014396 -37.963892
142.683761 -38.185384 142.684651 -38.184866
151.253614 -33.931204 151.255694 -33.928765
175.244898 -38.862002 175.247740 -38.860243
152.484709 -25.960691 152.485182 -25.960115
175.503274 -36.743905 175.505632 -36.742301
138.274933 -33.777648 138.276471 -33.776821
149.823142 -29.466853 149.825835 -29.463416
150.431518 -35.233754 150.433044 -35.232720
150.196940 -34.679731 150.198962 -34.678182
138.747878 -34.211199 138.749314 -34.210183
174.956411 -41.197583 174.959810 -41.193139
138.564645 -34.911701 138.566865 -34.910578
173.268915 -42.794428 173.270830 -42.793435
172.644887 -43.330767 172.646461 -43.327860
152.785295 -26.946373 152.787781 -26.945320
152.988294 -27.184545 152.992295 -27.180107
144.732002 -36.126130 144.736024 -36.123154
173.254956 -35.125363 173.257144 -35.124224
152.826494 -26.706632 152.828295 -26.705954
174.391888 -38.998984 174.392514 -38.998283
151.931857 -28.646968 151.935225 -28.644337
171.240006 -44.100243 171.242614 -44.098189
150.841448 -33.795666 150.854544 -33.788061
152.870936 -26.820363 152.871633 -26.819735
175.804074 -39.686465 175.806481 -39.685145
142.505540 -38.392447 142.510636 -38.390143
146.672940 -38.635960 146.674207 -38.634877
138.927078 -33.142163 138.929073 -33.140368
174.323467 -39.422060 174.326685 -39.419668
144.862897 -34.514401 144.865751 -34.512185
140.501377 -34.742177 140.501847 -34.741266
140.123343 -34.936355 140.127527 -34.932966
153.087204 -27.372966 153.093730 -27.366717
174.842647 -36.938116 174.844743 -36.936682
150.953463 -34.281220 150.955597 -34.280203
151.657363 -32.867941 151.657508 -32.867841
145.204583 -36.429698 145.205409 -36.429435
143.999991 -36.462582 144.002196 -36.460856
144.382029 -37.199027 144.383441 -37.197443
175.180949 -37.608401 175.185279 -37.606687
138.898392 -35.267938 138.904235 -35.264744
147.008466 -42.383494 147.010739 -42.382152
143.765208 -37.471179 143.767628 -37.469861
141.369517 -37.595901 141.370536 -37.594774
138.419784 -34.161834 138.423209 -34.158123
148.135239 -35.504199 148.138060 -35.502030
148.367917 -33.421131 148.370004 -33.419066
145.844300 -38.093033 145.847604 -38.090939
174.003798 -39.550179 174.006631 -39.548471
144.851276 -37.730660 144.856621 -37.726654
153.033979 -27.318299 153.035431 -27.316993
147.882456 -40.018938 147.883286 -40.018269
172.635180 -43.377646 172.637421 -43.375640
150.523347 -23.351018 150.526936 -23.346572
145.045443 -37.200261 145.047669 -37.198543
138.554696 -35.276140 138.555395 -35.275719
143.870424 -36.883354 143.872882 -36.881282
147.276803 -42.979456 147.282135 -42.975609
143.267771 -37.185158 143.268650 -37.184587
145.484464 -38.437051 145.485420 -38.435875
147.992467 -33.373957 147.996912 -33.367797
151.238082 -23.868905 151.241017 -23.866629
151.046404 -33.884248 151.065353 -33.864802
177.626037 -37.814885 177.626568 -37.814135
139.340210 -25.897180 139.342140 -25.895292
143.386076 -37.437617 143.388440 -37.435270
151.953758 -26.300242 151.956631 -26.298370
150.786796 -33.773457 150.788909 -33.771781
143.354746 -35.026521 143.357394 -35.023649
146.256684 -35.311580 146.259538 -35.309075
151.210145 -29.961937 151.212263 -29.959936
150.345339 -33.707924 150.348558 -33.705442
142.944511 -35.184670 142.945762 -35.184202
147.084240 -36.141403 147.085409 -36.140580
146.838203 -41.104323 146.840020 -41.102376
151.891831 -32.031420 151.892443 -32.030790
138.749831 -35.021664 138.751888 -35.019702
140.840555 -37.367292 140.841884 -37.366698
174.334998 -39.337552 174.337515 -39.335829
145.313072 -41.883880 145.315749 -41.882808
151.553342 -24.323007 151.553887 -24.322509
174.719677 -36.799624 174.723693 -36.798364
140.046828 -37.473287 140.047777 -37.472109
172.041657 -43.400986 172.043090 -43.399588
144.324764 -38.137030 144.330507 -38.134641
143.623012 -35.477596 143.625232 -35.475771
172.667654 -40.682195 172.669030 -40.681657
146.275154 -36.551263 146.276498 -36.549734
152.674540 -28.014805 152.675838 -28.013569
139.245211 -34.526077 139.246006 -34.525232
153.349909 -27.999389 153.355152 -27.996347
151.930907 -26.236442 151.932188 -26.234250
150.886059 -32.175771 150.887611 -32.173832
148.286762 -34.327266 148.289825 -34.324647
149.161849 -37.565323 149.163050 -37.564656
175.266237 -37.779879 175.267574 -37.778697
173.045815 -42.655416 173.047208 -42.654639
149.788239 -34.371405 149.790098 -34.369760
141.741046 -36.285486 141.742259 -36.284499
151.151635 -33.757565 151.152547 -33.756725
137.824544 -32.516825 137.826760 -32.514131
174.213462 -39.156861 174.215240 -39.154465
139.154302 -34.146926 139.154912 -34.146674
172.708828 -43.200229 172.712285 -43.198135
152.743529 -26.001646 152.744287 -26.000768
172.593165 -43.291197 172.594418 -43.290614
151.452682 -33.081676 151.454017 -33.079728
149.916915 -33.427767 149.917207 -33.427559
152.987273 -26.853113 152.988447 -26.852001
174.943250 -37.071398 174.946237 -37.068714
144.325659 -37.111701 144.326343 -37.110768
175.269704 -40.625734 175.272351 -40.624044
176.156355 -37.711942 176.158535 -37.710246
142.943235 -37.270274 142.946832 -37.267213
153.036426 -26.776437 153.038384 -26.774441
138.953651 -34.372015 138.955208 -34.370512
152.000950 -28.211841 152.005320 -28.208131
148.111442 -35.053094 148.114207 -35.051210
140.902790 -35.254312 140.904052 -35.253460
149.958825 -34.647420 149.959635 -34.646718
148.241530 -32.924798 148.244097 -32.923518
143.623754 -35.477166 143.625181 -35.476065
174.094631 -39.066412 174.096255 -39.064852
176.763898 -37.890911 176.764639 -37.890280
147.315979 -42.852871 147.326466 -42.846644
150.534520 -33.697623 150.535931 -33.697048
138.643092 -34.883590 138.643699 -34.883004
152.716708 -30.359829 152.719561 -30.357045
153.019096 -30.511038 153.020729 -30.510275
152.922230 -27.569468 152.927312 -27.563709
152.553425 -27.479347 152.553982 -27.478562
137.781740 -32.488851 137.786461 -32.485514
151.117802 -25.395230 151.119410 -25.393146
175.163933 -37.681780 175.167536 -37.679036
143.326005 -36.929500 143.329353 -36.928556
138.555198 -28.594611 138.555531 -28.594405
152.054988 -26.159985 152.056148 -26.159167
142.054120 -37.746120 142.055457 -37.744531
151.866556 -26.290382 151.869350 -26.288219
152.002098 -28.223558 152.004526 -28.222254
174.185327 -36.129753 174.186992 -36.127587
150.657807 -33.749620 150.660424 -33.748194
141.620499 -37.157112 141.622868 -37.156005
174.945716 -37.088541 174.947426 -37.087450
150.388702 -23.658991 150.391338 -23.656688
150.846252 -33.686450 150.849493 -33.684179
175.282971 -39.436679 175.285502 -39.432864
175.009520 -37.238647 175.009838 -37.238236
135.751882 -34.275032 135.753393 -34.273840
151.650783 -32.810483 151.654855 -32.803580
152.910111 -27.493024 152.911900 -27.491281
143.456740 -36.945415 143.459277 -36.944207
145.204569 -36.431576 145.206288 -36.429441
151.915686 -27.579563 151.923293 -27.573577
175.556529 -37.142709 175.558128 -37.141387
142.486779 -36.611280 142.488444 -36.609993
175.341470 -38.902250 175.342710 -38.900960
138.750092 -35.500161 138.751292 -35.499420
173.870127 -35.023486 173.870970 -35.022852
146.267171 -38.186917 146.270366 -38.184396
141.361827 -35.242778 141.364470 -35.241318
146.893270 -36.049727 146.899088 -36.046293
142.721632 -37.681025 142.722416 -37.680172
147.056409 -36.874001 147.057828 -36.872861
145.026814 -36.653260 145.027372 -36.652496
138.898998 -34.599780 138.899857 -34.598934
174.090680 -39.060473 174.094004 -39.056376
145.327433 -42.162695 145.328236 -42.161476
145.127762 -40.853108 145.128410 -40.852195
170.455375 -44.715532 170.456330 -44.714753
174.795341 -36.931011 174.799573 -36.928646
150.773127 -34.574073 150.774085 -34.573201
149.272342 -34.788316 149.273333 -34.787650
149.795464 -35.452298 149.798054 -35.449993
149.602966 -33.412350 149.605420 -33.410759
172.687824 -43.543111 172.690656 -43.540890
150.490522 -34.455827 150.491597 -34.454958
175.219520 -38.184465 175.221569 -38.183051
150.857901 -34.584851 150.860682 -34.582894
142.196571 -36.698837 142.202171 -36.696042
175.166984 -38.339759 175.168078 -38.338109
150.370763 -24.166087 150.371922 -24.164776
153.453345 -28.855122 153.455519 -28.853004
174.367561 -35.758877 174.369010 -35.757906
147.389960 -34.158489 147.393896 -34.155958
143.921446 -37.303173 143.923055 -37.301220
148.952022 -32.579498 148.953213 -32.578924
135.843942 -34.707588 135.845818 -34.707060
174.293100 -39.590971 174.296922 -39.588853
151.010230 -33.806276 151.011473 -33.804598
152.977594 -27.478188 152.986177 -27.470756
149.882520 -36.930539 149.885180 -36.928505
149.796019 -35.449813 149.797078 -35.448480
150.431552 -33.728138 150.432951 -33.727290
151.116783 -25.394716 151.118092 -25.393437
168.826284 -44.940225 168.827526 -44.938699
153.160228 -27.691540 153.161648 -27.690893
147.214822 -34.319066 147.216783 -34.317146
147.048652 -38.086165 147.052705 -38.081280
145.302075 -23.552515 145.306085 -23.551349
142.663886 -36.891026 142.665238 -36.889927
144.642265 -38.121651 144.643811 -38.119684
149.736480 -34.745148 149.738583 -34.744067
150.852126 -34.464887 150.853969 -34.464252
172.198564 -43.298487 172.201273 -43.296937
174.154434 -39.432047 174.155951 -39.430656
144.680052 -40.914664 144.680776 -40.914091
140.296540 -34.763715 140.297370 -34.763027
140.203449 -34.817183 140.207077 -34.814419
145.183495 -38.067504 145.201863 -38.060996
144.088227 -37.120653 144.090931 -37.119685
152.151343 -32.663968 152.152738 -32.662821
144.270419 -38.277743 144.270951 -38.277043
146.310846 -38.201798 146.314810 -38.198302
149.752965 -34.746267 149.757068 -34.742609
173.789872 -35.420724 173.790766 -35.419618
177.014005 -37.968408 177.015270 -37.967644
145.145976 -37.676563 145.147237 -37.675465
173.659427 -35.287802 173.660700 -35.286732
149.790859 -30.318597 149.794936 -30.314765
138.955271 -34.701943 138.956440 -34.700292
175.551946 -40.190718 175.556129 -40.187166
153.013504 -27.572192 153.014141 -27.571574
146.284646 -38.671390 146.285711 -38.670057
150.074561 -35.924781 150.077188 -35.922655
151.269731 -33.793048 151.273005 -33.791506
175.497816 -36.762137 175.498326 -36.761603
135.843924 -34.708743 135.845181 -34.707635
174.146958 -39.035305 174.148246 -39.034430
150.863404 -32.029173 150.865551 -32.027442
172.485719 -43.579925 172.489840 -43.576868
138.616573 -32.744678 138.618702 -32.742932
177.012998 -37.967885 177.014703 -37.966822
151.715043 -32.668378 151.716644 -32.667701
150.981202 -23.807781 150.982849 -23.806014
138.736249 -34.958717 138.736729 -34.956689
138.201279 -33.850623 138.202387 -33.848413
138.765896 -35.183945 138.766577 -35.183510
148.586161 -29.531104 148.589133 -29.528704
149.132791 -36.260509 149.134217 -36.259107
174.677157 -36.615124 174.678021 -36.614280
143.698813 -37.752072 143.700481 -37.750914
143.853247 -39.934922 143.856311 -39.933228
170.569095 -44.957836 170.571191 -44.956089
174.252316 -39.255447 174.254746 -39.254046
147.715318 -41.784945 147.716627 -41.783769
149.721206 -32.704888 149.722477 -32.703568
138.893616 -33.404740 138.894281 -33.403351
139.075166 -33.985858 139.076707 -33.984906
146.046795 -34.315984 146.047340 -34.315581
138.523686 -35.017702 138.527499 -35.016569
138.646023 -34.764692 138.647032 -34.764025
145.893860 -36.133704 145.895373 -36.131988
174.873597 -41.056125 174.876801 -41.052642
151.485017 -33.096835 151.487292 -33.095262
151.737193 -32.420063 151.739681 -32.418471
138.519022 -33.920814 138.520246 -33.919855
148.395239 -30.957849 148.396475 -30.956995
143.618412 -38.168118 143.620427 -38.166727
150.321494 -34.566483 150.322540 -34.565489
143.972504 -38.021175 143.973781 -38.018784
172.513206 -43.578925 172.514020 -43.578412
174.467466 -39.745070 174.469572 -39.743091
171.847599 -43.677714 171.850201 -43.676022
174.035126 -35.497408 174.035894 -35.496723
149.029064 -33.670426 149.030930 -33.668412
149.336954 -23.647058 149.337887 -23.646362
146.402512 -36.039776 146.404852 -36.038305
150.813225 -33.613136 150.814750 -33.611994
151.556285 -32.748949 151.556761 -32.748512
138.543067 -34.891704 138.543656 -34.891429
177.058457 -37.972324 177.059687 -37.971302
153.420825 -29.111248 153.422438 -29.108964
145.109836 -37.530828 145.112411 -37.528625
149.199404 -35.370367 149.204001 -35.366115
143.595744 -37.793479 143.597834 -37.790981
148.553238 -34.052508 148.556480 -34.049683
141.902467 -34.108873 141.904837 -34.107052
177.894879 -38.620354 177.896038 -38.619489
148.042508 -34.634521 148.046903 -34.631517
148.373215 -30.962615 148.376809 -30.959579
143.657956 -38.780626 143.660949 -38.778661
144.040461 -38.014769 144.041960 -38.012774
143.558902 -36.792464 143.560758 -36.790428
143.691022 -37.419297 143.693587 -37.417236
136.911065 -33.675769 136.911860 -33.674555
168.393792 -44.852160 168.396950 -44.850192
174.200973 -39.516827 174.202339 -39.514876
171.493364 -43.643605 171.495394 -43.641889
149.233387 -35.345392 149.236294 -35.343469
145.149204 -37.729524 145.151965 -37.726198
138.958559 -35.405866 138.961802 -35.403470
152.540177 -27.467827 152.541572 -27.466491
175.688092 -37.391094 175.690747 -37.389126
153.025723 -30.216563 153.026827 -30.215661
145.683883 -36.084251 145.686203 -36.082430
151.294159 -33.818055 151.295094 -33.817271
152.274553 -27.572666 152.276782 -27.570846
142.368755 -35.749133 142.370924 -35.747399
140.784291 -36.314062 140.787596 -36.311417
175.858465 -40.425784 175.861119 -40.423901
144.315028 -32.891888 144.315834 -32.890953
151.286753 -33.675885 151.289248 -33.674015
146.926351 -36.062331 146.927853 -36.059881
148.893575 -34.832673 148.895592 -34.831283
138.763639 -34.594131 138.765526 -34.593155
145.696226 -33.988280 145.699777 -33.985631
148.688594 -33.801861 148.692465 -33.798830
150.831752 -34.749212 150.833434 -34.748038
151.960043 -32.655156 151.961380 -32.653947
147.763924 -43.043237 147.765104 -43.042720
143.081592 -35.360382 143.082344 -35.359713
136.574832 -33.908568 136.577926 -33.906195
149.131247 -35.219914 149.137793 -35.210236
172.767034 -43.048215 172.770130 -43.046644
151.089722 -28.427818 151.092057 -28.425983
175.881581 -38.231960 175.884264 -38.230654
145.449372 -38.057099 145.452057 -38.055725
174.908112 -36.961817 174.908362 -36.961338
173.973646 -35.323346 173.974970 -35.322697
175.311949 -40.480989 175.315126 -40.479514
152.670961 -25.518238 152.676168 -25.514084
175.545718 -40.999346 175.549389 -40.996952
147.459950 -42.833249 147.460527 -42.832732
142.322810 -35.092355 142.326785 -35.090339
144.574769 -38.165268 144.576312 -38.163285
149.909622 -37.059221 149.911396 -37.057246
152.924012 -27.413171 152.924318 -27.412914
151.374019 -33.330717 151.374700 -33.329849
148.085395 -24.106464 148.087476 -24.104417
169.808603 -44.870431 169.808914 -44.870131
153.129186 -26.794118 153.131623 -26.792701
152.415705 -27.241609 152.417309 -27.239722
146.319819 -41.184715 146.321255 -41.184113
174.830992 -36.873034 174.831634 -36.870548
144.274713 -37.084430 144.278517 -37.082677
152.605092 -28.718814 152.606028 -28.717494
144.466481 -35.997418 144.468691 -35.995404
148.949997 -32.582702 148.953602 -32.578792
138.948069 -34.818452 138.949728 -34.817646
150.978885 -29.782295 150.980864 -29.781070
151.373323 -33.331241 151.373999 -33.330521
137.857412 -34.770667 137.857924 -34.769238
152.695155 -31.638923 152.696677 -31.637335
140.380596 -37.623545 140.383396 -37.621048
139.053673 -34.074467 139.054654 -34.073964
149.290927 -31.270899 149.292413 -31.269533
152.978364 -30.068892 152.979910 -30.067895
172.645764 -43.524294 172.648128 -43.521914
152.544667 -27.569227 152.545021 -27.568970
143.755773 -37.294880 143.758262 -37.292792
174.078455 -35.376257 174.080524 -35.374307
174.128642 -35.257877 174.129683 -35.257113
151.922060 -28.919325 151.923477 -28.918173
173.865171 -41.529365 173.868484 -41.526556
153.588427 -28.863164 153.591698 -28.861018
152.969819 -26.616308 152.971744 -26.614578
146.963897 -36.735325 146.965982 -36.733081
138.742360 -33.512818 138.744102 -33.511987
149.980853 -34.732460 149.982304 -34.731120
144.262403 -36.719163 144.267216 -36.713994
148.112131 -30.035525 148.114412 -30.033808
146.628924 -23.645919 146.630223 -23.645162
151.375051 -33.329535 151.375703 -33.328937
140.367266 -36.089373 140.370244 -36.086858
147.077730 -41.689278 147.078092 -41.688793
173.152760 -35.174633 173.153802 -35.173446
175.861370 -37.410470 175.864196 -37.408620
138.823242 -34.451038 138.824766 -34.449688
144.859284 -37.817872 144.862817 -37.813258
139.471756 -33.924198 139.472209 -33.923822
175.539633 -37.650113 175.542245 -37.647935
175.091068 -39.894767 175.095353 -39.890888
174.123056 -35.263459 174.123755 -35.262909
145.848858 -41.059995 145.853124 -41.058020
151.658387 -33.052723 151.660377 -33.050410
140.379213 -36.970293 140.381054 -36.969312
148.623406 -29.544237 148.624640 -29.543107
139.459732 -34.697662 139.460433 -34.696706
139.293516 -34.575271 139.294615 -34.574243
175.186653 -37.609380 175.188034 -37.608248
151.373937 -33.331258 151.374856 -33.330602
140.704249 -37.570173 140.705194 -37.569612
141.384280 -36.129912 141.385958 -36.128623
146.995711 -43.329148 146.997939 -43.327671
175.453588 -37.864572 175.456367 -37.862612
146.868832 -36.114836 146.871053 -36.111959
145.015321 -36.585194 145.017611 -36.582997
153.524314 -28.674984 153.525550 -28.673052
152.546587 -27.559054 152.547456 -27.558680
144.038906 -37.262120 144.040535 -37.260958
172.825823 -40.837041 172.827375 -40.835872
141.732184 -37.964178 141.734434 -37.962777
173.940010 -41.539060 173.943497 -41.537864
151.264007 -33.910874 151.269990 -33.907291
138.675096 -35.062571 138.675843 -35.061998
151.005044 -33.803070 151.006702 -33.800649
144.122387 -35.642691 144.123944 -35.641604
150.061772 -34.720422 150.063601 -34.718731
146.605339 -33.886574 146.608021 -33.884044
138.730989 -34.775409 138.732717 -34.774433
151.375612 -33.329586 151.376621 -33.328750
175.905698 -37.583064 175.907953 -37.581291
147.716454 -34.826458 147.718224 -34.824638
138.849263 -32.984406 138.851789 -32.980408
149.048368 -23.586010 149.049613 -23.584589
139.578436 -33.920115 139.579103 -33.919214
172.598350 -43.300354 172.599789 -43.299462
150.986292 -33.720105 150.990193 -33.717324
153.210091 -27.695418 153.211607 -27.694652
152.296268 -26.877617 152.296804 -26.876896
175.841834 -37.020315 175.842481 -37.019692
144.081998 -37.838325 144.084148 -37.836564
173.938669 -41.539109 173.941258 -41.535739
176.688519 -39.773239 176.689756 -39.772333
176.213138 -40.068129 176.214904 -40.066795
148.412407 -33.617961 148.415497 -33.615298
148.952425 -30.076628 148.953932 -30.075273
143.979237 -37.706919 143.981410 -37.704658
147.065911 -42.781193 147.066944 -42.780609
142.429858 -36.070208 142.430995 -36.069420
151.374492 -33.330517 151.375698 -33.329490
175.558522 -37.167076 175.562438 -37.165454
152.610465 -28.402004 152.612356 -28.401050
144.719014 -37.826194 144.720956 -37.825136
150.819331 -34.066437 150.820505 -34.065663
145.019410 -37.901609 145.023387 -37.897554
172.567022 -43.562592 172.567618 -43.562013
172.621904 -43.543853 172.624996 -43.543136
152.940300 -30.473399 152.941384 -30.472344
152.493577 -32.166093 152.496079 -32.163790
176.116914 -40.189368 176.119556 -40.187458
142.221671 -38.384743 142.223391 -38.382362
151.135395 -33.794878 151.143640 -33.784564
172.984805 -41.067922 172.986855 -41.067461
152.874250 -30.825663 152.875396 -30.825147
140.728886 -36.946720 140.731618 -36.944925
147.273452 -36.199772 147.276580 -36.198153
149.739071 -37.548371 149.739930 -37.547640
151.656978 -32.810865 151.658176 -32.810234
145.875362 -34.814889 145.877563 -34.813037
142.635252 -36.435673 142.635983 -36.432082
151.657150 -30.017285 151.657876 -30.016510
138.537490 -32.843724 138.538349 -32.842615
151.683161 -32.892237 151.687102 -32.889227
136.098328 -34.359253 136.099763 -34.357942
175.783259 -39.819259 175.784751 -39.818112
175.751759 -37.803958 175.754145 -37.801580
176.259789 -40.103935 176.261140 -40.102886
145.132240 -37.823975 145.137905 -37.820992
174.750037 -36.928563 174.755717 -36.924911
145.023550 -37.638583 145.026186 -37.637586
172.686442 -43.541767 172.687866 -43.540803
138.909524 -35.033785 138.911169 -35.032678
152.689787 -27.803787 152.692316 -27.801658
144.262953 -38.335768 144.264892 -38.334280
137.590430 -35.047157 137.591335 -35.046116
149.458941 -35.612949 149.459996 -35.612118
174.761172 -36.860099 174.763194 -36.858033
176.085250 -38.701667 176.085962 -38.701190
153.490351 -28.557239 153.492615 -28.554582
175.849133 -37.008282 175.849443 -37.007964
175.186793 -38.310900 175.188224 -38.309969
173.761093 -35.855202 173.762178 -35.854212
144.353490 -36.981347 144.355157 -36.978895
138.767031 -34.828917 138.768768 -34.827365
150.915918 -33.805306 150.919343 -33.803751
150.807784 -29.665196 150.809037 -29.663388
142.947085 -36.156865 142.949660 -36.153816
175.666018 -40.954076 175.670007 -40.950240
175.556652 -37.697778 175.557346 -37.697093
171.933146 -43.341553 171.935373 -43.339740
137.741497 -32.475484 137.745068 -32.472462
146.083030 -37.065415 146.085399 -37.063632
151.046031 -34.036772 151.054865 -34.029311
159.065243 -31.520290 159.065933 -31.519695
149.741452 -33.546199 149.744346 -33.545280
147.125932 -35.281000 147.127810 -35.279537
145.354715 -38.026463 145.356803 -38.024814
135.485393 -34.620213 135.486059 -34.619789
170.973838 -42.712021 170.977767 -42.708878
173.768494 -41.283499 173.769926 -41.282193
151.702836 -32.872575 151.709714 -32.865331
151.535874 -32.726370 151.538242 -32.723866
141.463076 -36.412372 141.464959 -36.410688
150.712276 -33.573969 150.712974 -33.573384
175.471351 -41.216185 175.473937 -41.214856
176.524023 -38.035388 176.524924 -38.034869
174.254966 -35.748737 174.259097 -35.744182
176.569980 -39.942191 176.571914 -39.941102
150.741761 -23.138420 150.743185 -23.137359
140.045107 -35.030787 140.049128 -35.027355
144.673690 -37.893758 144.678583 -37.891265
150.900340 -31.092295 150.905129 -31.089622
152.567475 -27.465055 152.569814 -27.463666
145.699586 -37.190070 145.701442 -37.188771
176.880076 -39.680900 176.881984 -39.678547
148.080205 -42.128002 148.081726 -42.126800
150.681037 -34.073249 150.683754 -34.070649
150.608139 -34.185281 150.609791 -34.183173
147.475608 -28.026710 147.476756 -28.025536
143.552546 -35.356043 143.555828 -35.352551
150.770139 -34.643831 150.771416 -34.642737
149.452380 -35.260198 149.454006 -35.257981
143.094686 -35.720114 143.096279 -35.718795
147.633040 -22.829358 147.635096 -22.828242
171.170887 -42.647050 171.172344 -42.646035
143.632407 -37.359217 143.634809 -37.357982
150.190462 -26.647796 150.192596 -26.645701
143.912928 -40.113290 143.912988 -40.113252
137.907213 -34.424970 137.908537 -34.423803
175.313269 -41.122781 175.315854 -41.121046
147.078122 -41.689880 147.079007 -41.689050
140.473098 -37.680534 140.473687 -37.680017
136.424575 -33.151871 136.425520 -33.150499
143.261686 -35.482624 143.263652 -35.481211
140.720592 -34.172974 140.722534 -34.171313
174.745572 -41.280729 174.753467 -41.271714
138.600763 -33.843779 138.602858 -33.842158
143.800184 -37.067188 143.803308 -37.065106
144.534070 -37.354981 144.536280 -37.351927
151.939583 -27.608674 151.945522 -27.605166
176.822596 -39.633423 176.827430 -39.629825
176.674907 -38.099403 176.677346 -38.098006
152.812437 -27.191858 152.813547 -27.191058
139.239473 -35.124458 139.240797 -35.123264
149.689032 -33.088872 149.690609 -33.087191
148.559527 -34.567857 148.560557 -34.566849
150.099210 -24.960888 150.100806 -24.959375
137.505193 -34.421745 137.506950 -34.420082
141.963644 -37.947997 141.964521 -37.947198
174.780414 -36.812415 174.782735 -36.809549
137.618870 -33.941905 137.621033 -33.938751
152.858831 -27.268579 152.859617 -27.267823
143.884398 -37.405453 143.888228 -37.401353
152.851976 -26.345041 152.853342 -26.344075
148.627213 -32.242117 148.630146 -32.239296
149.804875 -25.644114 149.806834 -25.642179
148.078361 -42.126845 148.078890 -42.126480
174.869730 -41.220620 174.870116 -41.220364
145.527935 -37.661544 145.530116 -37.659289
175.831574 -40.336434 175.833699 -40.335220
145.693849 -35.347913 145.696617 -35.345988
176.213087 -40.067966 176.214697 -40.066697
148.009361 -40.951953 148.011554 -40.950665
150.864944 -32.024344 150.867485 -32.022275
174.857118 -36.905842 174.857796 -36.905201
139.095792 -34.175266 139.097707 -34.172411
139.051432 -34.434356 139.052274 -34.433717
138.641372 -34.642115 138.642525 -34.641417
149.540925 -32.774832 149.542155 -32.774495
144.053493 -36.973862 144.053620 -36.973727
144.053956 -36.974000 144.054288 -36.973707
144.053953 -36.973765 144.054213 -36.973585
144.052997 -36.973221 144.053299 -36.972937
144.052480 -36.974391 144.056475 -36.970798
144.053263 -36.972979 144.053504 -36.972799
144.053697 -36.973841 144.054011 -36.973533
149.893338 -33.662837 149.894240 -33.662257
144.053899 -36.973827 144.054154 -36.973645
144.053281 -36.973363 144.053654 -36.973072
144.054393 -36.973898 144.054684 -36.973598
150.908770 -33.921141 150.913045 -33.918051
144.053847 -36.973883 144.054097 -36.973702
142.161882 -34.333520 142.164894 -34.331517
147.569411 -32.608884 147.570511 -32.607388
144.053666 -36.973218 144.054635 -36.972662
144.053287 -36.973788 144.053499 -36.973552
172.648265 -42.887204 172.649355 -42.885847
141.579576 -37.325993 141.581245 -37.324671
144.053578 -36.972133 144.053880 -36.971894
144.053763 -36.973463 144.053984 -36.973245
144.053512 -36.973552 144.054703 -36.972839
144.053217 -36.973736 144.053434 -36.973463
150.694780 -33.692849 150.695913 -33.691978
144.052648 -36.973469 144.052950 -36.973182
144.053183 -36.974330 144.054372 -36.973720
152.208744 -32.397971 152.211106 -32.396207
144.053464 -36.973402 144.053773 -36.973159
144.053934 -36.974128 144.054155 -36.974017
144.053836 -36.973510 144.054086 -36.973282
144.053137 -36.973283 144.053404 -36.973001
144.053368 -36.972353 144.053578 -36.972154
144.053524 -36.973688 144.053770 -36.973438
142.155169 -34.331364 142.156963 -34.329873
144.053220 -36.972977 144.053323 -36.972913
142.999779 -38.613647 143.001567 -38.612315
144.053393 -36.973837 144.053578 -36.973645
144.054539 -36.972479 144.055035 -36.972187
172.956119 -43.814422 172.957059 -43.813073
144.053508 -36.973687 144.054813 -36.973015
144.054091 -36.973650 144.054351 -36.973412
144.053589 -36.973783 144.053913 -36.973470
144.054381 -36.972762 144.054916 -36.972534
144.054696 -36.972928 144.054835 -36.972777
144.052744 -36.973521 144.053050 -36.973227
144.054556 -36.974047 144.054832 -36.973687
144.053936 -36.973540 144.054054 -36.973438
144.052534 -36.973421 144.052673 -36.973337
144.053453 -36.972856 144.054023 -36.972353
144.052908 -36.973580 144.053167 -36.973308
144.054090 -36.974146 144.054224 -36.974044
144.053464 -36.973616 144.053670 -36.973427
144.054023 -36.972973 144.054795 -36.972549
144.054829 -36.972761 144.054973 -36.972621
144.053080 -36.973250 144.053346 -36.972977
144.054325 -36.973831 144.054620 -36.973550
144.054027 -36.972208 144.054199 -36.972151
144.053605 -36.973931 144.053735 -36.973808
144.054243 -36.974005 144.054409 -36.973864
141.082424 -36.959850 141.084868 -36.958942
144.052480 -36.974391 144.054962 -36.972778
144.052973 -36.973769 144.055731 -36.971760
176.986616 -39.807351 176.987441 -39.806828
141.856971 -36.921030 141.858410 -36.919850
144.053994 -36.973587 144.054245 -36.973386
144.052504 -36.973556 144.052832 -36.973381
144.891350 -37.404860 144.892853 -37.403831
144.052970 -36.973618 144.053232 -36.973341
144.054123 -36.974198 144.054496 -36.973972
144.855895 -37.104883 144.858246 -37.103415
144.053996 -36.973495 144.054194 -36.973331
142.218846 -34.441475 142.221464 -34.438428
144.053127 -36.973700 144.053400 -36.973416
144.054341 -36.974276 144.054613 -36.974032
146.898071 -35.756889 146.900573 -35.755176
144.053767 -36.973973 144.054042 -36.973756
138.880521 -34.602440 138.882232 -34.601270
144.928164 -37.297928 144.934542 -37.293618
172.741243 -43.624066 172.741982 -43.623597
144.053046 -36.973658 144.053311 -36.973375
144.054229 -36.974252 144.054575 -36.973995
144.054196 -36.973767 144.054522 -36.973465
144.053299 -36.973031 144.053428 -36.972951
142.024415 -36.902829 142.025140 -36.902124
144.052846 -36.973550 144.053105 -36.973279
144.053782 -36.972747 144.056475 -36.970798
144.053658 -36.972557 144.054916 -36.972118
144.053721 -36.974053 144.053961 -36.973895
152.237225 -25.226254 152.239918 -25.223394
144.054665 -36.973700 144.055303 -36.973130
144.053480 -36.973159 144.053680 -36.973040
144.054449 -36.973988 144.054795 -36.973632
144.053494 -36.972662 144.054381 -36.972178
144.053685 -36.973949 144.053761 -36.973871
144.053706 -36.973428 144.053915 -36.973216
144.053546 -36.973892 144.053666 -36.973766
144.054083 -36.974007 144.054368 -36.973781
144.053635 -36.973406 144.053857 -36.973131
141.218199 -37.369563 141.219189 -37.368994
148.008522 -23.081745 148.009640 -23.080552
144.053374 -36.973402 144.053619 -36.973160
152.263450 -25.224845 152.265022 -25.223543
