110.761262 -7.520376 110.762372 -7.519741
112.641544 -7.932839 112.642601 -7.931979
126.026898 -8.514259 126.028286 -8.513154
112.371337 -7.879171 112.372392 -7.878031
118.734346 -8.453694 118.735346 -8.452724
106.501435 -2.964047 106.501596 -2.963966
118.750593 -8.480659 118.750920 -8.480181
106.100172 -2.137311 106.101725 -2.136134
116.375321 -8.580831 116.375808 -8.580281
116.350793 -8.608095 116.351474 -8.607422
124.012353 -18.016555 124.012833 -18.016165
118.579673 -8.447356 118.581345 -8.444190
106.782257 -6.590665 106.782751 -6.590364
116.256788 -8.740457 116.257519 -8.739831
119.640362 -9.617068 119.640398 -9.617028
111.227384 -7.368600 111.228287 -7.367340
110.128458 -7.855506 110.128820 -7.855261
110.152541 -7.868650 110.153115 -7.868437
110.166816 -7.840775 110.167192 -7.840531
112.126760 -7.565990 112.127362 -7.565476
119.647303 -3.824887 119.648086 -3.824352
108.406594 -6.654345 108.407416 -6.653844
118.428284 -8.546039 118.429327 -8.545038
116.172365 -8.805019 116.172943 -8.804736
116.352703 -8.600559 116.353224 -8.599710
109.241122 -7.426759 109.243746 -7.424959
110.411305 -6.992995 110.414027 -6.987685
116.080465 -8.353338 116.080927 -8.352923
110.141930 -7.891975 110.142453 -7.891400
106.951948 -6.328025 106.954684 -6.326292
106.926579 -6.944955 106.930165 -6.941464
119.651701 -3.986307 119.652511 -3.985198
106.801114 -6.618646 106.805557 -6.614888
118.751151 -8.462808 118.751939 -8.462231
106.788761 -6.615817 106.788953 -6.615465
106.808345 -6.590195 106.808963 -6.589711
106.763665 -6.393079 106.764965 -6.391746
116.078793 -8.364085 116.079057 -8.363807
110.127054 -7.857001 110.127291 -7.856584
115.509169 -8.530261 115.509597 -8.529857
110.367876 -7.937085 110.368064 -7.936874
112.748018 -7.252348 112.749499 -7.251897
112.720317 -7.286824 112.728102 -7.280856
106.826966 -6.241529 106.827683 -6.240892
106.778480 -6.785953 106.778959 -6.785435
106.758136 -6.559526 106.758574 -6.558991
122.470307 -5.372030 122.470793 -5.371499
116.323151 -8.664843 116.324263 -8.663373
112.153049 -8.095891 112.154398 -8.094566
109.023930 -7.184373 109.024438 -7.184106
106.833382 -6.243242 106.833736 -6.242809
118.769492 -8.315748 118.770635 -8.314821
110.138966 -7.823869 110.139467 -7.823316
130.833811 -12.448840 130.834839 -12.447357
106.856974 -6.373769 106.857783 -6.372886
112.592637 -8.050579 112.593511 -8.049937
106.793528 -6.607422 106.794052 -6.606891
106.806007 -6.630140 106.806793 -6.629485
106.817874 -6.596344 106.818609 -6.595839
118.533533 -8.429402 118.534362 -8.427860
109.028807 -7.185295 109.030855 -7.184505
118.400498 -21.289322 118.401099 -21.288546
106.754179 -6.395601 106.754780 -6.394833
116.229933 -8.801939 116.230366 -8.801327
109.010725 -7.353965 109.011722 -7.352573
118.543647 -8.569922 118.545937 -8.567150
118.441530 -8.546495 118.441753 -8.546288
121.858690 -5.354767 121.859463 -5.354057
106.946611 -6.925632 106.948971 -6.922268
118.485522 -8.582379 118.486220 -8.581898
118.541339 -8.493383 118.542802 -8.492514
116.166399 -8.685637 116.166488 -8.685541
112.176133 -8.085896 112.176878 -8.084073
118.460275 -8.544652 118.461798 -8.543460
109.014411 -7.351016 109.015572 -7.349784
118.308245 -8.482236 118.309472 -8.481381
116.559553 -8.672958 116.559920 -8.672493
106.835263 -6.229651 106.840389 -6.225310
106.772788 -6.599472 106.773902 -6.598871
106.821319 -6.547665 106.821827 -6.546930
119.460021 -5.145005 119.461621 -5.143563
106.820949 -6.624886 106.821768 -6.624145
100.356411 -0.891762 100.360225 -0.888508
118.906142 -8.406248 118.907349 -8.404365
116.072033 -8.557288 116.074505 -8.554699
112.172481 -8.084341 112.174383 -8.081769
125.715344 -18.662060 125.716024 -18.661376
131.789569 -22.255330 131.792171 -22.253628
110.139638 -7.887075 110.140025 -7.886792
110.137185 -7.887302 110.137857 -7.886832
110.599244 -7.782465 110.600245 -7.782054
115.103964 -21.665157 115.105283 -21.663985
108.997506 -7.721664 109.001108 -7.718789
106.802689 -6.745831 106.803860 -6.744402
134.186228 -19.664995 134.187725 -19.663068
116.204408 -8.825244 116.205115 -8.824526
106.745677 -6.548594 106.746598 -6.547901
106.879230 -6.380114 106.883648 -6.372580
110.143874 -7.901621 110.144512 -7.901298
115.215914 -8.568595 115.216491 -8.567996
120.975062 -8.790552 120.976044 -8.789626
133.122150 -15.079445 133.124588 -15.077916
119.477646 -5.159878 119.478395 -5.159122
112.615504 -7.517723 112.616164 -7.517194
101.057841 -1.482593 101.058292 -1.482165
116.566973 -8.676694 116.567476 -8.676155
106.838662 -6.223764 106.841030 -6.221546
106.807818 -6.594980 106.808317 -6.594036
106.792419 -6.771804 106.793054 -6.771274
118.456798 -8.542906 118.457539 -8.542430
122.663145 -16.984062 122.663826 -16.983167
116.413072 -8.712798 116.413903 -8.712522
106.379400 -2.475933 106.379953 -2.475429
106.127924 -2.157464 106.128919 -2.156928
118.915925 -8.372922 118.916242 -8.372523
106.791715 -6.603713 106.792699 -6.602392
116.340594 -8.662784 116.340919 -8.662563
111.395220 -7.604913 111.395777 -7.604476
112.996442 -8.199628 112.996909 -8.199212
119.477441 -5.160676 119.478594 -5.159729
109.329961 -7.436353 109.330359 -7.435779
106.791366 -6.270997 106.793751 -6.267736
106.108484 -2.133194 106.108710 -2.132967
104.741580 -2.963562 104.743330 -2.961786
117.192496 -20.674565 117.193734 -20.673821
106.735699 -6.575755 106.736710 -6.575347
110.377550 -6.985874 110.380336 -6.982285
107.528311 -6.906132 107.530285 -6.904887
118.719659 -8.370070 118.720215 -8.369249
106.857732 -6.668497 106.858568 -6.667303
116.342818 -8.659372 116.343221 -8.659063
106.781021 -6.570598 106.781610 -6.569832
116.308351 -8.712623 116.309484 -8.711594
110.132173 -7.859261 110.132765 -7.858552
116.121796 -8.580726 116.122520 -8.579895
106.735210 -6.317886 106.736429 -6.316652
116.560629 -8.672399 116.560857 -8.672196
106.097150 -2.168255 106.098612 -2.167047
106.447233 -3.000293 106.447987 -2.999768
106.789535 -6.570531 106.790448 -6.569498
116.340310 -8.661616 116.340466 -8.661440
116.518320 -8.775126 116.520061 -8.773595
118.700308 -8.516217 118.701005 -8.515614
117.460435 -8.555308 117.460793 -8.554884
119.478239 -5.160199 119.479038 -5.159364
119.651543 -3.988050 119.652458 -3.987070
106.853300 -6.357001 106.854886 -6.355828
118.923178 -8.340620 118.924589 -8.338458
106.854672 -6.245042 106.855141 -6.244290
118.584813 -8.512538 118.585375 -8.512185
118.409089 -8.551015 118.409804 -8.550181
106.805947 -6.706986 106.806955 -6.706109
116.336283 -8.660477 116.337852 -8.659930
112.748120 -7.291985 112.749949 -7.289452
118.567251 -8.840522 118.568163 -8.839880
130.652056 -18.322775 130.653197 -18.321991
106.800426 -6.385832 106.800809 -6.385580
110.318185 -7.749774 110.318540 -7.749587
106.750692 -6.493669 106.753560 -6.489489
116.339724 -8.663373 116.340219 -8.663014
120.035580 -8.572895 120.036251 -8.572492
106.953263 -6.337846 106.955400 -6.335082
119.699625 -3.811188 119.700253 -3.810433
116.562032 -8.674477 116.562585 -8.674216
106.451018 -3.002650 106.451699 -3.002077
116.184513 -8.839880 116.185196 -8.839120
106.793011 -6.552064 106.793380 -6.551896
106.768654 -6.630608 106.769288 -6.630130
119.364949 -5.318538 119.365280 -5.318240
118.461153 -8.547330 118.461813 -8.546519
116.285990 -8.662107 116.286315 -8.661789
106.946144 -6.924768 106.947212 -6.923768
110.377365 -7.762341 110.377637 -7.762129
118.463286 -8.542563 118.464369 -8.541476
123.604392 -10.192837 123.605635 -10.191972
106.770798 -6.253069 106.772835 -6.250913
125.593105 -8.548531 125.593898 -8.547789
122.543883 -5.629869 122.544117 -5.629664
117.425037 -8.486847 117.426746 -8.485507
111.199965 -7.404711 111.200732 -7.404120
119.479446 -5.363401 119.480597 -5.362158
117.452364 -8.550356 117.452558 -8.550170
116.169409 -8.622140 116.170042 -8.621653
116.287345 -8.269867 116.288415 -8.268962
106.766973 -6.253483 106.772025 -6.248348
106.824160 -6.632927 106.824639 -6.632484
106.750708 -6.568330 106.751230 -6.567823
119.364560 -5.321599 119.365045 -5.321175
117.429691 -8.507359 117.430072 -8.506599
119.629095 -3.832838 119.630114 -3.832147
102.279584 -3.784618 102.280036 -3.783964
118.316127 -8.492073 118.316327 -8.491958
106.122147 -2.143502 106.129837 -2.138710
112.616891 -8.038150 112.618025 -8.037129
106.809383 -6.656521 106.822233 -6.636831
106.813365 -6.586851 106.814183 -6.586121
116.347388 -8.637619 116.348306 -8.637114
119.473727 -5.163496 119.475983 -5.161989
118.310441 -8.482204 118.311425 -8.481489
111.519578 -7.622188 111.520522 -7.621112
115.511249 -8.530292 115.511538 -8.529912
119.570228 -5.027921 119.570754 -5.027547
112.230325 -7.544688 112.232358 -7.543226
106.813706 -6.208746 106.817397 -6.206921
118.682942 -8.452484 118.683458 -8.452007
115.596576 -8.440199 115.597326 -8.439575
106.818335 -6.632986 106.818489 -6.632779
106.879467 -6.285167 106.880179 -6.284423
118.760501 -8.529497 118.761606 -8.528600
106.803858 -6.742290 106.805949 -6.740667
106.805259 -6.561023 106.806357 -6.559948
119.365846 -5.383457 119.366519 -5.382804
102.255205 -3.799702 102.255929 -3.798768
110.387824 -7.807635 110.388484 -7.807263
123.585375 -10.176246 123.588760 -10.173356
106.834083 -6.610299 106.834418 -6.609533
122.607691 -5.464391 122.608826 -5.463342
106.751883 -6.570492 106.752261 -6.570137
120.487400 -5.996961 120.488443 -5.996255
111.526271 -7.630752 111.527784 -7.629868
106.821701 -6.620905 106.823287 -6.618772
106.838147 -6.588884 106.839169 -6.587741
118.341634 -8.532078 118.342230 -8.531437
119.650562 -9.618068 119.650628 -9.617992
111.453976 -7.680571 111.454882 -7.679711
110.161832 -7.862807 110.162249 -7.862285
110.139174 -7.889856 110.139608 -7.889406
112.996682 -8.199265 112.996968 -8.198984
119.386641 -5.227997 119.387349 -5.227371
106.798438 -6.740108 106.799448 -6.739293
122.735483 -5.581817 122.735753 -5.581578
116.356321 -8.622194 116.358775 -8.620809
116.154696 -8.812065 116.155133 -8.811787
111.632081 -2.687250 111.634322 -2.684972
109.005648 -7.260237 109.006678 -7.259284
118.625846 -8.505679 118.627116 -8.504838
118.569444 -8.742538 118.570704 -8.740825
106.774212 -6.770925 106.775473 -6.769468
116.357223 -8.619671 116.358145 -8.619248
111.115562 -7.399958 111.116307 -7.398240
104.456408 -4.312957 104.457093 -4.312305
110.162559 -7.862824 110.163350 -7.862571
113.000433 -8.196904 113.001901 -8.195876
116.176444 -8.790811 116.176977 -8.790300
112.548151 -8.169529 112.549654 -8.168125
118.457201 -8.540019 118.457625 -8.539442
106.853925 -6.119240 106.856144 -6.116926
116.361831 -8.642564 116.362379 -8.642139
106.778136 -6.595963 106.778733 -6.595510
115.604231 -8.446938 115.605229 -8.445968
106.819602 -6.635626 106.819939 -6.635310
119.573618 -5.029532 119.574072 -5.028830
106.688024 -6.323334 106.688573 -6.322832
106.118075 -2.134459 106.119349 -2.133188
107.572163 -6.880401 107.573874 -6.878622
119.417799 -9.635226 119.418813 -9.634377
116.357223 -8.619671 116.358145 -8.619248
107.651372 -6.787544 107.651999 -6.786971
118.657381 -8.310587 118.658588 -8.309121
116.163378 -8.679730 116.164327 -8.679190
127.981392 -20.151797 127.982650 -20.150574
106.777965 -6.595884 106.778160 -6.595712
110.137757 -7.864147 110.138077 -7.863754
110.162398 -7.861206 110.162733 -7.861039
110.138569 -7.887421 110.138998 -7.886997
115.317808 -2.343003 115.318441 -2.342236
118.387912 -8.331759 118.388606 -8.331297
110.431537 -7.628888 110.431816 -7.628692
110.388713 -7.756844 110.388998 -7.756580
117.430749 -8.501050 117.432020 -8.500514
120.267381 -9.652216 120.267916 -9.651741
106.839605 -6.221392 106.840652 -6.219549
106.785638 -6.777743 106.786362 -6.777089
116.352453 -8.638692 116.352966 -8.637742
116.352937 -8.630593 116.353194 -8.630211
106.808798 -6.635341 106.809569 -6.634758
110.313579 -7.798365 110.313959 -7.797918
118.732930 -8.455146 118.733075 -8.454973
116.221462 -8.784134 116.222064 -8.783604
110.387702 -7.759331 110.388566 -7.758293
119.639470 -3.827842 119.640012 -3.827066
120.264328 -9.645028 120.264700 -9.644661
106.853676 -6.189411 106.855384 -6.186194
106.127747 -2.158308 106.129054 -2.157325
106.789841 -6.781960 106.791736 -6.780156
106.779553 -6.621833 106.779948 -6.621425
116.355062 -8.630872 116.355630 -8.630512
110.313386 -7.797612 110.313619 -7.797427
110.161467 -7.865694 110.162210 -7.864510
117.146540 -0.489949 117.147715 -0.488943
105.261551 -5.398011 105.263338 -5.396802
107.634609 -6.892739 107.637142 -6.888149
106.805235 -6.594083 106.805681 -6.593496
106.759686 -6.515408 106.760580 -6.514433
116.365227 -8.612086 116.366294 -8.611751
106.746387 -6.582273 106.747248 -6.581507
123.668364 -10.144208 123.669095 -10.143370
106.764585 -6.538960 106.765133 -6.538428
106.769100 -6.628765 106.769341 -6.628434
110.313790 -7.801471 110.313921 -7.801305
106.832435 -6.247078 106.833005 -6.246811
110.154427 -7.865804 110.154957 -7.865310
102.268525 -3.797281 102.269305 -3.796555
109.379743 -0.090503 109.389695 -0.078734
113.218156 -7.749682 113.218993 -7.748701
116.352739 -8.630047 116.353104 -8.629733
106.764818 -6.559312 106.766035 -6.558515
110.156297 -7.866212 110.156700 -7.865843
102.268862 -3.796806 102.269734 -3.796199
119.788184 -5.693007 119.788618 -5.692360
119.792927 -5.673704 119.793813 -5.673335
109.393776 -0.075505 109.394775 -0.074164
106.811228 -6.204757 106.816215 -6.201284
106.935248 -6.231923 106.938538 -6.228120
106.111481 -2.101598 106.112503 -2.100724
118.689755 -8.532992 118.690611 -8.532133
118.915020 -8.362595 118.915816 -8.361664
106.778148 -6.596974 106.778728 -6.596547
106.824707 -6.626898 106.825258 -6.626319
106.844249 -6.690465 106.844828 -6.689967
119.475916 -5.164145 119.477405 -5.163371
119.468485 -5.560647 119.470156 -5.559690
109.385705 -0.091384 109.387422 -0.089324
106.843140 -6.259151 106.849652 -6.255741
119.425383 -5.121491 119.427245 -5.118397
116.349598 -8.642078 116.349824 -8.641863
116.328201 -8.658290 116.328658 -8.657989
124.424918 -9.696967 124.424932 -9.696950
112.714983 -7.445566 112.715563 -7.445093
119.425936 -5.118493 119.427330 -5.116677
106.932099 -6.124041 106.940264 -6.116294
106.812276 -6.577545 106.813070 -6.576771
118.577477 -8.450340 118.578222 -8.449343
116.486149 -8.843141 116.486583 -8.842605
119.669705 -5.559724 119.670208 -5.558933
106.767956 -6.592420 106.768270 -6.592045
106.741164 -6.557113 106.742181 -6.555649
118.973669 -8.564173 118.976366 -8.562689
118.368900 -8.548041 118.369239 -8.547578
122.222543 -17.958013 122.224121 -17.957319
106.840721 -6.221375 106.841430 -6.219370
106.773285 -6.181771 106.774589 -6.179740
118.414410 -8.551110 118.415314 -8.550519
106.781442 -6.590893 106.783024 -6.589349
120.047819 -10.014418 120.047932 -10.014358
112.999939 -8.196191 113.000325 -8.195849
109.004131 -7.258388 109.005080 -7.257787
119.629398 -5.546076 119.629993 -5.545625
118.642797 -8.538225 118.643855 -8.537502
106.472470 -3.006947 106.475050 -3.004172
106.812315 -6.631078 106.814908 -6.629145
106.745502 -6.582125 106.746251 -6.581315
120.046317 -10.013155 120.046361 -10.013084
125.491882 -18.988253 125.493275 -18.987033
119.556117 -9.594116 119.556227 -9.594034
102.258854 -3.784467 102.260245 -3.783520
112.247734 -7.823069 112.249139 -7.820721
106.907692 -6.365408 106.916231 -6.357730
112.783871 -7.313675 112.784140 -7.313268
118.728251 -8.456844 118.729023 -8.456179
118.413460 -8.550958 118.413931 -8.550588
122.985317 -4.784660 122.985567 -4.784379
106.815607 -6.641849 106.817379 -6.639931
106.803581 -6.576519 106.804458 -6.575689
107.896787 -7.214283 107.897698 -7.213778
119.401875 -5.448031 119.403760 -5.446944
116.211784 -8.826257 116.212357 -8.825439
119.986167 -5.559954 119.987099 -5.559430
118.420186 -8.549652 118.421109 -8.549198
119.553252 -9.595920 119.553321 -9.595850
112.230544 -7.544965 112.231939 -7.544044
102.264607 -3.784424 102.265214 -3.783556
114.770278 -3.766654 114.771602 -3.765473
119.569549 -5.004729 119.569761 -5.004604
104.792211 -2.977997 104.792464 -2.977765
118.727499 -8.449100 118.729184 -8.448123
118.724463 -8.463904 118.726057 -8.462331
106.453415 -3.013134 106.454275 -3.012220
106.405478 -2.492239 106.406776 -2.491642
112.713567 -7.325703 112.714055 -7.325054
124.221994 -10.070094 124.222547 -10.069471
106.763235 -6.578820 106.764045 -6.577843
116.357840 -8.635091 116.358330 -8.634537
116.370326 -8.560690 116.371195 -8.560240
107.651350 -6.787530 107.652042 -6.786858
116.358911 -8.609024 116.359451 -8.608619
119.990048 -5.554647 119.990389 -5.554017
118.520489 -8.489458 118.521334 -8.488257
106.800241 -6.386741 106.800582 -6.386531
110.135734 -7.885822 110.136031 -7.885536
110.144081 -7.873832 110.144509 -7.873622
116.235093 -8.771939 116.235522 -8.771610
106.768673 -6.575810 106.769722 -6.574938
116.352182 -8.635343 116.352845 -8.634835
107.896784 -7.213961 107.898333 -7.213055
119.403418 -5.342543 119.403801 -5.342104
120.046870 -10.013169 120.046909 -10.013140
121.783311 -18.683362 121.784596 -18.682669
102.262686 -3.789446 102.263850 -3.788505
115.462204 -8.208197 115.462914 -8.207556
102.278166 -3.772475 102.278745 -3.771856
102.264494 -3.782493 102.266073 -3.780920
116.404776 -8.713627 116.405148 -8.713142
102.302533 -3.806573 102.303497 -3.805900
118.887783 -8.316482 118.888223 -8.315816
119.445349 -5.340330 119.446075 -5.339680
120.049052 -10.017580 120.049115 -10.017516
127.591996 -20.089156 127.592458 -20.088380
106.736717 -6.534866 106.737918 -6.534236
118.798121 -8.388755 118.799134 -8.387739
106.831356 -6.338475 106.832496 -6.336812
118.748422 -8.467252 118.749287 -8.466386
118.889564 -8.327945 118.891076 -8.327118
106.766437 -6.575338 106.768038 -6.574752
104.738005 -2.943181 104.739129 -2.941123
119.437885 -5.349581 119.438648 -5.348851
106.940414 -6.199605 106.941382 -6.198842
110.374450 -7.934935 110.374632 -7.934689
119.784539 -5.651095 119.784829 -5.650843
112.195834 -7.786951 112.197000 -7.785978
106.854125 -6.271942 106.854997 -6.271274
106.818132 -6.172838 106.819825 -6.171558
114.143435 -8.368953 114.144441 -8.367765
116.356031 -8.629762 116.356713 -8.629201
106.768887 -6.258202 106.773244 -6.253060
106.818778 -6.634224 106.819220 -6.633553
110.167315 -7.839349 110.167615 -7.839143
106.618045 -6.133102 106.619188 -6.130995
119.778588 -5.699164 119.779042 -5.698683
106.824367 -6.381676 106.825446 -6.380502
106.795220 -6.250510 106.796220 -6.249675
116.365904 -8.629964 116.366150 -8.629728
118.747656 -8.482922 118.748068 -8.481619
106.805221 -6.239001 106.806414 -6.238135
106.803636 -6.580894 106.804729 -6.579507
116.315077 -8.645005 116.316096 -8.643714
119.387173 -5.449226 119.387599 -5.448861
106.730594 -6.551331 106.731508 -6.550885
118.792449 -8.489576 118.793350 -8.488985
106.614822 -6.216274 106.616489 -6.215711
119.420145 -5.438564 119.420453 -5.438252
127.678151 -18.235342 127.679616 -18.233707
104.742976 -2.970691 104.746166 -2.967168
112.154955 -8.097135 112.155695 -8.095946
116.197267 -8.622564 116.198473 -8.620977
110.320789 -8.013932 110.321928 -8.013197
116.076857 -8.592882 116.077350 -8.591793
107.663414 -6.902271 107.675682 -6.884557
106.803574 -6.657055 106.810479 -6.646274
112.176453 -8.093724 112.177524 -8.092273
116.347379 -8.599712 116.347810 -8.599215
118.788525 -8.483488 118.790475 -8.482990
119.388692 -5.220296 119.389243 -5.219612
132.695434 -5.912136 132.695984 -5.911577
110.373709 -7.781732 110.374452 -7.781254
107.591335 -6.900886 107.593072 -6.897712
110.407717 -7.007613 110.408843 -7.006253
118.728679 -8.457951 118.729226 -8.457526
119.418672 -5.336725 119.419024 -5.336477
106.743410 -6.544430 106.743874 -6.543944
112.616023 -7.951386 112.617486 -7.950001
116.149799 -8.633574 116.150889 -8.632644
119.389743 -5.219985 119.390188 -5.219545
119.752442 -3.898459 119.753150 -3.897795
111.099799 -8.195524 111.100775 -8.195049
106.869802 -6.224377 106.872645 -6.222589
110.419650 -6.997886 110.421913 -6.995975
106.832359 -6.665953 106.833816 -6.664993
122.627059 -5.420587 122.627504 -5.420234
131.113286 -13.231736 131.114931 -13.229959
110.127239 -7.864202 110.127576 -7.863939
115.456234 -8.210424 115.456848 -8.210096
112.352819 -7.958787 112.353505 -7.958388
110.388656 -7.778212 110.389750 -7.777528
106.811740 -6.244022 106.812984 -6.242897
106.774040 -6.572954 106.774572 -6.572384
116.354680 -8.615341 116.355561 -8.613270
119.421346 -5.126716 119.422473 -5.126334
106.736198 -6.556495 106.736941 -6.555882
119.840154 -5.604390 119.841097 -5.603568
119.639775 -5.528014 119.640051 -5.527680
109.324649 -0.032866 109.326546 -0.030374
106.880477 -6.196774 106.884278 -6.193382
123.854809 -10.023151 123.854973 -10.022994
106.736155 -6.557221 106.736425 -6.556857
118.568024 -8.524172 118.569779 -8.522817
119.640140 -5.661558 119.641226 -5.660709
112.707610 -7.464297 112.708278 -7.463887
112.715621 -7.445954 112.716195 -7.445417
124.889082 -9.114230 124.889720 -9.113680
106.941401 -6.229773 106.943104 -6.226319
118.732173 -8.455063 118.732945 -8.454373
112.615401 -7.995930 112.619821 -7.992539
118.452363 -8.541025 118.453203 -8.540314
123.588342 -10.228662 123.590823 -10.223607
106.767956 -6.757640 106.770253 -6.755495
116.097833 -8.531899 116.099187 -8.530686
110.397374 -7.829706 110.398527 -7.829031
110.140299 -7.875514 110.140763 -7.875242
119.646382 -5.660594 119.647495 -5.659782
119.458025 -5.148216 119.460335 -5.143311
112.180572 -7.763555 112.181902 -7.762377
124.893071 -9.095928 124.894390 -9.094513
116.349585 -8.633023 116.350237 -8.632266
118.731587 -8.461474 118.732440 -8.461129
124.220621 -10.089332 124.221548 -10.088553
107.639073 -6.926241 107.640840 -6.923767
106.803927 -6.527074 106.805041 -6.526126
116.187917 -8.820878 116.188631 -8.820365
126.022335 -18.770206 126.022827 -18.769523
106.735509 -6.558431 106.735855 -6.558083
118.372319 -8.551578 118.373208 -8.550754
116.542669 -8.654528 116.543017 -8.654172
111.439587 -7.694253 111.440191 -7.693350
110.144839 -7.854679 110.145544 -7.853763
110.153578 -7.870220 110.154031 -7.869860
119.643653 -5.663564 119.644593 -5.662722
116.419071 -8.567873 116.420180 -8.566179
116.232948 -8.767812 116.233808 -8.767123
119.445273 -5.102146 119.445962 -5.101662
119.654628 -3.805891 119.655223 -3.805350
106.897960 -6.198997 106.900653 -6.195590
118.722246 -8.452721 118.722931 -8.451707
118.920843 -8.327343 118.921930 -8.326248
124.410251 -9.715313 124.410319 -9.715244
120.277775 -9.654854 120.278637 -9.654125
106.778006 -6.247326 106.779407 -6.246040
116.036176 -8.345694 116.036435 -8.345374
119.912255 -9.687037 119.913322 -9.686132
102.264242 -3.806970 102.265933 -3.805636
116.256847 -8.739164 116.257080 -8.738953
118.723219 -8.451084 118.723805 -8.450342
106.792438 -6.611324 106.793106 -6.610249
116.147746 -8.809642 116.148579 -8.808789
116.143275 -8.816333 116.143707 -8.815997
110.142991 -7.889750 110.143574 -7.889296
122.986262 -8.341061 122.987623 -8.339648
106.598928 -5.735767 106.599841 -5.734710
116.355930 -8.619799 116.356222 -8.619437
114.371466 -8.223039 114.372635 -8.221763
110.154773 -7.868942 110.155012 -7.868816
102.267530 -3.794825 102.268422 -3.793912
106.106549 -2.119101 106.107991 -2.117721
106.794764 -6.568729 106.798271 -6.565751
124.421149 -9.706362 124.421273 -9.706223
106.740202 -6.543621 106.740912 -6.542716
116.203289 -8.796350 116.203564 -8.796077
116.113348 -8.597274 116.113651 -8.596861
119.798752 -5.690549 119.799129 -5.690390
119.404820 -5.190367 119.405399 -5.189945
112.710305 -7.460013 112.711080 -7.459515
116.356326 -8.628304 116.356593 -8.628062
107.637612 -6.924690 107.639176 -6.923261
106.796490 -6.613224 106.797643 -6.612128
106.814639 -6.598517 106.815666 -6.597290
124.919827 -9.646359 124.920245 -9.645942
126.427132 -16.428159 126.427707 -16.427634
118.458524 -8.538669 118.459412 -8.538204
122.287429 -5.287727 122.288138 -5.286985
118.618905 -8.507976 118.619961 -8.507288
116.106283 -8.588132 116.107709 -8.587426
116.276987 -8.892002 116.277062 -8.891950
116.358769 -8.644273 116.358982 -8.644075
106.752492 -6.532522 106.753018 -6.530962
116.170770 -8.688487 116.171487 -8.688104
116.223917 -8.804143 116.224591 -8.803541
119.442639 -5.342280 119.443717 -5.341761
114.353500 -8.184954 114.355714 -8.182921
106.835520 -6.225305 106.838623 -6.219259
106.705999 -6.112158 106.711031 -6.104520
116.363695 -8.635122 116.363966 -8.634827
116.357922 -8.635554 116.358236 -8.635246
116.291474 -8.812279 116.292670 -8.810952
116.107692 -8.588036 116.108810 -8.587241
110.423778 -7.754273 110.424159 -7.753895
118.447653 -8.539296 118.448506 -8.538558
106.730094 -6.543608 106.730929 -6.542738
109.222022 -7.434885 109.223816 -7.433779
118.724023 -8.457186 118.724640 -8.456852
106.095663 -2.120781 106.096500 -2.119690
110.124060 -7.863053 110.124272 -7.862672
106.440619 -6.949591 106.442513 -6.948572
110.156778 -7.869897 110.157458 -7.869423
119.721999 -5.586879 119.722698 -5.586063
112.739672 -7.254539 112.741963 -7.252231
112.747438 -7.293487 112.748839 -7.291629
118.725515 -8.457446 118.726178 -8.456778
107.587040 -6.906745 107.590279 -6.902130
106.786627 -6.145814 106.787092 -6.143602
110.124815 -7.859242 110.125155 -7.858932
102.253012 -3.793452 102.253828 -3.792755
110.144258 -7.879591 110.145075 -7.879173
119.659361 -4.010203 119.660130 -4.009679
112.723735 -7.255374 112.728467 -7.250819
112.603885 -8.046091 112.604723 -8.045025
114.156058 -8.323721 114.157656 -8.322223
106.742178 -6.539457 106.742842 -6.538532
111.434519 -7.694533 111.435380 -7.693885
111.216058 -7.368974 111.217383 -7.367149
110.131980 -7.865082 110.132473 -7.864524
106.520630 -6.969373 106.521821 -6.968131
110.143010 -7.887119 110.143426 -7.886869
110.154622 -7.868431 110.154967 -7.868157
110.399826 -7.775750 110.400541 -7.775253
119.658574 -4.009536 119.659390 -4.008675
102.310979 -3.839353 102.312888 -3.837533
100.385208 -0.823777 100.386479 -0.822721
106.878007 -6.235423 106.880613 -6.230418
118.255248 -8.358537 118.256189 -8.357977
106.753320 -6.188999 106.754537 -6.187878
118.510759 -8.474916 118.511863 -8.473884
118.551412 -8.544685 118.553179 -8.543532
112.723636 -7.286791 112.725347 -7.284248
116.378362 -8.556502 116.378561 -8.556358
110.482233 -7.826570 110.482625 -7.826310
116.470603 -8.834575 116.470882 -8.834362
111.217115 -7.367267 111.217893 -7.366298
132.268658 -14.444260 132.270702 -14.440519
102.262493 -3.797182 102.263000 -3.796530
118.436064 -8.548190 118.436653 -8.547706
116.103526 -8.573375 116.104062 -8.572927
109.335796 -0.027336 109.337298 -0.026415
106.792560 -6.247750 106.793740 -6.246369
118.756410 -8.464952 118.757247 -8.463798
118.301867 -8.483669 118.302186 -8.483421
107.577698 -6.882416 107.578305 -6.881796
106.818808 -6.582595 106.819816 -6.581706
106.806842 -6.625642 106.807636 -6.625005
106.816156 -6.596039 106.816540 -6.595399
116.139404 -8.587119 116.140412 -8.586205
134.231492 -1.312222 134.232280 -1.311588
116.985053 -21.415788 116.985844 -21.415353
118.192220 -8.535673 118.192961 -8.534889
110.313514 -7.794606 110.313891 -7.794313
119.909139 -5.550297 119.909546 -5.549912
110.120902 -7.866756 110.121235 -7.866480
106.875552 -6.223017 106.877950 -6.221118
110.146203 -7.871232 110.146537 -7.870791
106.075264 -2.189651 106.076841 -2.187066
119.409520 -9.636336 119.410220 -9.635796
124.153423 -18.054129 124.154700 -18.052080
110.346321 -7.814278 110.346841 -7.813705
132.809700 -5.823393 132.810171 -5.822905
117.130006 -0.498885 117.130628 -0.498073
106.768958 -6.567040 106.769574 -6.566274
117.336385 -8.452897 117.337543 -8.451511
123.599311 -10.153821 123.599594 -10.153581
119.455647 -5.352188 119.456358 -5.351677
100.353863 -0.884546 100.354309 -0.883999
120.447897 -5.916184 120.447954 -5.916142
106.453946 -6.951056 106.455310 -6.949934
110.378829 -7.752690 110.379268 -7.752371
118.684234 -8.672439 118.685497 -8.671220
117.140031 -0.499233 117.140613 -0.498118
106.813526 -6.283669 106.815766 -6.278905
106.939566 -6.238087 106.943321 -6.231708
118.756974 -8.473520 118.758876 -8.472144
106.772609 -6.218612 106.774314 -6.217961
106.783030 -6.600306 106.783400 -6.599930
106.848284 -6.689136 106.849019 -6.688610
118.568121 -8.744568 118.568426 -8.744264
120.448244 -5.916240 120.448291 -5.916200
119.362792 -5.321987 119.363230 -5.321585
123.939088 -10.153373 123.939503 -10.152879
102.294783 -3.806764 102.295925 -3.805711
106.821716 -6.620928 106.822559 -6.620040
116.368442 -8.649243 116.368647 -8.649049
118.752744 -8.481095 118.753355 -8.480521
118.914662 -8.370206 118.916003 -8.368851
106.782182 -6.575989 106.783207 -6.574447
106.765579 -6.745255 106.766615 -6.744431
106.792040 -6.608814 106.792533 -6.608428
112.793909 -7.580582 112.794432 -7.580005
110.155396 -7.861892 110.155871 -7.861617
117.410323 -8.506943 117.410992 -8.506523
110.435672 -7.766634 110.436159 -7.766341
106.757541 -6.222596 106.760328 -6.218268
106.099994 -2.136681 106.101121 -2.135440
110.378637 -7.735029 110.379296 -7.734647
111.116673 -7.392509 111.117198 -7.391633
111.218649 -7.399769 111.219808 -7.398466
110.150874 -7.868913 110.151483 -7.868490
119.652421 -3.988046 119.654441 -3.987376
116.554813 -8.678471 116.555716 -8.677113
112.641544 -7.932839 112.642601 -7.931979
125.434977 -8.837956 125.436283 -8.837198
125.976663 -2.067649 125.978262 -2.066131
106.720893 -6.170293 106.721995 -6.169551
122.222344 -17.958802 122.223188 -17.958093
112.644706 -7.932905 112.645602 -7.932004
106.860557 -6.254862 106.861160 -6.254300
112.279526 -8.027370 112.279996 -8.026868
112.371391 -7.853501 112.373083 -7.852523
106.803580 -6.202352 106.805477 -6.197285
106.749847 -6.154033 106.750554 -6.153231
110.476972 -7.752756 110.477198 -7.752554
106.846976 -6.267451 106.847261 -6.267124
110.757858 -8.157006 110.758151 -8.156768
106.863170 -6.229290 106.863217 -6.229250
122.222256 -17.959598 122.225258 -17.957592
106.742156 -6.162617 106.743286 -6.161006
112.646488 -7.970106 112.648018 -7.968722
106.806117 -6.303891 106.807039 -6.302769
110.369660 -7.833573 110.370208 -7.832843
106.719178 -6.178451 106.719684 -6.178022
116.184978 -1.902426 116.185749 -1.901764
106.851435 -6.258915 106.852116 -6.258482
112.186564 -7.935855 112.187147 -7.935366
104.754063 -3.012018 104.756103 -3.010066
106.808470 -6.248093 106.808870 -6.247747
106.919742 -6.110212 106.920384 -6.109473
112.316095 -8.038504 112.316775 -8.037688
106.870689 -6.250143 106.871408 -6.249337
106.864541 -6.234547 106.864647 -6.234426
102.082819 -1.303527 102.083146 -1.303196
106.923184 -6.136302 106.923623 -6.135951
116.189155 -1.907341 116.190259 -1.905866
110.389715 -7.733606 110.390145 -7.733382
106.847436 -6.280939 106.847943 -6.280511
112.192764 -7.938049 112.194514 -7.935602
106.860898 -6.261922 106.861463 -6.261579
106.849877 -6.288680 106.850069 -6.288493
112.381534 -7.862555 112.381886 -7.861931
106.812185 -6.243403 106.812806 -6.242910
106.865593 -6.234169 106.865720 -6.234019
119.401305 -5.172833 119.402469 -5.172192
106.859276 -6.238365 106.859357 -6.238263
106.762357 -6.159161 106.762427 -6.159084
106.790656 -6.305212 106.791321 -6.304604
110.321939 -7.796326 110.322124 -7.796138
106.863052 -6.234134 106.863347 -6.233934
110.776683 -7.523989 110.777607 -7.523442
106.864478 -6.237775 106.865543 -6.236797
106.850162 -6.274710 106.850649 -6.274354
106.788016 -6.258124 106.789001 -6.257051
106.785497 -6.262089 106.786381 -6.260887
106.760495 -6.158986 106.760598 -6.158818
115.216955 -8.441983 115.217719 -8.441027
106.931616 -6.120591 106.935413 -6.117404
106.858988 -6.239065 106.859107 -6.238876
106.760807 -6.159027 106.760983 -6.158888
112.760893 -7.272706 112.761428 -7.272196
112.564457 -7.524272 112.565888 -7.523170
112.350939 -8.005577 112.352222 -8.004536
106.853369 -6.262793 106.853710 -6.262314
110.794418 -6.749483 110.794887 -6.749001
115.451756 -2.608079 115.452163 -2.607422
110.762756 -8.118235 110.763236 -8.117966
112.337906 -8.056308 112.338907 -8.055362
106.698913 -6.244484 106.700254 -6.243013
109.057383 -7.680955 109.059546 -7.679542
106.852553 -6.266464 106.853241 -6.265949
106.930665 -6.111016 106.931064 -6.110580
112.753224 -7.267620 112.753959 -7.267024
106.724663 -6.119099 106.725511 -6.118148
119.536527 -5.099066 119.538726 -5.096052
106.808427 -6.248682 106.808668 -6.248422
106.860648 -6.250656 106.861527 -6.250393
106.845844 -6.262638 106.846056 -6.262504
117.431228 -0.351215 117.431933 -0.349910
109.907248 -7.353197 109.911223 -7.350821
110.760242 -7.524539 110.760607 -7.524144
107.249668 -6.371199 107.266003 -6.358359
119.490989 -5.186019 119.491517 -5.185458
110.755319 -8.158720 110.755652 -8.158473
104.811136 -2.917753 104.815803 -2.915788
111.640514 -2.700378 111.641127 -2.699731
106.770233 -6.148910 106.770699 -6.148472
106.723043 -6.130063 106.723862 -6.129388
119.401963 -5.174929 119.402853 -5.173395
106.844961 -6.266550 106.845459 -6.266181
118.462836 -8.547275 118.462954 -8.547189
112.275701 -8.034689 112.276146 -8.034126
106.862955 -6.249714 106.863266 -6.249421
112.274622 -8.021659 112.275713 -8.020872
