140.499310 -21.286003 140.500343 -21.285376
165.603526 -21.252025 165.603898 -21.251590
167.265704 -20.752392 167.266116 -20.751958
165.097652 -21.353089 165.097893 -21.352620
146.777156 -19.247238 146.787928 -19.237312
145.473258 -17.616339 145.474782 -17.615110
147.388501 -19.566145 147.392364 -19.561843
145.752906 -16.912953 145.755610 -16.905485
164.419887 -20.333615 164.420895 -20.333045
166.415961 -22.238459 166.416623 -22.237936
165.832351 -21.706146 165.833682 -21.704910
166.496970 -22.222128 166.497856 -22.221367
147.151679 -9.449720 147.154829 -9.446934
145.372590 -16.476015 145.374942 -16.473854
164.398810 -20.662228 164.399380 -20.661069
167.166892 -20.699417 167.167479 -20.698834
141.293427 -21.283475 141.293714 -21.283012
166.079080 -10.662364 166.079788 -10.661627
165.547294 -21.620400 165.548063 -21.619617
147.249995 -9.396342 147.253217 -9.395178
145.926838 -17.326199 145.928491 -17.324963
146.025196 -17.532838 146.029452 -17.529981
166.424596 -22.245441 166.425546 -22.244450
149.225507 -21.406369 149.226713 -21.404446
146.887079 -20.112132 146.888316 -20.110344
165.820137 -21.425945 165.820663 -21.425302
145.917964 -17.948570 145.919468 -17.947070
147.424437 -19.664245 147.428629 -19.662421
166.356427 -22.132828 166.358165 -22.131714
166.075675 -21.733421 166.076003 -21.733245
141.735551 -20.648263 141.737295 -20.646495
168.316488 -17.728881 168.319327 -17.725956
165.351151 -20.937292 165.351645 -20.937077
165.969031 -21.525102 165.970014 -21.524320
143.031804 -22.384087 143.034287 -22.382671
166.054231 -21.860844 166.055015 -21.860068
146.769578 -9.049239 146.770761 -9.048109
167.242332 -20.814370 167.242578 -20.813938
167.253422 -20.791727 167.253909 -20.791212
165.159501 -21.347436 165.160076 -21.346924
145.241239 -15.477651 145.242548 -15.476203
146.800546 -19.267201 146.802593 -19.264850
167.153564 -20.777011 167.154241 -20.776279
165.979978 -21.535828 165.980358 -21.535452
165.947710 -21.518543 165.948091 -21.518233
141.061712 -17.686181 141.065301 -17.682469
152.298180 -4.408111 152.299942 -4.406188
139.504985 -21.696550 139.505399 -21.695902
139.505263 -20.703456 139.508306 -20.699431
149.161235 -21.145856 149.167259 -21.143764
164.863689 -21.054853 164.864331 -21.053944
149.038894 -21.090787 149.039441 -21.090207
148.037562 -22.006959 148.039852 -22.005752
140.520864 -2.562148 140.521812 -2.560306
164.201961 -20.249200 164.202427 -20.248697
164.901650 -21.110817 164.902337 -21.110242
164.683120 -20.943690 164.683989 -20.942768
165.553064 -21.601856 165.554424 -21.600699
166.283071 -22.125460 166.283431 -22.125170
149.204436 -21.116516 149.205165 -21.114884
145.413427 -6.180629 145.413709 -6.180469
166.294794 -22.121452 166.295080 -22.120975
146.240912 -20.049913 146.248174 -20.042836
177.439433 -17.623641 177.441665 -17.621535
166.200000 -21.587369 166.200232 -21.587160
143.142811 -20.748798 143.144627 -20.745504
136.763822 -12.184052 136.764541 -12.183473
166.305791 -22.153111 166.306433 -22.152526
149.077678 -21.163569 149.079251 -21.160554
145.129141 -17.685403 145.131203 -17.683438
146.995858 -6.724193 146.998500 -6.720707
148.541400 -21.404203 148.541968 -21.403654
145.406410 -16.993724 145.410375 -16.990191
148.231004 -20.003241 148.233342 -19.999595
176.794098 -2.615449 176.795613 -2.614444
166.955232 -22.361318 166.955347 -22.361179
145.462448 -16.503242 145.463220 -16.500601
164.431494 -20.432272 164.432190 -20.431427
167.245965 -20.898529 167.247050 -20.897938
145.418494 -17.011074 145.420848 -17.009053
142.199380 -21.660236 142.199683 -21.659942
148.708679 -21.687549 148.712240 -21.683414
147.242156 -9.411648 147.247967 -9.407424
148.963825 -21.147057 148.965003 -21.145182
146.638413 -7.197334 146.641142 -7.194800
149.206504 -21.119889 149.211419 -21.116954
164.284354 -20.564104 164.285759 -20.562849
149.212195 -21.119752 149.216287 -21.117784
145.578584 -17.257917 145.579673 -17.256710
148.104231 -21.340688 148.107465 -21.339263
177.461396 -17.601782 177.462480 -17.600779
148.563568 -20.396222 148.564720 -20.393877
140.503613 -2.561449 140.504853 -2.558362
164.382758 -20.671888 164.383152 -20.671436
165.491804 -21.569784 165.493161 -21.567947
140.502838 -2.560130 140.503356 -2.559182
165.290095 -21.276548 165.290449 -21.276346
166.542834 -22.224720 166.544599 -22.223015
165.360654 -21.333420 165.361003 -21.333130
167.250674 -20.764321 167.251040 -20.764029
143.138731 -20.734008 143.139356 -20.733367
145.493463 -17.278676 145.495820 -17.276267
147.835951 -20.570394 147.837610 -20.568623
165.682633 -21.696110 165.683254 -21.695123
145.105030 -15.297243 145.105802 -15.296284
149.528352 -22.352945 149.529439 -22.351744
166.408010 -21.705789 166.408375 -21.705404
166.447530 -22.153604 166.448444 -22.152453
166.161255 -21.922195 166.161684 -21.921936
164.576296 -20.392911 164.577087 -20.391988
165.222672 -20.775729 165.223262 -20.775047
146.268076 -20.086443 146.271283 -20.084700
167.092558 -20.763629 167.092899 -20.763286
167.104430 -20.759038 167.104865 -20.758624
142.215800 -10.579467 142.220603 -10.574983
165.614558 -21.293638 165.615105 -21.293258
135.575224 -20.650077 135.576771 -20.647749
