-156.003530 20.787658 -156.003177 20.787993
-156.921273 20.844319 -156.919693 20.845856
-156.687508 20.883102 -156.685460 20.884411
-157.848784 21.309954 -157.843497 21.314975
-159.711100 21.963806 -159.709651 21.965705
-157.852335 21.301267 -157.850855 21.302575
-158.059587 21.483122 -158.057852 21.484721
-156.628801 20.821778 -156.626969 20.823400
-157.842382 21.307351 -157.840342 21.309387
-155.095286 19.750278 -155.091664 19.752719
-158.124104 21.581248 -158.121845 21.582421
-155.393548 20.051741 -155.392719 20.052445
-155.091540 19.716200 -155.088427 19.720513
-156.002068 20.786452 -156.001632 20.786931
-159.583744 21.896734 -159.582285 21.897630
-157.010694 21.084930 -157.009044 21.086329
