-99.213992 19.399828 -99.203011 19.417131
-100.393737 20.578294 -100.389397 20.580275
-96.804666 17.201882 -96.803395 17.202859
-98.226114 19.316033 -98.224283 19.317396
-98.334682 19.243204 -98.332876 19.243780
-103.359953 20.721746 -103.356606 20.724601
-98.210784 19.010994 -98.209483 19.012460
-101.213968 20.112866 -101.212969 20.114628
-92.313992 15.407156 -92.312944 15.408232
-98.149417 19.420294 -98.147114 19.422623
-98.210718 19.531150 -98.210262 19.532069
-91.156740 15.033787 -91.154602 15.034637
-93.307807 16.426602 -93.306541 16.427698
-91.999064 17.846452 -91.998287 17.847162
-97.334609 18.289887 -97.333166 18.291137
-99.931633 19.770685 -99.931118 19.771867
-99.208397 19.483810 -99.202588 19.487220
-99.130997 19.390935 -99.129207 19.395088
-99.907136 16.856890 -99.904892 16.857553
-98.338081 19.665003 -98.336444 19.667080
-98.571677 19.582414 -98.570834 19.583377
-103.219599 20.652103 -103.217673 20.653324
-99.099346 19.504111 -99.097994 19.505436
-99.390481 19.647246 -99.389304 19.648685
-102.320838 21.888676 -102.317161 21.891440
-96.619474 19.506695 -96.618246 19.507466
-102.237797 21.531920 -102.236244 21.533292
-99.345669 19.922030 -99.344627 19.922845
-98.150747 19.121398 -98.148344 19.123207
-99.202982 19.458250 -99.198390 19.461365
-98.222393 19.326492 -98.221363 19.327064
-98.145751 19.467529 -98.145224 19.468171
-90.402063 14.697966 -90.401197 14.698921
-98.293408 17.741276 -98.292259 17.742246
-98.164330 19.265769 -98.163695 19.266514
-98.206129 19.222707 -98.205391 19.223882
-98.482030 19.519746 -98.481214 19.520512
-98.100529 19.436328 -98.099496 19.437331
-91.153744 13.929137 -91.152315 13.929782
-100.749479 20.720013 -100.748234 20.720907
-99.488858 18.949485 -99.486854 18.951584
-93.165256 16.298418 -93.164756 16.298835
-93.099914 16.619164 -93.098117 16.620881
-100.476809 20.833006 -100.475317 20.834401
-97.097857 19.644810 -97.095694 19.646346
-98.937186 19.256061 -98.934719 19.261186
-98.263323 19.553594 -98.262326 19.554498
-101.714016 19.204717 -101.712742 19.206446
-100.750552 20.721006 -100.749575 20.722351
-98.956079 18.807752 -98.954255 18.809712
-98.583063 18.526681 -98.580531 18.529106
-90.170550 20.663113 -90.170428 20.663228
-99.754976 19.367990 -99.752223 19.371088
-98.319453 19.232939 -98.319069 19.233244
-103.455431 20.614560 -103.454061 20.616471
-93.155892 16.312113 -93.154434 16.312592
-97.887046 16.758050 -97.885970 16.759035
-97.376815 19.810603 -97.375859 19.811487
-99.026325 19.300256 -99.023746 19.302805
-98.210139 19.347598 -98.208406 19.349450
-98.602542 19.381407 -98.601630 19.382085
-98.198078 19.361613 -98.196743 19.363047
-97.980865 18.902904 -97.979142 18.904256
-93.417874 16.286946 -93.416206 16.287373
-97.578426 20.032735 -97.577702 20.033949
-98.214513 19.327448 -98.213170 19.328501
-98.043091 19.395679 -98.042254 19.396445
-98.281445 19.248321 -98.280394 19.249850
-103.353198 20.583521 -103.351615 20.584885
-98.187051 19.372089 -98.185769 19.373436
-90.172315 20.550919 -90.171612 20.551467
-97.838030 22.173311 -97.836207 22.175998
-100.490866 19.457014 -100.489745 19.458186
-97.774322 19.243231 -97.772537 19.244612
-98.301600 19.482240 -98.299869 19.483153
-98.154469 19.386891 -98.153984 19.387408
-99.364351 20.539563 -99.362263 20.540651
-93.287186 16.392740 -93.285245 16.394181
-98.293239 17.861784 -98.292386 17.862547
-99.232121 19.384064 -99.230184 19.385538
-90.713947 14.490487 -90.711634 14.492743
-100.009969 20.384805 -100.009124 20.386177
-98.205682 19.318054 -98.202646 19.320114
-98.244851 19.319823 -98.244417 19.320250
-98.249162 19.239113 -98.248028 19.240036
-99.021460 19.566544 -99.016975 19.570132
-98.158602 19.436295 -98.156217 19.438433
-98.180786 19.403668 -98.179995 19.404308
-98.466876 19.139705 -98.466350 19.141053
-98.399552 19.246385 -98.397357 19.247595
-98.321141 19.233327 -98.320094 19.234037
-103.978359 20.896407 -103.976449 20.899043
-91.532154 14.834052 -91.525667 14.838847
-96.714111 17.062811 -96.711279 17.065139
-98.262867 19.330055 -98.261904 19.331200
-98.530911 19.491776 -98.528677 19.494051
-98.058664 19.395742 -98.057221 19.397442
-97.983263 19.075574 -97.981682 19.077221
-98.070392 19.599933 -98.068597 19.601138
-98.314768 19.252615 -98.313984 19.254218
-99.315671 20.546290 -99.313928 20.547601
-93.263281 16.181324 -93.261124 16.183091
-98.219602 19.032366 -98.214618 19.037267
-90.532312 14.625905 -90.526786 14.636795
-94.452763 18.127685 -94.450372 18.130042
-90.552000 19.835550 -90.550723 19.836756
-114.735313 18.341853 -114.735235 18.341944
-98.450458 19.438443 -98.449295 19.439543
-98.788851 21.256799 -98.787408 21.257994
-93.298034 16.374971 -93.297832 16.375162
-100.727796 20.022507 -100.724868 20.025793
-99.090969 18.982499 -99.089853 18.983603
-98.281507 19.317686 -98.279531 19.318739
-98.349095 19.262454 -98.348070 19.263381
-90.629654 14.536262 -90.627787 14.538006
-114.735458 18.341952 -114.735321 18.342087
-90.634162 14.482158 -90.631492 14.483924
-98.424439 19.370337 -98.423937 19.370877
-98.328865 19.233980 -98.327622 19.235077
-97.848272 22.292152 -97.847130 22.294238
-99.699292 19.252696 -99.698187 19.254600
-91.529180 14.834607 -91.528626 14.835716
-96.325027 15.835020 -96.323799 15.836237
-93.202595 16.311444 -93.201409 16.312334
-98.972770 19.389712 -98.969165 19.393411
-105.224942 20.619332 -105.223097 20.620773
-98.412196 19.167140 -98.411324 19.169499
-98.298475 19.325365 -98.296630 19.326003
-98.436550 19.414775 -98.435806 19.415594
-98.440631 19.458772 -98.439900 19.459573
-99.169137 19.585654 -99.167364 19.587092
-102.726205 21.833704 -102.725022 21.835747
-93.332388 16.213217 -93.331575 16.214108
-93.746724 16.368002 -93.746134 16.368620
-93.014004 16.353507 -93.012841 16.355767
-98.561479 19.581328 -98.560118 19.582735
-92.138255 14.678550 -92.136639 14.680048
-98.985078 19.680005 -98.983814 19.681188
-98.531956 19.300744 -98.530937 19.301706
-98.238786 19.073091 -98.238011 19.074329
-93.220215 18.249961 -93.219304 18.251536
-102.701222 20.292182 -102.699651 20.293756
-93.133324 16.367683 -93.132810 16.368177
-98.950936 20.267126 -98.949075 20.268213
-92.933803 17.987702 -92.928945 17.989138
-90.604214 14.643819 -90.596806 14.652115
-99.597486 19.331499 -99.595630 19.332861
-103.388105 20.725280 -103.386590 20.727525
-103.361473 20.721200 -103.358727 20.722360
-103.296792 20.499348 -103.295771 20.500441
-98.865943 19.521124 -98.864698 19.521639
-91.784669 14.972191 -91.782153 14.974740
-99.216094 19.453079 -99.210075 19.456398
-98.330572 19.283309 -98.328865 19.284825
-98.380463 19.328894 -98.379528 19.329567
-98.314218 19.322599 -98.313109 19.323443
-98.105811 19.341474 -98.105161 19.342142
-97.070274 15.871105 -97.068949 15.872654
-100.329053 21.048450 -100.327916 21.049128
-99.200128 19.475454 -99.197306 19.477669
-97.829720 19.012639 -97.828800 19.013406
-98.227852 19.175422 -98.226659 19.176965
-98.561193 19.772330 -98.559454 19.774059
-98.106991 19.330929 -98.106177 19.331779
-100.816812 20.284374 -100.815933 20.285481
-102.237023 18.000413 -102.234726 18.003744
-97.410605 17.876565 -97.408807 17.877985
-98.162709 19.142317 -98.160831 19.145030
-98.376738 19.247385 -98.375997 19.249289
-103.275831 20.668770 -103.273974 20.670424
-99.234000 18.893319 -99.229531 18.897228
-92.276725 15.455550 -92.274670 15.456569
-102.207777 17.961895 -102.205663 17.963538
-103.033444 21.143910 -103.032782 21.144621
-98.224381 19.046797 -98.220372 19.049530
-98.383248 19.313744 -98.381429 19.314615
-99.617160 19.312614 -99.616102 19.314021
-103.266464 20.623012 -103.265405 20.624190
-99.997510 19.442242 -99.996319 19.442828
-90.208856 20.644981 -90.208433 20.645356
-103.073215 20.635113 -103.071821 20.636439
-93.318096 16.357430 -93.317445 16.358287
-93.519423 16.365508 -93.518307 16.366536
-97.347546 19.827616 -97.346788 19.828302
-98.546440 19.369909 -98.545925 19.370650
-103.262190 20.651991 -103.261145 20.652874
-95.122633 18.421428 -95.120704 18.423227
-99.192504 19.336837 -99.190584 19.338669
-98.241251 19.241410 -98.240075 19.242650
-98.234076 19.301894 -98.233258 19.303151
-99.066883 19.305537 -99.059687 19.315723
-99.025085 19.527310 -99.017510 19.531840
-98.217489 19.240432 -98.216893 19.241762
-97.398565 18.447424 -97.395095 18.449731
-98.118289 19.418164 -98.117566 19.418860
-103.243688 20.630132 -103.241825 20.631725
-99.996180 19.442242 -99.994377 19.442889
-97.872688 22.229791 -97.866632 22.234448
-103.371855 19.550014 -103.369634 19.551687
-99.234430 19.312719 -99.232307 19.314385
-90.444823 14.462986 -90.443671 14.463958
-99.212382 19.458785 -99.201678 19.465247
-99.212738 19.448181 -99.204374 19.453541
-102.480429 19.588797 -102.478570 19.591242
-98.437777 19.159499 -98.437028 19.160056
-100.719336 20.890957 -100.717347 20.892885
-101.637208 19.667384 -101.636499 19.668384
-100.742372 20.670171 -100.741253 20.671048
-97.894949 22.292128 -97.891229 22.296071
-100.297084 22.427071 -100.294356 22.429446
-93.446070 16.419362 -93.444985 16.421029
-95.108675 16.565258 -95.106068 16.567129
-97.744774 18.907346 -97.743330 18.908792
-98.026823 19.827481 -98.024749 19.830046
-97.383270 18.472038 -97.381458 18.473280
-98.226601 19.657061 -98.225545 19.658202
-95.221897 18.447899 -95.219212 18.449680
-96.918354 19.533406 -96.916937 19.535498
-100.253275 20.695932 -100.252491 20.696502
-100.820701 20.532435 -100.819478 20.535736
-93.130901 16.450154 -93.129661 16.451016
-104.289804 19.058072 -104.285093 19.060533
-97.964540 17.929926 -97.962989 17.931308
-97.732957 18.923628 -97.732392 18.924021
-103.308408 20.700756 -103.297540 20.709055
-100.717056 20.892459 -100.716053 20.893472
-103.451263 20.730500 -103.444450 20.736999
-97.924575 18.081243 -97.923328 18.082406
-103.114230 21.411623 -103.112655 21.412931
-100.936069 21.795630 -100.933955 21.797491
-104.931295 21.516283 -104.928474 21.522563
-92.254075 15.364040 -92.252241 15.365333
-97.971915 17.943461 -97.970872 17.944385
-99.624585 19.285161 -99.623662 19.286532
-103.321792 21.672544 -103.320719 21.673610
-98.443377 18.906888 -98.441078 18.908751
-97.457560 18.985398 -97.454900 18.987589
-99.691556 19.260641 -99.689387 19.261719
-92.192781 16.165554 -92.190560 16.168660
-97.261008 18.915274 -97.259879 18.916170
-99.214009 19.776953 -99.212444 19.778315
-99.155197 19.404285 -99.151486 19.406617
-91.820047 18.661995 -91.817567 18.663904
-98.221559 19.091941 -98.219789 19.093622
-96.692405 18.589654 -96.689316 18.592450
-98.259269 19.226258 -98.257896 19.227360
-98.232719 18.995554 -98.226807 18.999595
-99.135375 19.205447 -99.133780 19.207310
-98.203243 19.091965 -98.201813 19.093876
-103.425617 20.527838 -103.424070 20.528921
-97.760718 18.789296 -97.759794 18.790071
-98.182372 19.184352 -98.181213 19.186290
-98.404096 19.146380 -98.403195 19.147688
-98.272818 19.316145 -98.271209 19.317298
-96.928510 19.556367 -96.922763 19.560079
-97.743671 18.890539 -97.741929 18.892237
-98.559174 19.782083 -98.557578 19.783479
-90.745606 14.573558 -90.744737 14.574477
-98.491584 19.173800 -98.490898 19.174852
-103.454752 20.688219 -103.449574 20.692776
-96.600990 18.531827 -96.599842 18.533333
-99.010985 21.972863 -99.008394 21.975435
-97.359427 19.830914 -97.358955 19.831176
-99.166334 19.358520 -99.163394 19.360068
-98.225296 19.229585 -98.224549 19.230242
-103.358769 20.689809 -103.354095 20.693230
-98.021907 19.388694 -98.019966 19.390097
-98.086043 19.414861 -98.084708 19.416037
-101.631124 19.532849 -101.630317 19.533139
-100.393925 21.003433 -100.392649 21.004753
-96.557642 15.664317 -96.557290 15.664665
-97.817497 18.940578 -97.816486 18.942081
-99.218781 19.346556 -99.205527 19.353324
-103.360737 20.690697 -103.358588 20.693255
-98.113723 19.610816 -98.111170 19.613111
-94.645168 17.766414 -94.644352 17.767518
-98.400241 19.292351 -98.399709 19.292882
-98.671649 21.205591 -98.670821 21.206761
-98.868707 19.511974 -98.866972 19.514007
-99.584434 19.221445 -99.581918 19.223958
-99.170395 19.281042 -99.168289 19.283286
-91.181910 14.765901 -91.179764 14.766962
-98.212887 19.273996 -98.211372 19.275391
-94.955433 17.875854 -94.953697 17.877374
-100.845791 20.533238 -100.843474 20.535313
-102.257756 18.004123 -102.256107 18.007354
-93.478686 17.658734 -93.477677 17.660053
-102.328604 21.239831 -102.326714 21.241413
-90.467219 14.063508 -90.465864 14.066203
-102.605700 20.822227 -102.604103 20.823306
-97.358886 19.830818 -97.358617 19.831040
-98.147546 19.348514 -98.146448 19.349519
-98.202500 19.332017 -98.201745 19.332903
-97.913115 19.322975 -97.910611 19.325170
-103.371731 19.548204 -103.369924 19.550171
-99.655910 19.249591 -99.654888 19.250908
-100.291991 18.311579 -100.289202 18.314410
-98.387185 19.267969 -98.385924 19.269063
-94.556489 17.989519 -94.554262 17.991995
-90.372227 15.456043 -90.369466 15.458440
-98.480352 19.299754 -98.479386 19.300674
-97.801197 19.431653 -97.800215 19.432984
-100.395191 21.004086 -100.393588 21.005553
-100.455019 20.747882 -100.453365 20.749387
-99.601391 19.273782 -99.600260 19.275517
-99.992708 21.940632 -99.990145 21.942358
-99.140480 19.274711 -99.139022 19.276055
-98.295802 19.232748 -98.294988 19.233406
-103.390271 20.747937 -103.388033 20.750372
-102.760059 20.800821 -102.758781 20.802771
-98.602823 21.169943 -98.600854 21.171079
-100.761827 20.422674 -100.761087 20.423665
-97.490543 17.844604 -97.489535 17.845393
-96.311699 17.772493 -96.310686 17.773749
-101.479556 20.893273 -101.478592 20.894219
-99.097551 19.531292 -99.094777 19.532902
-98.199934 19.419720 -98.198893 19.420772
-102.556721 20.284287 -102.553751 20.286992
-98.938347 19.670337 -98.937697 19.671168
-100.873520 20.212071 -100.872142 20.213390
-96.139433 18.237556 -96.137861 18.239461
-98.975324 19.389890 -98.974356 19.391474
-96.982316 19.380527 -96.980438 19.382212
-98.211340 19.242835 -98.209300 19.245585
-99.585920 19.315735 -99.584461 19.317204
-93.173495 16.776282 -93.172339 16.777622
-98.339460 19.331076 -98.338692 19.331557
-104.361363 19.767461 -104.360358 19.768348
-100.952677 21.157139 -100.951534 21.159440
-98.890533 19.452515 -98.885543 19.457377
-96.247960 19.024121 -96.246348 19.025488
-101.513511 20.865704 -101.512228 20.866868
-97.627768 19.603967 -97.626129 19.605124
-99.637184 19.284381 -99.633171 19.288298
-98.116003 19.356043 -98.113636 19.357283
-98.870033 19.512187 -98.868262 19.514045
-100.951712 21.155738 -100.948439 21.158013
-103.300752 19.478740 -103.298678 19.480907
-97.644609 19.551397 -97.643686 19.553080
-97.782146 18.705767 -97.780767 18.706953
-101.679289 21.111190 -101.677040 21.113256
-102.277135 21.907598 -102.274502 21.910039
-98.317094 19.236441 -98.315512 19.238132
-94.576857 17.984706 -94.573507 17.987803
-94.910714 17.942232 -94.908000 17.944463
-96.898948 19.520749 -96.894630 19.525909
-91.999494 14.698654 -91.998072 14.699742
-98.972518 19.383899 -98.969357 19.388848
-99.124587 19.258017 -99.119695 19.263568
-99.189442 19.557423 -99.179968 19.566733
-96.583595 18.821162 -96.582463 18.822142
-105.274726 21.541273 -105.273303 21.542949
-90.602682 14.629182 -90.600831 14.630464
-101.426869 20.938372 -101.426118 20.939352
-97.704913 18.761879 -97.703602 18.762908
-99.209707 19.361498 -99.205820 19.363933
-97.845617 22.241860 -97.843503 22.243925
-102.287159 19.998547 -102.283931 20.000455
-97.355853 19.807256 -97.355342 19.808010
-98.190227 19.330920 -98.189240 19.331768
-98.485333 19.522715 -98.484364 19.523546
-98.133190 19.370634 -98.130708 19.373921
-99.663258 19.369545 -99.661714 19.371408
-98.302102 19.052907 -98.300749 19.054175
-103.439189 20.554772 -103.438064 20.556171
-99.195829 18.912854 -99.193846 18.914091
-100.350766 19.431284 -100.348371 19.434808
-91.427731 17.467721 -91.426269 17.468439
-90.555840 14.571206 -90.551591 14.575962
-90.650556 14.719365 -90.647125 14.721471
-96.113769 18.081515 -96.112501 18.083871
-98.237669 19.312632 -98.237509 19.312799
-98.987728 19.672667 -98.986213 19.674253
-99.622360 19.371315 -99.619719 19.373067
-98.220121 19.030162 -98.216202 19.033233
-104.886368 21.499213 -104.882420 21.502370
-99.216938 19.485341 -99.208330 19.489299
-98.284147 19.271992 -98.283426 19.272721
-96.718600 18.965846 -96.716101 18.967693
-93.194356 16.828211 -93.193717 16.828878
-98.222767 19.145883 -98.221679 19.146355
-94.528325 18.137886 -94.526644 18.140262
-99.246449 18.825194 -99.244812 18.827245
-98.867380 19.504330 -98.866246 19.506089
-103.303703 20.674537 -103.301788 20.675838
-94.301971 17.997010 -94.301000 17.997849
-102.398038 21.041231 -102.396341 21.043499
-98.766975 20.124962 -98.761673 20.131434
-99.244399 18.847746 -99.243139 18.849432
-99.650567 19.337907 -99.648147 19.339340
-101.201082 20.128775 -101.199671 20.130553
-99.201312 18.949719 -99.199307 18.950329
-90.123539 16.783511 -90.121821 16.784610
-90.749868 18.606264 -90.748812 18.607220
-99.634803 20.526062 -99.633586 20.527052
-101.425141 20.932709 -101.422997 20.934631
-92.655197 16.724243 -92.651387 16.726905
-98.224024 19.269471 -98.223219 19.270051
-102.309945 21.884968 -102.307081 21.889508
-99.333433 18.611340 -99.330800 18.612708
-100.680258 20.552968 -100.678030 20.555327
-92.276761 15.480487 -92.275989 15.481485
-93.190740 16.485318 -93.189983 16.486059
-98.136225 17.912283 -98.135353 17.913087
-100.742207 20.669277 -100.740974 20.670394
-98.241085 19.279283 -98.239704 19.280514
-98.182946 19.323970 -98.181013 19.324850
-98.215825 19.481043 -98.214872 19.481987
-91.323638 15.805313 -91.321588 15.807285
-101.722321 20.413233 -101.719628 20.415199
-90.509423 14.579105 -90.507137 14.581166
-98.296004 19.254167 -98.295191 19.255693
-101.611790 19.684538 -101.611130 19.685317
-90.455935 14.777186 -90.454620 14.777843
-102.339832 18.009896 -102.338973 18.011393
-94.433707 17.278396 -94.432394 17.279665
-99.344830 19.893194 -99.343781 19.894414
-99.218086 19.997445 -99.214741 19.999286
-97.355115 19.818803 -97.353166 19.820830
-98.422497 19.462447 -98.421744 19.463624
-99.580454 19.303909 -99.578823 19.304634
-104.439592 21.098184 -104.437638 21.099965
-94.148494 18.138743 -94.146813 18.139988
-100.634417 20.502958 -100.633634 20.504370
-90.913486 14.813975 -90.911319 14.814893
-100.625872 20.458641 -100.625249 20.459369
-90.786618 14.282725 -90.781575 14.288755
-98.244530 19.329481 -98.243985 19.329968
-104.376542 21.030816 -104.374419 21.032138
-99.763434 19.567939 -99.762184 19.569253
-100.809901 20.492984 -100.806296 20.495273
-101.211845 19.691697 -101.206673 19.695410
-98.244029 19.334928 -98.243278 19.335598
-104.791174 19.291101 -104.790559 19.291752
-100.364315 20.604216 -100.363728 20.605312
-91.138075 14.746302 -91.136829 14.747236
-94.426324 18.142155 -94.423330 18.143626
-98.240110 19.324039 -98.239240 19.324763
-98.533591 19.639018 -98.531682 19.642146
-104.049568 21.065259 -104.048499 21.067043
-96.548235 16.957118 -96.546964 16.958001
-99.206944 19.402133 -99.205072 19.404253
-98.062039 19.330383 -98.060748 19.331616
-98.292072 19.239181 -98.290218 19.240300
-104.046497 20.203653 -104.045048 20.204892
-98.671560 20.132226 -98.670699 20.133324
-100.960300 22.125374 -100.957521 22.128008
-98.224399 19.340296 -98.223266 19.341172
-98.322295 19.331018 -98.320147 19.331550
-98.250679 18.979833 -98.247900 18.982078
-98.437511 19.200873 -98.436610 19.201486
-101.324398 20.657673 -101.320197 20.660965
-100.873364 20.213395 -100.872806 20.214764
-90.121706 20.678134 -90.121469 20.678359
-99.194212 19.472431 -99.192709 19.474196
-92.830392 17.597429 -92.828945 17.599078
-98.235663 19.209254 -98.232925 19.211977
-98.468369 19.292898 -98.467210 19.293601
-102.347445 20.684733 -102.344720 20.686291
-100.462863 20.618064 -100.460594 20.620650
-90.650072 14.686387 -90.647684 14.687462
-97.345396 17.799387 -97.343683 17.800788
-102.025339 20.368513 -102.021964 20.370964
-97.851863 18.941604 -97.850641 18.942424
-98.272316 19.035254 -98.270881 19.036839
-103.316518 20.644506 -103.313237 20.646350
-97.186775 18.809651 -97.183728 18.811763
-99.870444 18.372776 -99.869092 18.373373
-96.962224 19.143460 -96.959805 19.145743
-99.650030 19.254473 -99.642911 19.257998
-98.967416 19.672671 -98.965520 19.673720
-104.045660 20.203049 -104.043739 20.204217
-99.235099 19.296837 -99.233881 19.297971
-102.229801 19.140806 -102.228533 19.141831
-99.235005 18.777847 -99.234126 18.778764
-98.061901 18.271524 -98.060469 18.272863
-90.166233 20.476044 -90.165911 20.476481
-102.322384 21.241385 -102.321195 21.242414
-100.163570 19.659555 -100.161827 19.660973
-97.743764 18.889569 -97.742497 18.890920
-103.345620 20.686845 -103.344181 20.688177
-105.238946 21.049051 -105.237514 21.050691
-98.169783 19.346047 -98.168963 19.346823
-99.068337 18.880676 -99.066208 18.882347
-97.668234 19.325181 -97.665443 19.326891
-100.761815 20.618946 -100.760706 20.619836
-90.006576 14.636635 -89.999731 14.640797
-100.073061 21.143021 -100.072388 21.143649
-93.407645 16.337619 -93.406443 16.338353
-98.974918 19.388230 -98.970894 19.391203
-97.477417 17.666877 -97.475177 17.667759
-93.173495 16.776282 -93.172339 16.777622
-104.877197 21.531764 -104.873042 21.535985
-90.205268 14.781522 -90.203104 14.782943
-100.729930 21.809674 -100.727962 21.811146
-92.321479 15.549518 -92.320259 15.550751
-92.326891 15.433540 -92.325875 15.434210
-100.828566 19.857850 -100.828140 19.858259
-90.032457 20.439046 -90.031846 20.439850
-102.293452 20.337182 -102.291267 20.339311
-103.547495 20.074947 -103.546019 20.075930
-98.212318 19.142200 -98.210257 19.145019
-98.366626 19.257838 -98.365139 19.259032
-97.919533 19.316678 -97.918301 19.318161
-103.300613 20.725218 -103.299716 20.725909
-103.439669 20.286266 -103.438150 20.288216
-99.597009 19.249009 -99.594203 19.250346
-91.841159 18.645187 -91.840365 18.646081
-96.850005 19.932250 -96.848321 19.934096
-103.709239 19.242606 -103.704236 19.247149
-98.211880 19.195352 -98.210661 19.196511
-98.343393 19.286069 -98.342873 19.287667
-97.590523 19.876386 -97.589868 19.877455
-99.167581 19.439508 -99.165267 19.443290
-98.187648 19.255716 -98.185674 19.257393
-99.107836 19.340020 -99.106569 19.340891
-98.164660 19.299419 -98.163764 19.301339
-98.346577 19.329805 -98.345995 19.330366
-100.751882 20.902648 -100.749876 20.904562
-96.963063 19.445374 -96.960835 19.447844
-99.093120 19.356693 -99.091809 19.358286
-101.009545 22.177344 -101.003923 22.180702
-90.581141 14.515754 -90.578737 14.517872
-98.085061 19.376102 -98.083790 19.377389
-97.675012 19.466354 -97.673027 19.468292
-90.549692 14.398231 -90.548921 14.400459
-97.437196 17.842214 -97.436043 17.843557
-97.843443 19.970658 -97.842824 19.971253
-98.259594 19.272378 -98.258684 19.273196
-98.208750 19.171449 -98.207203 19.173180
-97.085349 18.850896 -97.080346 18.856314
-98.436960 19.597182 -98.435839 19.598023
-90.472755 14.670297 -90.470921 14.672695
-104.875322 21.567365 -104.873768 21.568237
-98.191695 18.488549 -98.190401 18.489402
-103.925593 20.428688 -103.923917 20.430609
-99.174730 19.265774 -99.173123 19.267678
-98.191783 19.275830 -98.190441 19.277328
-98.165464 19.419062 -98.164554 19.419520
-90.744130 14.555402 -90.741608 14.558070
-100.744927 20.570756 -100.743827 20.571338
-90.600766 14.764775 -90.599478 14.766606
-96.134504 19.160301 -96.132135 19.163771
-98.474566 19.492488 -98.473726 19.492967
-98.321495 19.282077 -98.320514 19.282719
-103.383575 20.592871 -103.382118 20.594376
-98.247213 19.319521 -98.246440 19.320285
-104.782020 20.521864 -104.780593 20.523593
-96.777233 18.539252 -96.776665 18.540245
-99.001026 19.266825 -98.998747 19.268680
-98.474833 19.379960 -98.473624 19.381130
-102.982766 21.634871 -102.981565 21.635993
-91.514869 14.533255 -91.512221 14.534780
-101.266489 21.019505 -101.265319 21.020992
-98.327965 17.752131 -98.327490 17.752516
-97.789766 18.870752 -97.787916 18.872168
-98.165510 19.119849 -98.164016 19.121236
-96.165759 19.171640 -96.161245 19.179682
-98.103019 19.369924 -98.101870 19.371121
-98.345470 19.467537 -98.343633 19.468504
-98.463683 19.207176 -98.462209 19.208047
-99.876666 18.361795 -99.874081 18.363735
-90.475153 15.353646 -90.472219 15.355558
-92.459022 15.133777 -92.456919 15.136843
-100.584287 20.643327 -100.583101 20.644351
-90.013890 20.580338 -90.013271 20.581378
-96.632128 19.583913 -96.631315 19.584923
-96.769327 18.530434 -96.768616 18.531031
-98.051965 19.495290 -98.050708 19.496720
-98.906672 19.510837 -98.905623 19.512255
-100.756414 19.531897 -100.755488 19.533716
-100.385536 19.485633 -100.383901 19.486730
-100.013963 20.377905 -100.012231 20.380065
-95.000409 16.709165 -94.999133 16.709951
-97.026674 18.329180 -97.025704 18.330334
-101.211318 20.379402 -101.209056 20.382002
-102.682066 21.880010 -102.679250 21.882937
-99.019344 19.815133 -99.017359 19.816962
-90.800868 14.662737 -90.799307 14.664145
-103.918809 19.598443 -103.917869 19.600145
-99.171132 18.899967 -99.169780 18.900576
-99.512852 19.266354 -99.511786 19.267415
-98.899758 19.562320 -98.898640 19.563419
-91.053014 14.084901 -91.051831 14.085938
-102.305798 22.372318 -102.304586 22.373841
-99.188181 19.740224 -99.186320 19.742902
-97.449020 21.291998 -97.447993 21.293300
-101.799267 19.810014 -101.796520 19.812045
-99.752915 19.244787 -99.751165 19.246333
-99.541019 19.246035 -99.539123 19.246646
-99.012777 19.362914 -99.011188 19.365813
-90.816245 14.654885 -90.814952 14.656486
-97.741279 21.204485 -97.739740 21.206282
-100.688299 19.584889 -100.687259 19.585773
-99.577422 19.039529 -99.576367 19.040400
-99.094082 19.791027 -99.092093 19.793739
-97.697305 21.339917 -97.695208 21.341563
-101.187819 20.383224 -101.185003 20.386070
-90.419177 14.066049 -90.418145 14.068526
-97.155235 18.268548 -97.153378 18.269415
-97.738957 21.083972 -97.737917 21.084818
-98.913333 19.540868 -98.912598 19.541868
-99.137426 19.905452 -99.136321 19.906904
-98.906002 19.526444 -98.905112 19.527722
-97.393410 19.812496 -97.392102 19.813551
-97.772074 21.153836 -97.771326 21.154433
-97.744621 21.197222 -97.743726 21.197966
-98.853426 19.558670 -98.852461 19.559578
-97.316316 20.436486 -97.314341 20.440867
-98.767666 19.316260 -98.766936 19.317041
-97.347389 19.858304 -97.346749 19.858904
