-72.238375 7.776281 -72.237692 7.777297
-72.238247 7.775800 -72.234984 7.778119
-73.005603 5.750500 -73.004395 5.751603
-71.985119 8.137543 -71.982894 8.139063
-87.252163 14.090557 -87.245992 14.094187
-62.984602 17.480808 -62.984216 17.481179
-86.235063 12.963978 -86.233261 12.965866
-83.934502 9.863390 -83.932845 9.865764
-84.053608 9.898377 -84.052390 9.900747
-70.665886 19.483753 -70.665027 19.484449
-61.034491 14.538530 -61.033642 14.539350
-72.610381 19.157787 -72.609833 19.158506
-61.080474 14.648568 -61.079873 14.649455
-58.190100 6.708635 -58.189550 6.709056
-61.598634 16.193415 -61.597449 16.195271
-67.584721 5.721205 -67.581488 5.724210
-61.518312 10.656754 -61.514664 10.660349
-84.135421 9.944719 -84.134603 9.945240
-74.637009 9.382906 -74.636430 9.383554
-75.622079 6.153465 -75.621429 6.154216
-74.748554 9.192887 -74.748120 9.193444
-89.262941 13.571059 -89.261879 13.572082
-75.408840 10.322766 -75.408324 10.323658
-85.833641 11.428823 -85.829819 11.431672
-86.095713 12.189620 -86.094196 12.192864
-86.615282 13.172607 -86.614087 13.174201
-67.398465 10.163310 -67.397666 10.163977
-71.497249 18.489136 -71.496084 18.490581
-69.914903 18.490409 -69.908916 18.494419
-88.891330 14.658259 -88.890652 14.658807
-76.927916 2.035716 -76.926964 2.036369
-75.030887 9.344635 -75.030298 9.345092
-71.619591 19.423275 -71.618706 19.424008
-69.258638 18.759581 -69.257046 18.760954
-74.250133 9.250438 -74.249755 9.250783
-74.615997 10.462294 -74.614784 10.463375
-70.829909 18.461321 -70.828109 18.462107
-87.674658 20.858629 -87.674325 20.858947
-86.213989 12.108939 -86.210633 12.112842
-88.738970 13.992863 -88.738118 13.993357
-74.350701 4.817744 -74.348741 4.819947
-87.843482 13.579162 -87.840281 13.581528
-69.913285 19.177462 -69.911976 19.178800
-85.220686 12.927527 -85.218875 12.929768
-88.110377 13.689267 -88.108699 13.690710
-77.921262 18.450951 -77.918398 18.455428
-72.175973 18.550780 -72.175029 18.551807
-66.869670 18.034384 -66.866323 18.036730
-75.155336 10.394877 -75.154338 10.395532
-74.915720 10.187586 -74.914519 10.188147
-74.916139 10.722561 -74.915374 10.723070
-64.054040 10.939630 -64.053184 10.940475
-73.189657 18.488836 -73.188942 18.489459
-74.821675 10.931059 -74.819746 10.932986
-84.539911 10.117297 -84.539116 10.118119
-72.516664 18.795811 -72.516172 18.796196
-73.633720 4.150697 -73.632819 4.151597
-74.075724 4.662796 -74.073867 4.664734
-73.714552 5.305234 -73.713726 5.306140
-88.422733 16.535483 -88.420565 16.536941
-66.352160 10.605843 -66.351544 10.606492
-75.540014 9.983609 -75.539328 9.984189
-73.852228 18.331001 -73.852034 18.331178
-74.785070 7.728190 -74.784154 7.729394
-86.208671 12.021592 -86.206118 12.023019
-73.184005 10.333600 -73.183095 10.334235
-71.382199 7.481504 -71.381518 7.482012
-88.288889 16.873385 -88.288261 16.874739
-77.491044 21.562817 -77.489163 21.563495
-83.539577 10.122863 -83.538513 10.124033
-61.753876 12.056285 -61.753273 12.057598
-72.056014 18.731835 -72.054568 18.732624
-74.223116 18.309850 -74.222191 18.310696
-74.126946 4.471734 -74.126312 4.472760
-74.937902 10.198047 -74.937374 10.198898
-75.188765 10.231222 -75.187579 10.232439
-84.353467 9.857795 -84.352673 9.858504
-83.847022 22.279031 -83.845665 22.280489
-84.346064 10.374213 -84.345292 10.375111
-89.238516 13.671551 -89.236150 13.673921
-73.793199 18.357132 -73.793156 18.357167
-63.053834 18.025022 -63.053187 18.025345
-70.790401 19.540369 -70.789585 19.541015
-78.713492 22.007606 -78.712881 22.008810
-73.625562 3.462206 -73.624338 3.463568
-78.810361 21.748652 -78.809144 21.749615
-63.927690 10.220857 -63.926641 10.221788
-75.805404 9.044076 -75.803714 9.045295
-86.214265 12.097625 -86.213048 12.098934
-70.827309 8.225035 -70.825902 8.226644
-72.340609 18.441080 -72.339968 18.441449
-84.781106 10.097899 -84.780212 10.098718
-72.385737 8.361182 -72.384155 8.361797
-89.679387 21.280069 -89.677747 21.281053
-72.227759 18.886745 -72.227047 18.887739
-66.175302 18.410685 -66.169250 18.415225
-62.621499 17.130185 -62.618702 17.131403
-75.876784 19.973299 -75.875947 19.973753
-74.957806 10.323590 -74.956718 10.324769
-75.039987 10.300682 -75.039169 10.301651
-74.137006 4.739782 -74.131746 4.742498
-84.975583 9.802023 -84.975180 9.802508
-85.448130 10.356689 -85.447358 10.357375
-85.516870 10.101448 -85.516119 10.101775
-85.331535 9.956540 -85.330821 9.957417
-79.729397 22.105158 -79.727791 22.106237
-77.887537 2.573656 -77.885775 2.574770
-71.651850 10.661851 -71.643959 10.669348
-72.718334 19.073497 -72.717869 19.073994
-86.350356 12.932384 -86.349405 12.933317
-84.163878 9.452685 -84.162192 9.453687
-61.159142 10.598719 -61.156990 10.600925
-61.511798 16.340726 -61.511069 16.341313
-78.121293 0.296247 -78.120439 0.297267
-69.426027 19.288743 -69.425303 19.289436
-70.481840 19.338640 -70.480338 19.339435
-89.034311 20.790534 -89.033933 20.791071
-86.030491 11.968578 -86.029829 11.969394
-83.970920 9.656547 -83.969762 9.657552
-83.570477 9.958041 -83.569703 9.959325
-89.642310 20.946325 -89.637340 20.953651
-60.984474 14.529125 -60.982903 14.531358
-72.531613 18.231379 -72.529772 18.233248
-72.135337 18.532551 -72.134975 18.532821
-66.171396 18.409097 -66.164036 18.414838
-65.967716 18.191230 -65.966316 18.192443
-75.069168 10.526661 -75.068575 10.527235
-74.167203 8.792830 -74.166190 8.793983
-52.959992 5.378955 -52.959224 5.379601
-84.288826 10.461880 -84.287555 10.462798
-66.753381 18.449032 -66.750641 18.449670
-73.726654 18.264053 -73.726392 18.264259
-70.615289 19.486110 -70.614664 19.486884
-73.817393 9.253216 -73.815939 9.254421
-89.211442 13.689959 -89.205713 13.692234
-68.872438 12.122086 -68.871561 12.122799
-62.585606 10.568746 -62.583704 10.569953
-72.121662 19.729239 -72.120956 19.730124
-70.551785 19.281560 -70.550895 19.282603
-89.171399 20.722725 -89.171020 20.723106
-84.578520 10.337215 -84.577788 10.337939
-89.255142 20.815994 -89.254492 20.816340
-78.742501 21.944857 -78.741740 21.945510
-77.136295 20.283828 -77.135771 20.284788
-72.055989 19.382495 -72.055548 19.382910
-84.096435 9.928287 -84.093320 9.930692
-62.981927 17.482323 -62.980837 17.483099
-70.301090 19.115256 -70.299502 19.116738
-89.200589 13.692410 -89.197059 13.695374
-68.972901 18.420624 -68.971712 18.422234
-72.134954 18.533347 -72.134734 18.533518
-72.691046 18.961776 -72.690817 18.962024
-66.968700 18.079096 -66.967026 18.081360
-67.150180 18.093945 -67.149214 18.096209
-63.969997 11.050578 -63.969312 11.051128
-74.752433 10.742239 -74.751797 10.742737
-72.688315 18.343464 -72.688076 18.343685
-66.755021 18.447732 -66.750601 18.448896
-83.910011 9.846320 -83.908955 9.847251
-86.122452 12.723447 -86.119971 12.725687
-72.452429 7.921066 -72.451008 7.922373
-89.723175 14.639678 -89.721453 14.641874
-70.616515 19.486277 -70.615244 19.487120
-78.004534 20.715083 -78.002833 20.716676
-86.169228 12.115454 -86.167999 12.117602
-89.220899 20.463782 -89.220585 20.464073
-79.515186 9.020645 -79.514054 9.022018
-83.935147 9.865435 -83.934088 9.866664
-71.829813 8.490269 -71.828386 8.491660
-74.529936 9.266134 -74.529357 9.266748
-79.336764 22.229641 -79.336062 22.230271
-86.125027 11.999616 -86.124220 12.000989
-84.055545 9.718175 -84.054874 9.719638
-70.414614 19.366546 -70.412623 19.368473
-80.464556 22.144639 -80.463677 22.145501
-76.494638 21.167903 -76.492315 21.169673
-84.129234 10.411524 -84.127930 10.412920
-73.756794 18.197250 -73.753282 18.199421
-83.810050 9.820619 -83.809220 9.821448
-72.958690 18.265182 -72.957182 18.266267
-66.951392 10.374478 -66.950845 10.375111
-72.003943 19.140625 -72.003125 19.142321
-75.285502 7.668019 -75.284728 7.668793
-72.311842 18.908560 -72.310209 18.910144
-72.719066 19.013479 -72.718829 19.013745
-84.615537 9.603183 -84.614545 9.604192
-83.877374 9.896142 -83.876542 9.897163
-67.481512 7.889108 -67.479533 7.891148
-75.025208 8.924471 -75.023809 8.925747
-75.572242 10.055943 -75.572033 10.056142
-74.398094 9.218588 -74.397547 9.219146
-74.849798 11.016625 -74.845465 11.019574
-69.295060 18.550487 -69.292767 18.552528
-70.281601 19.629881 -70.280613 19.630912
-79.176764 22.157895 -79.176150 22.158464
-89.335476 20.881452 -89.335178 20.881730
-57.989879 6.764556 -57.988408 6.766420
-80.464497 22.145446 -80.463677 22.145858
-89.587773 14.196130 -89.587274 14.196968
-76.638530 3.019073 -76.637714 3.019869
-75.472278 0.778452 -75.471425 0.779318
-74.053025 4.783514 -74.041413 4.789134
-84.257448 9.966519 -84.256701 9.967356
-74.264484 4.851823 -74.263600 4.852807
-72.256416 18.511503 -72.255506 18.512419
-72.263366 18.575247 -72.262413 18.576363
-72.077189 18.578773 -72.076020 18.579703
-75.504677 5.061920 -75.502698 5.063983
-72.832199 18.180882 -72.831976 18.181182
-66.634821 18.015531 -66.632471 18.018011
-83.984099 9.896734 -83.983241 9.899757
-58.044928 6.800457 -58.041276 6.803916
-67.181723 18.377487 -67.178289 18.378719
-76.087404 1.223711 -76.086632 1.224649
-68.920692 12.103640 -68.919835 12.104855
-84.359105 9.891122 -84.358655 9.891566
-83.885121 9.919885 -83.884564 9.920308
-73.014300 19.744906 -73.014256 19.744950
-74.096560 4.917772 -74.095570 4.919520
-74.829098 9.273264 -74.828712 9.273813
-72.711398 19.009347 -72.711038 19.009638
-71.143056 21.465190 -71.142888 21.465416
-50.790626 2.047651 -50.789425 2.048688
-85.497753 10.840085 -85.496647 10.840823
-73.816405 5.458415 -73.815048 5.459385
-79.269254 22.246137 -79.268085 22.247190
-75.283171 1.681244 -75.281909 1.682293
-72.018419 19.689288 -72.017880 19.689956
-71.710688 19.544669 -71.709901 19.545763
-75.111858 9.710097 -75.110570 9.711251
-70.500698 18.584500 -70.499997 18.585387
-70.941027 19.338372 -70.939698 19.339337
-74.006263 3.518316 -74.004928 3.519490
-88.151790 18.352479 -88.151170 18.352792
-72.775614 19.242133 -72.775079 19.242664
-88.138784 13.792831 -88.137423 13.794260
-86.091852 11.959272 -86.091283 11.961069
-72.698426 19.702656 -72.697954 19.703292
-85.958435 11.397371 -85.956625 11.398979
-84.054721 10.010168 -84.052833 10.010991
-87.946487 15.802747 -87.945199 15.803853
-75.171657 4.877269 -75.170897 4.878266
-71.739566 18.569740 -71.738068 18.570773
-72.201943 19.438645 -72.201004 19.439363
-74.236347 4.708992 -74.235486 4.709862
-69.398200 10.047344 -69.388125 10.060695
-73.500922 18.397681 -73.500193 18.398210
-61.534107 16.424681 -61.532640 16.426514
-84.294748 9.854338 -84.293954 9.855089
-72.605311 19.526579 -72.605231 19.526644
-85.799966 10.324266 -85.798807 10.325685
-85.544902 9.902956 -85.544369 9.903730
-75.889500 9.291397 -75.888571 9.292180
-72.025775 19.621756 -72.024446 19.623592
-72.004600 19.140699 -72.003562 19.141709
-74.806011 7.596431 -74.804881 7.597855
-61.454692 10.173022 -61.453267 10.174068
-73.574109 18.288547 -73.573992 18.288666
-72.625220 19.189698 -72.624415 19.190143
-69.893690 18.468709 -69.892133 18.470524
-85.699264 11.533044 -85.698318 11.534569
-75.194326 10.310826 -75.193554 10.311543
-70.645825 18.454731 -70.644795 18.455870
-71.300076 17.936550 -71.299578 17.936940
-67.047916 10.345874 -67.046275 10.347582
-71.294438 1.013456 -71.293710 1.014265
-74.366571 4.349234 -74.365804 4.349987
-84.017740 9.949842 -84.017153 9.950579
-78.778298 21.841990 -78.775638 21.843621
-72.479678 19.486843 -72.478202 19.487645
-78.374335 21.916101 -78.373404 21.917345
-87.496279 13.533042 -87.493116 13.535197
-77.123355 20.327727 -77.120484 20.330838
-73.576778 5.876417 -73.575464 5.877855
-75.094736 4.713337 -75.094052 4.714384
-86.195754 11.942433 -86.194739 11.944230
-86.199444 11.933971 -86.198308 11.936432
-66.920362 10.602105 -66.918353 10.604390
-70.022725 19.181854 -70.021797 19.182644
-80.520290 22.352746 -80.519575 22.353261
-70.652089 19.399255 -70.650909 19.400240
-61.769002 16.131888 -61.768206 16.132486
-75.475972 5.029243 -75.473114 5.032183
-72.310828 18.783984 -72.309867 18.784469
-72.587137 18.202341 -72.586573 18.203031
-84.083005 9.881743 -84.081621 9.883149
-63.980173 10.964803 -63.978952 10.965677
-59.622955 13.107669 -59.619163 13.111862
-85.455485 10.270831 -85.454814 10.271570
-84.132914 9.968745 -84.132335 9.969327
-76.954788 20.280978 -76.953744 20.282380
-83.914889 9.843000 -83.914305 9.844320
-75.540625 9.334385 -75.539308 9.336049
-73.626377 18.360865 -73.626240 18.360999
-75.816614 9.255113 -75.814620 9.256229
-84.060608 9.463968 -84.060036 9.464435
-71.418559 18.358541 -71.417764 18.359222
-89.720761 14.332283 -89.718580 14.334422
-74.974697 10.033897 -74.973841 10.034774
-71.188566 18.733283 -71.187915 18.734102
-71.191721 18.744649 -71.190835 18.745387
-78.281574 21.567624 -78.280122 21.568909
-88.190771 13.479555 -88.185116 13.482601
-67.475153 10.215876 -67.472126 10.218141
-89.138008 17.063127 -89.136845 17.063959
-84.092581 9.926123 -84.089307 9.930315
-61.737208 16.000674 -61.735333 16.002709
-72.574256 18.195339 -72.573622 18.195768
-72.702567 18.349246 -72.702349 18.349456
-75.540801 10.416367 -75.539345 10.417706
-66.795964 18.016526 -66.794075 18.018342
-84.247794 10.011959 -84.246341 10.013323
-72.442192 7.816469 -72.441269 7.818489
-66.123615 17.976341 -66.120332 17.979321
-74.881955 10.453393 -74.881165 10.454719
-79.626924 0.962494 -79.625957 0.963586
-89.810068 13.765368 -89.809156 13.766525
-72.331672 18.595545 -72.330770 18.596152
-73.717072 18.251535 -73.716967 18.251635
-74.801764 9.992433 -74.801056 9.992993
-72.727220 18.970781 -72.727023 18.970994
-69.285386 18.475874 -69.280215 18.480748
-69.925034 18.503072 -69.922353 18.505459
-71.143454 21.464440 -71.142987 21.464771
-61.183190 14.710794 -61.182655 14.711501
-73.808875 18.160491 -73.808038 18.161502
-79.476257 22.062050 -79.474540 22.063628
-69.317122 18.459208 -69.315492 18.461324
-71.183270 18.711692 -71.182366 18.712260
-70.577800 19.290824 -70.576984 19.291300
-64.660008 9.305501 -64.658786 9.306515
-70.817929 19.325158 -70.817409 19.326047
-69.960545 18.565653 -69.957301 18.568978
-75.217505 9.461002 -75.216977 9.461545
-77.960318 21.390670 -77.959865 21.391528
-67.072198 10.565273 -67.067901 10.568455
-76.425879 20.360089 -76.423840 20.361413
-72.511486 18.773117 -72.510212 18.775961
-72.709630 18.339267 -72.709277 18.339599
-76.493978 3.482356 -76.490427 3.484840
-61.316120 15.886200 -61.315250 15.887130
-73.234145 18.476933 -73.231409 18.477930
-84.953505 10.257970 -84.952628 10.258827
-75.615517 6.253309 -75.614709 6.254074
-74.161750 10.748800 -74.160734 10.749578
-72.771951 11.065959 -72.768502 11.068632
-60.685234 2.810345 -60.682061 2.813493
-72.582712 19.343993 -72.581950 19.346041
-75.048503 9.157628 -75.047532 9.158968
-65.901819 18.366712 -65.899966 18.368352
-89.650318 20.862980 -89.650015 20.863276
-87.145291 14.090303 -87.141976 14.092660
-88.931454 14.559107 -88.930791 14.559857
-72.058098 8.031373 -72.057138 8.032495
-83.245809 8.780998 -83.244347 8.782008
-89.141159 13.642763 -89.140035 13.644019
-79.984198 22.149307 -79.982592 22.150565
-72.305754 18.470607 -72.305448 18.470831
-61.014472 16.329491 -61.013322 16.330413
-83.151647 8.621880 -83.150328 8.623169
-75.296731 2.933021 -75.294277 2.935147
-63.975883 11.066454 -63.974703 11.067578
-73.614315 18.429136 -73.614034 18.429884
-84.431873 10.048906 -84.430469 10.050237
-85.443629 10.634833 -85.440336 10.637037
-75.350655 10.655318 -75.350005 10.655950
-74.709312 9.427606 -74.708764 9.428281
-61.801905 17.085430 -61.800735 17.086066
-84.407433 10.165139 -84.406684 10.165902
-89.105961 14.169278 -89.104907 14.170105
-86.482151 13.627510 -86.480653 13.629538
-74.185946 10.518938 -74.184995 10.519819
-85.775622 10.361092 -85.774973 10.361708
-73.267038 9.827578 -73.266050 9.828054
-63.067475 18.034994 -63.064706 18.036122
-52.316154 4.916495 -52.313126 4.918334
-75.188846 9.179671 -75.188191 9.180323
-63.882523 10.984227 -63.881275 10.985341
-71.853874 19.640909 -71.853849 19.640936
-84.223609 12.162169 -84.221768 12.163896
-85.470472 12.832241 -85.468340 12.833422
-74.316923 9.093111 -74.316135 9.093805
-76.612236 18.226855 -76.611622 18.227599
-78.835887 22.381826 -78.835015 22.382430
-86.081152 11.514257 -86.080282 11.515613
-61.384585 15.296022 -61.383018 15.297372
-61.698682 15.947321 -61.698092 15.948398
-70.736535 19.490292 -70.732655 19.493787
-68.273439 12.155705 -68.272160 12.156956
-72.256407 18.554660 -72.255510 18.555703
-72.407144 19.704956 -72.405442 19.705629
-72.078628 19.412898 -72.077861 19.413407
-72.619878 18.449653 -72.619744 18.449844
-72.171759 19.574803 -72.170341 19.576598
-69.338830 10.065260 -69.333256 10.068860
-82.948514 8.641768 -82.947263 8.643218
-82.853915 8.487129 -82.852533 8.488337
-76.661962 20.384410 -76.659744 20.387448
-85.427209 10.184744 -85.426595 10.185568
-75.300999 10.160769 -75.300386 10.161395
-86.588182 13.482705 -86.584941 13.484258
-68.086517 10.474047 -68.080747 10.476756
-73.795719 3.559159 -73.794674 3.560124
-75.095356 4.129343 -75.094639 4.130375
-85.643057 10.277472 -85.642161 10.278427
-76.266442 20.287463 -76.263545 20.289233
-86.355897 12.103230 -86.355133 12.104068
-71.094762 18.072685 -71.094378 18.073179
-85.660023 12.467396 -85.658457 12.469402
-89.279765 21.204240 -89.278939 21.205131
-72.186511 7.643393 -72.184103 7.645316
-71.772551 18.426777 -71.771440 18.427735
-74.877652 4.545415 -74.876935 4.546116
-75.635063 2.192645 -75.633358 2.194571
-84.227119 10.014540 -84.225786 10.016020
-86.385568 11.984952 -86.385165 11.985161
-66.966578 10.597482 -66.965540 10.599738
-88.801316 21.200111 -88.800978 21.201402
-84.377225 9.890128 -84.376431 9.890609
-78.082796 0.136763 -78.081393 0.138215
-84.912224 10.889957 -84.911480 10.890857
-55.212880 5.739684 -55.211954 5.740280
-72.472205 19.592766 -72.471259 19.594499
-66.050807 18.436230 -66.048345 18.440179
-72.071839 18.849967 -72.071018 18.850396
-75.042945 10.653212 -75.042309 10.653884
-59.612381 13.269034 -59.608336 13.271937
-67.621470 5.663997 -67.620112 5.665449
-71.696564 10.544543 -71.688710 10.549585
-75.491085 8.743456 -75.490061 8.744944
-76.621624 2.447416 -76.619466 2.450271
-75.428537 9.828957 -75.427765 9.829823
-75.507098 8.502858 -75.506018 8.503528
-72.347012 18.938142 -72.345952 18.938926
-86.482590 13.629009 -86.480692 13.630720
-85.946762 11.436537 -85.945295 11.438280
-88.988417 15.025383 -88.986965 15.026743
-84.386509 10.399273 -84.386016 10.399751
-66.161533 18.392228 -66.159938 18.393588
-89.524565 21.134889 -89.524235 21.135285
-72.495306 6.480093 -72.494554 6.480990
-61.752938 12.054770 -61.751859 12.055300
-72.761076 19.256810 -72.760245 19.257611
-86.767980 15.765604 -86.765703 15.767251
-88.438994 13.608420 -88.437685 13.610225
-88.896175 21.128768 -88.895732 21.129716
-89.157218 17.060520 -89.155935 17.062285
-72.553055 10.052916 -72.551152 10.054789
-55.212024 5.742222 -55.211620 5.742499
-61.004674 14.710751 -61.003669 14.711929
-72.119893 19.339579 -72.118964 19.340506
-72.729577 19.933824 -72.728049 19.934777
-71.759491 18.867989 -71.758430 18.868796
-66.139595 18.427858 -66.137235 18.431207
-74.956534 10.446272 -74.955159 10.446965
-64.019380 11.005157 -64.018115 11.006598
-73.501392 18.397803 -73.500941 18.398004
-59.528545 13.094287 -59.524908 13.098770
-73.836443 4.932875 -73.835838 4.933388
-72.585141 18.210398 -72.585129 18.210408
-84.323223 9.844376 -84.322316 9.846220
-83.462432 8.951626 -83.461059 8.953113
-76.923366 0.283562 -76.922603 0.284703
-70.750478 18.912722 -70.748869 18.914313
-89.726560 20.486965 -89.725744 20.487949
-70.318395 18.847582 -70.317784 18.848292
-89.489696 21.147857 -89.489126 21.148436
-61.536975 10.675374 -61.534817 10.676831
-69.863624 18.512238 -69.861383 18.513918
-76.486181 3.579958 -76.485328 3.581167
-76.801562 18.009845 -76.799474 18.012380
-71.852516 8.351352 -71.851623 8.352104
-84.087917 9.903281 -84.085675 9.904864
-87.807973 15.393238 -87.805479 15.395379
-77.974678 21.854890 -77.973670 21.857255
-83.671238 12.335776 -83.670389 12.337127
-83.679214 10.218524 -83.677594 10.219961
-76.854569 2.542288 -76.854105 2.543604
-83.818490 9.872118 -83.818027 9.872752
-76.000570 21.022359 -75.999177 21.023944
-61.538451 16.243197 -61.535186 16.245855
-75.485407 5.037120 -75.482692 5.040232
-60.920867 14.469356 -60.919739 14.469955
-72.345779 18.532342 -72.342130 18.535490
-72.361989 19.519428 -72.361203 19.520280
-72.694732 18.343002 -72.694633 18.343118
-71.827015 18.745766 -71.826087 18.746595
-83.939093 9.850459 -83.938138 9.851484
-61.054948 14.632951 -61.054388 14.633622
-83.451751 8.961316 -83.450772 8.962272
-86.798592 15.784434 -86.797500 15.785531
-85.258756 10.012959 -85.257914 10.014089
-61.383254 15.294639 -61.382545 15.295336
-85.417435 10.063928 -85.416127 10.065027
-89.292090 13.588152 -89.290868 13.588903
-51.803128 3.886544 -51.802056 3.887619
-73.656604 18.307495 -73.656525 18.307590
-75.320270 20.242852 -75.318564 20.243093
-74.799344 20.149097 -74.798344 20.149983
-86.885088 12.443957 -86.883350 12.445329
-69.400186 18.548823 -69.398390 18.550548
-69.138536 10.073693 -69.135908 10.075689
-79.085682 22.151543 -79.084831 22.152043
-70.536525 19.215441 -70.534573 19.216961
-77.291674 20.228599 -77.290048 20.230210
-77.085550 18.174057 -77.084307 18.175637
-75.490145 8.234842 -75.489430 8.235502
-72.393620 7.716652 -72.392236 7.717699
-66.727990 18.055687 -66.724002 18.056723
-74.903130 4.961335 -74.902556 4.961466
-84.475390 9.951690 -84.474848 9.953159
-89.085641 14.314557 -89.085001 14.315077
-75.947720 20.637070 -75.946021 20.638443
-70.705209 19.456096 -70.703767 19.458313
-68.984626 18.456688 -68.979691 18.460531
-84.010452 9.971027 -84.009113 9.972270
-61.509479 16.472396 -61.508736 16.473152
-74.041386 4.777953 -74.031040 4.783677
-72.313331 18.578932 -72.312059 18.580049
-72.308119 18.246121 -72.307202 18.246741
-84.322364 9.844667 -84.321141 9.845618
-72.377720 18.526384 -72.376855 18.527554
-86.195683 11.730248 -86.194976 11.731033
-70.745176 18.905152 -70.744629 18.905610
-75.569791 2.734798 -75.569214 2.736064
-78.247631 21.503028 -78.245114 21.504957
-69.499461 18.619182 -69.498646 18.619887
-63.554309 10.497691 -63.552776 10.499208
-66.983959 10.465707 -66.983096 10.466298
-64.551220 9.736473 -64.550433 9.738240
-70.429236 19.297690 -70.428000 19.298480
-74.634433 10.024576 -74.633373 10.025269
-70.534614 19.226328 -70.533794 19.227323
-68.977304 12.149097 -68.976565 12.149688
-70.824450 8.213537 -70.821620 8.216560
-79.577955 22.368916 -79.576880 22.369669
-85.081302 9.594008 -85.080026 9.596240
-66.930129 10.471093 -66.916852 10.484158
-64.945116 18.338244 -64.939870 18.341191
-60.908335 14.613802 -60.905519 14.615385
-72.832013 19.936464 -72.830386 19.937895
-72.461460 18.543249 -72.461044 18.543970
-86.099447 11.963807 -86.097345 11.965488
-74.868325 10.323691 -74.867443 10.324518
-64.185487 10.950830 -64.183406 10.952842
-73.147161 18.413536 -73.145744 18.414137
-73.161521 18.479258 -73.160893 18.480039
-72.070802 18.236445 -72.070793 18.236452
-84.403866 9.883575 -84.402632 9.884405
-86.401066 13.359512 -86.399973 13.361039
-79.990303 21.771354 -79.989667 21.771721
-69.816431 10.117981 -69.814299 10.120219
-84.056254 9.750354 -84.055299 9.750962
-75.451445 8.903657 -75.450364 8.905026
-70.192160 11.690351 -70.191889 11.690474
-72.709022 18.948298 -72.708049 18.949285
-86.177069 13.671196 -86.175917 13.672400
-71.155358 18.260205 -71.154753 18.260785
-71.143476 21.465006 -71.143079 21.465363
-70.642823 19.123887 -70.642300 19.124561
-85.739762 10.336206 -85.738801 10.337235
-69.339373 19.205585 -69.338427 19.206792
-69.205069 18.463206 -69.204430 18.464124
-89.756175 21.027981 -89.755725 21.028397
-68.269398 10.170186 -68.267701 10.171485
-76.151341 4.416985 -76.150242 4.417654
-71.445607 19.409750 -71.444665 19.410475
-75.814289 9.095084 -75.813638 9.095778
-66.124033 18.394947 -66.121019 18.396757
-76.331061 3.771458 -76.330187 3.772328
-75.227665 9.525337 -75.226618 9.526120
-89.653352 20.328752 -89.652708 20.329155
-73.265800 11.290700 -73.264920 11.291543
-69.249429 10.021808 -69.247363 10.023746
-77.414077 20.111197 -77.412704 20.112284
-87.045838 14.654344 -87.044009 14.655418
-86.274331 12.100126 -86.273149 12.100837
-75.224977 4.428059 -75.222346 4.430126
-66.182876 18.354716 -66.177501 18.360113
-67.053913 18.079748 -67.052476 18.082624
-65.912222 18.230691 -65.910849 18.233473
-81.395464 19.365237 -81.394029 19.366640
-71.622535 10.664702 -71.619788 10.667253
-71.191169 8.569132 -71.187682 8.574065
-61.029169 14.478700 -61.028081 14.479353
-72.240911 9.055589 -72.239261 9.057207
-74.731347 9.269350 -74.730144 9.270243
-75.380459 6.152694 -75.379633 6.153750
-61.464761 10.276767 -61.463174 10.278860
-73.656732 18.312517 -73.656504 18.312621
-71.756890 6.155018 -71.756017 6.155968
-70.887115 19.740955 -70.886740 19.741243
-70.882325 19.558915 -70.881574 19.560047
-86.073984 11.902996 -86.073109 11.903471
-72.497941 18.882668 -72.497224 18.883074
-62.403953 8.007275 -62.402006 8.009248
-73.552421 5.751648 -73.551257 5.752768
-66.384385 10.618158 -66.383597 10.619320
-73.625081 5.621685 -73.623669 5.622994
-70.759124 19.331448 -70.758382 19.332295
-75.122583 9.823631 -75.121442 9.824459
-84.125168 9.794139 -84.124428 9.795012
-71.078326 19.556235 -71.077052 19.557460
-63.888483 10.947563 -63.886365 10.950143
-75.363502 9.305672 -75.360526 9.308030
-88.490295 20.330840 -88.489906 20.331202
-66.121837 18.469131 -66.118997 18.470588
-75.592164 6.201777 -75.588671 6.208014
-70.683624 19.386259 -70.682319 19.387287
-60.839961 14.546269 -60.838852 14.547416
-61.495910 16.206087 -61.494565 16.206921
-72.329822 18.232819 -72.328920 18.233767
-72.148809 18.662838 -72.148047 18.663444
-72.614267 18.456304 -72.613757 18.456746
-67.063888 18.042931 -67.060873 18.045216
-75.144404 4.447945 -75.143353 4.448683
-69.910293 10.149738 -69.908921 10.152085
-73.588782 8.601956 -73.587913 8.602613
-82.911036 8.814595 -82.910396 8.816239
-80.363477 8.517416 -80.362726 8.518669
-87.144290 12.618726 -87.140197 12.623470
-86.100810 11.902878 -86.099588 11.904339
-73.357984 5.538043 -73.356739 5.540515
-71.164983 19.582988 -71.164003 19.583725
-76.856799 2.440501 -76.855706 2.441247
-70.198353 6.297760 -70.197614 6.298464
-80.463575 22.424286 -80.462872 22.424660
-70.663657 19.489122 -70.662927 19.489688
-61.072164 14.607683 -61.071197 14.609697
-72.771646 18.424879 -72.770516 18.426312
-72.630402 18.503740 -72.628211 18.506084
-72.514842 19.256907 -72.513854 19.259236
-72.609474 19.147116 -72.608518 19.147950
-72.392373 18.990602 -72.390792 18.991755
-84.971559 10.465257 -84.970497 10.466238
-74.979521 10.740753 -74.978925 10.741023
-85.596211 10.543566 -85.595361 10.544269
-73.359290 8.236050 -73.357415 8.238359
-55.136974 5.794886 -55.136082 5.796379
-86.496874 13.563867 -86.495887 13.565576
-86.355649 12.160827 -86.352951 12.163116
-70.623329 18.449493 -70.622087 18.450668
-61.590115 16.266504 -61.588497 16.267798
-72.240702 19.525203 -72.239894 19.526300
-89.905189 16.982299 -89.904481 16.982956
-88.473673 18.228844 -88.472632 18.229425
-89.698201 20.911345 -89.697796 20.911583
-85.928701 12.912025 -85.926362 12.914995
-70.537810 19.321624 -70.536371 19.322961
-72.214747 19.745426 -72.213999 19.746162
-89.286868 20.392076 -89.286265 20.392433
-84.575726 10.475458 -84.575029 10.476144
-62.640948 9.021420 -62.639010 9.023111
-50.948215 2.493358 -50.947464 2.494103
-84.558350 9.573792 -84.557726 9.574409
-84.320666 9.511525 -84.319378 9.512589
-89.702460 21.099947 -89.702136 21.100216
-67.705727 4.054796 -67.704724 4.055688
-86.311355 11.971905 -86.310912 11.972274
-77.840007 0.602924 -77.838416 0.604361
-70.623261 19.386061 -70.622154 19.387251
-61.839959 17.128048 -61.836749 17.129935
-72.637984 19.494663 -72.637601 19.495602
-85.637482 11.076094 -85.635820 11.077601
-74.790586 10.977794 -74.788368 10.980062
-73.627506 8.955633 -73.626514 8.956659
-76.418153 3.233243 -76.417230 3.234206
-73.646824 18.347310 -73.646670 18.347476
-74.192707 10.596044 -74.191948 10.597915
-71.139267 21.464856 -71.138457 21.465984
-75.206984 1.279490 -75.206000 1.280640
-65.900601 18.375010 -65.899880 18.375690
-71.992610 19.681896 -71.992074 19.682449
-72.287290 19.718984 -72.286528 19.719578
-68.439633 9.698192 -68.437984 9.699672
-63.922014 10.245950 -63.920067 10.247336
-75.810485 9.074487 -75.810084 9.075145
-88.992418 20.873271 -88.991892 20.873651
-72.363692 7.715084 -72.362195 7.717769
-50.948451 2.493082 -50.947890 2.493679
-70.651394 9.334300 -70.650638 9.335295
-72.984868 10.602984 -72.983840 10.604249
-84.219064 9.997112 -84.217407 9.998787
-89.190027 20.832324 -89.189652 20.832655
-86.305932 11.959439 -86.304305 11.960542
-85.727616 10.412532 -85.726459 10.413882
-89.343271 13.976310 -89.342220 13.976950
-79.290730 9.082124 -79.289732 9.083279
-61.695567 15.993694 -61.694373 15.995038
-61.180709 14.873644 -61.180345 14.874127
-72.253882 18.523021 -72.252652 18.524998
-72.010864 18.743233 -72.010321 18.744005
-66.031854 18.440882 -66.030019 18.444139
-75.305673 9.330842 -75.304852 9.331802
-72.639526 19.563469 -72.639498 19.563480
-73.054111 19.641331 -73.054101 19.641337
-73.077145 10.742125 -73.076638 10.742726
-75.372939 10.446465 -75.372035 10.447117
-76.414261 3.235154 -76.413713 3.235811
-86.056495 11.872237 -86.054597 11.874301
-74.141227 4.684168 -74.140214 4.685197
-88.949105 14.408223 -88.947887 14.409818
-79.996849 21.794907 -79.994421 21.797066
-69.181859 18.542301 -69.181179 18.542900
-83.695275 9.883253 -83.694459 9.883703
-76.901352 2.521653 -76.900712 2.522215
-89.704313 21.154685 -89.704054 21.154947
-86.193750 12.033763 -86.193113 12.034857
-55.079352 5.676591 -55.079004 5.677226
-79.435580 9.051421 -79.433890 9.052931
-89.673848 20.959837 -89.668612 20.964735
-88.028874 15.494930 -88.026458 15.497255
-60.941516 14.557853 -60.940006 14.559322
-72.225305 18.578401 -72.223383 18.581596
-72.140914 18.542933 -72.140252 18.543308
-73.801141 5.046615 -73.799825 5.048122
-75.579584 8.408680 -75.578207 8.409782
-70.502779 18.273447 -70.502149 18.274527
-89.204375 13.669361 -89.197205 13.674268
-75.755944 9.372191 -75.755331 9.373181
-60.733058 11.179553 -60.732711 11.180007
-79.557053 22.488807 -79.555392 22.490033
-88.027732 15.766981 -88.026510 15.767759
-73.768702 3.880763 -73.767887 3.881751
-85.799570 10.294731 -85.798910 10.295507
-89.447733 20.977346 -89.447025 20.977792
-78.137612 0.354656 -78.136337 0.355938
-89.160646 13.707774 -89.160520 13.707972
-70.548699 19.238619 -70.545722 19.241402
-74.740178 4.806008 -74.739122 4.806752
-75.222444 4.427133 -75.219999 4.428900
-73.402312 11.216284 -73.401187 11.217273
-82.857592 9.625564 -82.856047 9.626462
-63.177012 10.707296 -63.175850 10.708168
-70.298001 19.531366 -70.297419 19.532008
-86.283957 12.101317 -86.283028 12.102300
-79.304034 9.142659 -79.301631 9.144714
-61.477653 16.288363 -61.477517 16.288483
-74.116846 18.644534 -74.115564 18.645817
-84.101721 9.906842 -84.100423 9.908501
-84.118688 9.990055 -84.116078 9.991967
-73.368614 8.277806 -73.368137 8.278523
-68.896224 12.109010 -68.894947 12.110489
-74.814149 10.509041 -74.813461 10.509839
-63.938885 11.055369 -63.938182 11.056046
-82.436233 8.770479 -82.434838 8.772495
-72.663697 19.646279 -72.663675 19.646293
-84.874784 10.344011 -84.874419 10.344302
-83.814576 9.914237 -83.813254 9.915330
-89.325966 13.483140 -89.324443 13.484115
-89.808361 13.855768 -89.807036 13.856860
-89.750855 13.842153 -89.749965 13.843002
-72.293742 18.481592 -72.293250 18.482169
-72.400634 5.336099 -72.399684 5.337216
-69.854814 19.186658 -69.853840 19.187553
-86.007223 13.089250 -86.004994 13.092290
-70.237932 8.595080 -70.231688 8.601090
-72.267423 18.498044 -72.266795 18.498814
-89.319365 21.209119 -89.318290 21.209689
-78.113919 0.342259 -78.112841 0.343122
-70.535327 19.389475 -70.532795 19.392373
-89.188894 21.217782 -89.188326 21.218336
-79.258188 22.000342 -79.257158 22.001100
-75.285462 9.352426 -75.284877 9.352958
-89.588694 21.139816 -89.588453 21.140191
-84.730717 10.086018 -84.729485 10.087422
-69.309307 18.457082 -69.308282 18.458536
-75.842468 20.034868 -75.838743 20.036956
-72.139029 19.172408 -72.138112 19.173200
-72.184447 18.593075 -72.183821 18.593657
-72.583207 19.153702 -72.582416 19.154551
-61.054674 14.632604 -61.054240 14.633126
-72.953840 19.726974 -72.953770 19.727010
-61.354571 10.644734 -61.352946 10.645609
-71.347028 19.476607 -71.345848 19.477517
-72.512390 18.861386 -72.512112 18.861689
-86.322659 12.106986 -86.321072 12.107915
-51.057186 0.036142 -51.056301 0.037054
-67.445264 6.214531 -67.444724 6.215571
-74.190654 11.265612 -74.190022 11.266146
-73.765764 5.252845 -73.764913 5.253828
-74.667989 5.457059 -74.666793 5.458138
-83.675749 9.961930 -83.674397 9.962500
-66.110760 18.253673 -66.109359 18.254770
-74.100874 9.907726 -74.100321 9.908435
-78.980536 22.143255 -78.979473 22.144299
-63.191856 10.225520 -63.190844 10.226652
-62.734551 17.296633 -62.731037 17.298509
-71.946977 18.451764 -71.946382 18.451986
-89.733652 21.125989 -89.733413 21.126205
-61.699949 16.027230 -61.698258 16.028042
-89.202459 13.692512 -89.200534 13.694738
-61.394375 16.224341 -61.393254 16.226155
-61.490206 16.375219 -61.488407 16.376361
-74.450707 18.404006 -74.450248 18.404484
-66.018714 18.003382 -66.017448 18.005545
-84.163281 10.004769 -84.161779 10.005783
-79.545162 8.952071 -79.543510 8.954214
-63.849795 11.121148 -63.848821 11.122102
-74.331763 10.978095 -74.330932 10.978801
-74.777249 10.860157 -74.776076 10.861027
-73.654983 18.343203 -73.654926 18.343250
-73.634663 18.325181 -73.634458 18.325314
-73.628351 18.302112 -73.627984 18.302457
-75.140281 20.059565 -75.139232 20.060085
-75.149859 20.186563 -75.148523 20.188046
-51.077066 0.028535 -51.072904 0.032338
-61.516093 10.181402 -61.514611 10.182468
-84.041653 9.912593 -84.040244 9.913334
-84.269133 10.032526 -84.268466 10.033194
-55.479394 5.793309 -55.478272 5.794311
-89.122207 21.231662 -89.121797 21.232931
-73.122822 7.061242 -73.121810 7.062682
-89.457263 20.110314 -89.456928 20.110616
-86.576758 14.030984 -86.574526 14.032569
-89.622351 21.122265 -89.621817 21.122635
-70.118130 19.182784 -70.116788 19.183901
-76.559477 3.413393 -76.557600 3.415765
-83.348374 10.303491 -83.347455 10.304379
-55.222706 5.863319 -55.222233 5.863772
-85.968884 11.920044 -85.964163 11.924058
-79.545369 8.951403 -79.543437 8.952079
-74.583887 9.311065 -74.583441 9.311609
-75.496166 8.554204 -75.495541 8.554781
-69.851525 19.368284 -69.849503 19.369720
-84.218389 10.066749 -84.217402 10.067911
-79.759405 22.219715 -79.758474 22.220602
-73.818355 8.853178 -73.817499 8.854205
-74.036917 4.922100 -74.035519 4.922851
-69.616760 19.231650 -69.616070 19.233140
-77.821336 0.841688 -77.820668 0.842242
-74.715382 10.170362 -74.714295 10.171380
-77.926945 21.374371 -77.923312 21.376532
-72.251204 7.931052 -72.249908 7.931939
-66.815044 10.478837 -66.812933 10.481508
-64.418058 10.268473 -64.416593 10.270026
-86.082508 12.049733 -86.082295 12.049965
-88.945622 14.041927 -88.944765 14.042788
-86.098070 12.173239 -86.095015 12.175849
-61.057239 14.831012 -61.056380 14.832389
-60.976584 14.690724 -60.975517 14.691684
-84.062525 9.878221 -84.059106 9.882628
-86.093042 11.959258 -86.092030 11.960493
-74.851442 10.595598 -74.850544 10.596293
-85.680984 10.534764 -85.680077 10.535856
-73.817985 5.620875 -73.817072 5.621839
-61.361630 15.233159 -61.360728 15.234109
-80.049637 0.071274 -80.047811 0.072866
-63.098549 18.039241 -63.097849 18.039940
-89.542672 14.794403 -89.539271 14.796317
-78.237922 21.912582 -78.237540 21.913176
-87.469299 20.206717 -87.468098 20.207595
-75.181696 9.404163 -75.181338 9.404595
-75.665301 4.666917 -75.664041 4.668206
-84.035165 9.674528 -84.033710 9.675939
-89.081119 13.565040 -89.080508 13.566026
-72.619146 19.607238 -72.618245 19.608323
-77.717585 0.818671 -77.713745 0.822253
-67.027411 18.497005 -67.026317 18.497830
-74.917537 10.241901 -74.915895 10.242763
-73.564880 18.423999 -73.564686 18.424235
-59.634675 13.181899 -59.632937 13.183821
-73.009491 10.766012 -73.008353 10.767141
-83.922968 9.642104 -83.922399 9.642866
-86.879518 12.419470 -86.878306 12.421425
-73.656616 18.310257 -73.656424 18.310409
-84.164062 10.086452 -84.163303 10.087089
-75.603941 4.985424 -75.602874 4.986509
-69.957234 12.472775 -69.956549 12.474509
-61.451468 15.459823 -61.451109 15.460236
-71.834162 19.591132 -71.833426 19.592233
-89.051783 21.243422 -89.051297 21.245634
-84.678724 10.212951 -84.677554 10.213793
-75.523411 2.656877 -75.521354 2.658682
-89.380978 20.840479 -89.380415 20.841055
-84.653607 10.000671 -84.652662 10.002220
-85.466056 11.459784 -85.464973 11.460647
-66.117066 18.367739 -66.114511 18.370379
-87.917339 15.825589 -87.915201 15.828107
-72.419692 18.538957 -72.418153 18.539750
-72.116257 18.647680 -72.115475 18.648437
-72.318765 18.685135 -72.317761 18.685614
-61.055745 14.606605 -61.054852 14.608078
-85.095772 10.425512 -85.094271 10.426831
-61.038390 14.636971 -61.036376 14.639293
-61.644475 15.850080 -61.643807 15.850757
-61.579489 15.865924 -61.578618 15.866480
-64.152982 10.965471 -64.152111 10.966217
-75.305260 9.980342 -75.304099 9.981756
-85.600716 10.400718 -85.598651 10.402027
-85.609105 11.177866 -85.608633 11.178697
-63.482459 8.101655 -63.480608 8.103588
-73.595443 8.312431 -73.593523 8.313827
-75.400155 10.527937 -75.399210 10.529475
-73.657617 18.293584 -73.656373 18.295286
-71.211135 18.389955 -71.209055 18.391975
-73.834582 3.741604 -73.833763 3.742127
-72.243876 7.961576 -72.242695 7.962719
-79.992226 21.804635 -79.991595 21.805448
-89.346745 20.924581 -89.346550 20.924932
-71.478239 19.440592 -71.477070 19.441148
-72.269017 19.676093 -72.268471 19.676871
-70.833689 19.750988 -70.832748 19.751586
-82.249012 9.342731 -82.247834 9.343689
-71.960503 7.536509 -71.958298 7.538062
-73.941336 4.903476 -73.940534 4.904096
-89.140609 17.070076 -89.139482 17.071165
-72.863289 18.197426 -72.862990 18.197635
-71.454895 19.518871 -71.454534 19.519185
-83.544264 12.677259 -83.543936 12.678356
-85.703234 11.502450 -85.702233 11.503443
-75.600018 6.235782 -75.599151 6.236473
-86.798579 15.775240 -86.795884 15.777880
-83.875923 9.838518 -83.872282 9.839913
-61.031762 14.820976 -61.031021 14.822116
-72.126153 18.563716 -72.125408 18.564357
-72.152208 18.555919 -72.151271 18.556761
-71.999692 18.660717 -71.999249 18.661464
-66.080834 18.382462 -66.072080 18.388265
-63.945620 11.074725 -63.944916 11.075718
-74.923957 10.843303 -74.923260 10.843867
-84.237859 22.480699 -84.237124 22.481514
-61.534615 10.666978 -61.531367 10.669636
-85.334281 9.883089 -85.333595 9.883776
-74.666645 9.052185 -74.666168 9.052604
-88.592345 15.710994 -88.588992 15.713360
-89.222235 13.667787 -89.214824 13.671862
-73.640568 18.316951 -73.640403 18.317138
-61.512892 10.142201 -61.510673 10.143403
-74.321593 9.210730 -74.320578 9.211715
-83.934515 9.863337 -83.932319 9.866566
-71.880037 19.520084 -71.879359 19.520866
-76.914790 18.122183 -76.913583 18.123524
-85.091101 10.544575 -85.090543 10.545106
-84.027709 10.452671 -84.026953 10.454283
-83.533074 8.956356 -83.530851 8.957695
-88.954958 21.015261 -88.954531 21.015614
-70.419629 19.381229 -70.418734 19.382365
-61.640706 12.225793 -61.639982 12.226320
-85.650790 11.573268 -85.649822 11.574640
-70.704387 19.388177 -70.703503 19.388913
-61.116541 14.869233 -61.115373 14.870256
-72.369439 19.011574 -72.368404 19.012916
-89.543319 13.976702 -89.538384 13.983473
-61.794380 16.308830 -61.792980 16.309731
-72.084281 18.864352 -72.083310 18.865255
-72.756540 18.181185 -72.755614 18.181837
-84.192084 10.000338 -84.191182 10.001448
-61.347871 16.330094 -61.346053 16.331358
-52.463155 4.575350 -52.462536 4.575844
-72.641368 19.100514 -72.641168 19.100658
-72.894055 4.870684 -72.892882 4.871961
-72.434708 19.801788 -72.434215 19.802127
-79.701665 8.923023 -79.700869 8.924043
-70.513349 18.534528 -70.511506 18.536404
-72.319741 19.680060 -72.319077 19.680678
-79.328064 22.250083 -79.327670 22.250367
-70.780441 18.573445 -70.778820 18.574537
-88.940123 21.278047 -88.939422 21.279060
-66.872083 10.435102 -66.870677 10.435983
-83.714133 12.554987 -83.713600 12.555534
-89.079555 21.050420 -89.079034 21.051059
-86.045034 11.987605 -86.044640 11.988042
-75.252827 0.693710 -75.251814 0.694986
-85.697841 11.498266 -85.696512 11.499078
-74.762336 4.786490 -74.761083 4.787816
-74.058596 4.783777 -74.049498 4.789234
-72.410100 18.522820 -72.409348 18.523600
-72.531479 19.111502 -72.529543 19.113099
-66.634167 18.012766 -66.630444 18.018194
-66.048854 18.373569 -66.046751 18.376756
-86.103786 11.983352 -86.101516 11.985654
-60.873399 14.469549 -60.872234 14.470666
-54.028797 5.498341 -54.026736 5.500195
-83.836621 9.874021 -83.835747 9.874628
-73.652382 18.314231 -73.652291 18.314372
-73.692227 5.143403 -73.690281 5.145144
-84.778623 11.124684 -84.777696 11.125765
-70.741235 8.988620 -70.739995 8.990021
-70.438688 9.371323 -70.434678 9.372431
-70.338301 18.259781 -70.336914 18.261003
-71.419826 19.666233 -71.419057 19.666979
-89.637948 21.023678 -89.637739 21.023909
-84.144038 9.999557 -84.141460 10.001934
-86.301896 12.108542 -86.300294 12.109432
-60.798637 11.169053 -60.797784 11.170932
-86.012389 11.972725 -86.011131 11.973969
-70.352675 19.365769 -70.351317 19.366930
-89.110980 21.010027 -89.110540 21.010779
-88.932928 13.600014 -88.931807 13.600802
-72.554386 10.053928 -72.552949 10.054861
-89.504153 13.893452 -89.502501 13.894233
-84.059193 9.941944 -84.057555 9.943190
-84.220854 10.016073 -84.218942 10.017823
-70.688603 19.357302 -70.688088 19.357642
-74.178547 4.596450 -74.169681 4.603208
-84.327327 9.961459 -84.326776 9.962219
-72.196538 18.553150 -72.195951 18.553576
-71.503947 18.965609 -71.503271 18.966328
-72.076486 18.639298 -72.075274 18.640152
-75.182331 4.387097 -75.180792 4.388915
-74.793688 10.487453 -74.792701 10.488519
-75.087527 10.803715 -75.086918 10.804300
-63.911078 11.042781 -63.910059 11.043634
-83.048664 9.927132 -83.047944 9.927839
-74.216728 8.684372 -74.216150 8.684815
-84.343999 9.873905 -84.343366 9.874597
-68.741604 10.327844 -68.738836 10.331158
-73.607830 4.181248 -73.603184 4.185518
-85.386944 10.213800 -85.385592 10.214729
-83.781466 10.271899 -83.779273 10.274216
-83.684326 9.897184 -83.682963 9.898375
-87.121266 20.580057 -87.120927 20.580380
-72.887069 10.892435 -72.886311 10.893032
-61.862829 10.089049 -61.861485 10.090877
-77.507656 18.029607 -77.506320 18.031377
-68.905477 10.156432 -68.902730 10.159533
-86.214442 12.071994 -86.212648 12.072818
-70.373724 18.280833 -70.372847 18.281507
-86.048999 11.954663 -86.047914 11.956131
-85.170693 10.817656 -85.169813 10.818788
-75.118798 9.418106 -75.118365 9.418541
-89.025389 14.300423 -89.024567 14.300688
-89.043905 21.047987 -89.043477 21.048913
-83.341043 10.084473 -83.340488 10.085082
-89.383805 16.730636 -89.382850 16.731335
-84.055520 9.929781 -84.054336 9.931075
-61.460057 16.277953 -61.459869 16.278182
-72.867418 18.428645 -72.866419 18.429649
-72.704203 19.102798 -72.701512 19.105163
-72.532453 18.541933 -72.531867 18.542586
-73.024556 18.423385 -73.024105 18.423743
-86.405244 13.357778 -86.404337 13.358388
-77.275843 1.223759 -77.273701 1.226631
-71.389106 8.495191 -71.387849 8.495944
-72.627837 19.032002 -72.627078 19.033027
-74.209000 11.239617 -74.207673 11.240953
-73.573138 18.289901 -73.572606 18.290527
-83.405741 8.928763 -83.404802 8.929523
-89.565977 21.043534 -89.565645 21.043819
-71.832119 8.251864 -71.830582 8.253042
-62.655479 8.326072 -62.645888 8.334307
-66.065485 18.391481 -66.063237 18.393622
-76.789517 18.266799 -76.787481 18.267885
-72.284265 18.541817 -72.283843 18.542120
-80.426566 22.133051 -80.422633 22.137868
-52.475877 5.015562 -52.475206 5.016239
-72.270904 18.471570 -72.270490 18.471956
-68.032225 10.163163 -68.022459 10.171382
-64.837731 9.455034 -64.835428 9.456394
-72.181125 19.734773 -72.180930 19.734960
-70.168838 18.651454 -70.166466 18.653900
-86.070952 11.938629 -86.070069 11.939679
-78.034904 21.813278 -78.034179 21.814028
-88.833652 20.543886 -88.833336 20.544210
-75.268820 9.372860 -75.267799 9.374247
-75.175959 9.423463 -75.175475 9.423898
-67.139544 10.536815 -67.138700 10.537450
-80.561808 22.347862 -80.560083 22.349448
-73.004938 11.116620 -73.004639 11.116907
-87.854195 13.876830 -87.853030 13.877428
-75.650767 4.518641 -75.649562 4.520013
-72.263502 8.036022 -72.261071 8.037985
-72.868002 18.426774 -72.866570 18.428407
-72.150124 18.579056 -72.148956 18.580690
-72.222797 18.751456 -72.221835 18.752346
-73.023764 18.420561 -73.023344 18.420931
-73.052792 19.630922 -73.052333 19.632156
-72.604999 7.608490 -72.603862 7.609766
-66.033442 18.445004 -66.030813 18.446917
-74.456422 18.408164 -74.455797 18.408920
-64.105917 10.899001 -64.104007 10.900507
-82.296805 8.528681 -82.295599 8.529922
-82.412130 8.556331 -82.410364 8.557870
-84.096869 9.927891 -84.095344 9.928634
-63.534617 8.059830 -63.528839 8.065752
-75.524023 9.734826 -75.522864 9.735945
-76.531308 20.257564 -76.529772 20.259085
-86.879474 12.420886 -86.875642 12.424063
-76.343914 20.311448 -76.341912 20.312823
-74.281747 10.993416 -74.280457 10.994471
-86.140149 13.718127 -86.139061 13.719694
-70.262180 19.295168 -70.260567 19.296521
-86.060040 11.885660 -86.058894 11.886329
-74.143509 10.760393 -74.142505 10.761354
-74.178449 10.522688 -74.177374 10.523493
-73.518000 8.000697 -73.516873 8.001603
-70.681990 18.952980 -70.681100 18.953518
-75.330639 9.880534 -75.329990 9.881364
-89.737508 14.446386 -89.735910 14.447740
-84.033378 9.891371 -84.032361 9.892507
-77.101575 18.399271 -77.099822 18.400393
-69.065934 12.216493 -69.065118 12.217054
-86.205313 11.844681 -86.203176 11.848402
-89.088097 21.013679 -89.087885 21.013856
-75.823655 9.068735 -75.823131 9.069281
-63.496958 10.172441 -63.495578 10.174420
-72.099524 8.316430 -72.097160 8.318750
-87.178393 12.669330 -87.176665 12.670993
-74.189270 4.604802 -74.187925 4.606281
-75.749816 2.691909 -75.749241 2.692544
-72.802856 19.779587 -72.801844 19.780228
-72.215998 18.523119 -72.215171 18.524021
-73.054195 19.641337 -73.053690 19.642138
-84.467388 10.080324 -84.465008 10.081866
-57.138655 5.884513 -57.137597 5.886018
-85.586255 10.251614 -85.583487 10.253234
-61.573337 16.134303 -61.572907 16.135102
-57.159758 5.843745 -57.157932 5.844997
-84.406800 10.107405 -84.406210 10.108007
-84.810537 10.024054 -84.809813 10.025093
-78.222569 0.329421 -78.221679 0.330178
-69.538453 19.321609 -69.537594 19.322240
-72.722119 19.015553 -72.721783 19.015892
-72.712014 18.980743 -72.711889 18.981141
-86.058848 11.885141 -86.057504 11.886288
-75.333504 20.111574 -75.331546 20.112789
-72.289236 18.487587 -72.288609 18.488038
-70.738963 18.452379 -70.738082 18.453234
-76.671335 18.241494 -76.669582 18.242851
-74.386440 9.224585 -74.385979 9.225042
-89.403606 20.997896 -89.402755 20.998742
-65.196183 9.593237 -65.194325 9.594422
-64.691346 10.077131 -64.688979 10.080713
-89.186728 20.792738 -89.186540 20.792906
-63.471825 10.191249 -63.470948 10.192356
-89.757150 13.965038 -89.755836 13.966473
-86.262114 12.081887 -86.261523 12.082729
-72.303337 8.365399 -72.302586 8.366977
-88.010620 13.693175 -88.009059 13.694633
-73.684049 5.875138 -73.682595 5.876688
-87.893470 13.630669 -87.891231 13.633558
-84.128259 10.002300 -84.127760 10.004112
-78.193915 0.414515 -78.193271 0.415539
-84.102174 9.993857 -84.101377 9.994808
-61.651435 16.205225 -61.650295 16.205734
-61.114754 14.825632 -61.113849 14.826280
-61.697556 16.332660 -61.695571 16.334017
-61.282142 16.249452 -61.281052 16.250164
-73.055481 19.641008 -73.054834 19.641948
-72.076679 18.638688 -72.075950 18.639349
-66.411560 17.969485 -66.410476 17.971516
-72.250317 7.789655 -72.244706 7.792493
-69.692583 11.405273 -69.687708 11.410866
-60.880866 14.437034 -60.880168 14.438015
-76.895697 20.555011 -76.894188 20.556041
-61.383055 15.296383 -61.382529 15.297045
-72.698467 18.995694 -72.697359 18.996900
-85.862649 11.253457 -85.860870 11.255205
-89.940847 16.796843 -89.939677 16.798219
-70.319913 8.697653 -70.319146 8.699041
-75.951417 20.047614 -75.949892 20.048520
-63.156206 10.544479 -63.154919 10.545851
-74.396893 9.249518 -74.396367 9.249982
-72.159392 19.696570 -72.158676 19.697639
-71.938066 19.574088 -71.937120 19.575005
-63.413091 10.501452 -63.412061 10.502950
-72.079628 8.143756 -72.078838 8.144961
-66.014679 9.200254 -66.011567 9.203869
-88.563647 13.774792 -88.562679 13.775964
-86.104923 11.897559 -86.103675 11.899947
-74.821713 10.921396 -74.819625 10.924281
-78.312040 21.601760 -78.310893 21.602777
-84.346679 9.909902 -84.345876 9.910258
-63.244098 10.663948 -63.242467 10.666099
-77.295219 20.904490 -77.293534 20.905977
-71.396297 19.718845 -71.395495 19.719872
-71.028135 19.639613 -71.027265 19.640229
-74.077013 4.614518 -74.073349 4.618045
-72.576101 18.842716 -72.574914 18.844001
-74.883073 10.328857 -74.882064 10.329783
-74.799212 10.348001 -74.798071 10.348924
-61.789820 16.233146 -61.788426 16.234119
-73.343890 18.498517 -73.342959 18.499878
-73.113933 18.371151 -73.112732 18.372437
-83.909342 9.939362 -83.908618 9.940551
-84.456607 9.912073 -84.455671 9.912704
-70.252238 11.806507 -70.251261 11.808242
-55.154568 5.840101 -55.153102 5.841971
-75.510751 9.627079 -75.510267 9.627609
-59.610461 13.078693 -59.609227 13.079571
-76.878676 0.095230 -76.876747 0.096649
-52.326376 4.724571 -52.325924 4.724951
-77.265155 17.976201 -77.260279 17.978727
-81.174499 8.148465 -81.173603 8.149062
-55.179485 5.833399 -55.175943 5.836669
-73.626849 18.360794 -73.626690 18.360934
-79.571449 21.820389 -79.570675 21.821264
-74.175890 10.839755 -74.174600 10.841066
-72.271644 18.623952 -72.271243 18.624848
-89.529290 21.076079 -89.528741 21.076498
-89.554840 20.994018 -89.554594 20.994288
-89.336650 21.046588 -89.336419 21.046826
-72.637377 8.499602 -72.636671 8.501188
-75.735721 4.939333 -75.735244 4.939764
-61.640419 15.976265 -61.639478 15.977962
-88.860061 13.832080 -88.858720 13.833580
-72.072869 8.142490 -72.071916 8.143449
-89.485968 20.745630 -89.485442 20.746398
-89.150450 20.080286 -89.150072 20.080611
-89.455517 14.327777 -89.453625 14.329654
-61.511024 16.471626 -61.509753 16.472546
-76.349510 3.280265 -76.348708 3.280893
-57.344868 6.252867 -57.342871 6.258408
-79.786282 21.845012 -79.785625 21.845575
-79.734080 22.462667 -79.732396 22.463959
-63.158397 10.715177 -63.157117 10.717101
-88.762526 17.250676 -88.761378 17.252029
-61.413681 10.653263 -61.413441 10.653704
-74.077875 4.617082 -74.075210 4.619419
-87.161599 14.079025 -87.158517 14.081739
-74.947020 20.669387 -74.945406 20.671234
-76.263875 20.882923 -76.261722 20.884865
-61.772561 16.126160 -61.771301 16.127169
-61.138397 14.642986 -61.137578 14.643605
-58.061432 6.805754 -58.060528 6.806489
-72.271923 18.545501 -72.271558 18.545758
-72.623923 18.216442 -72.623552 18.216821
-72.278829 18.901812 -72.277880 18.902616
-58.188375 6.810388 -58.187081 6.812235
-66.360003 18.075274 -66.358082 18.076773
-84.190371 10.018847 -84.189320 10.019861
-75.090292 10.366897 -75.089586 10.367613
-73.436474 18.511886 -73.435916 18.513964
-73.544685 18.263641 -73.543052 18.264413
-73.129093 18.413552 -73.128409 18.414027
-63.574598 8.162577 -63.573091 8.164887
-73.933803 4.485079 -73.932446 4.486405
-80.154689 8.375560 -80.153858 8.376924
-72.696034 18.995096 -72.695683 18.995325
-86.062525 11.753761 -86.060577 11.756133
-72.314216 18.482367 -72.313417 18.483019
-89.913545 16.966587 -89.912980 16.967159
-76.991603 2.110657 -76.990692 2.111282
-77.102045 18.399980 -77.100764 18.400916
-71.252788 18.801508 -71.248797 18.804312
-70.412328 18.944522 -70.411212 18.945749
-87.146081 14.094667 -87.143633 14.096962
-74.802713 4.322710 -74.799563 4.327363
-89.759186 13.967736 -89.756971 13.969705
-77.202848 20.257579 -77.201865 20.258396
-70.476218 19.419173 -70.475504 19.420397
-89.480349 13.695333 -89.478498 13.696292
-84.330434 9.912530 -84.329681 9.913252
-64.142514 8.906067 -64.141162 8.907870
-83.991640 9.907338 -83.990082 9.908841
-72.884282 18.420749 -72.883456 18.422096
-71.927813 18.903441 -71.926519 18.904739
-52.645835 5.150897 -52.644766 5.151753
-75.139975 10.606570 -75.139058 10.607556
-73.433164 18.377764 -73.432381 18.378767
-73.127011 18.413045 -73.126590 18.413330
-73.627339 4.148642 -73.625619 4.149787
-70.989808 8.709222 -70.988799 8.709985
-84.436455 10.125065 -84.435822 10.125862
-74.295227 10.987812 -74.294129 10.988554
-72.913385 11.549706 -72.911997 11.550305
-53.208280 3.624024 -53.207972 3.624370
-86.027109 13.564438 -86.025693 13.566268
-72.716335 7.865339 -72.715711 7.866105
-73.152737 10.771774 -73.152321 10.772292
-76.961087 1.976280 -76.960400 1.977202
-85.900367 11.519779 -85.899258 11.520993
-74.299775 9.240571 -74.299132 9.241200
-74.374403 9.203687 -74.373692 9.204375
-74.649524 9.279937 -74.648600 9.280769
-86.276556 12.146575 -86.275471 12.148077
-73.533219 4.738839 -73.532456 4.740250
-69.802894 18.943900 -69.800676 18.945816
-70.374857 19.180956 -70.373880 19.181771
-76.315912 3.688094 -76.315038 3.688967
-61.507534 16.273804 -61.506156 16.275204
-71.654691 19.844724 -71.652947 19.846278
-89.462800 20.814303 -89.462230 20.814969
-66.132754 18.443054 -66.131582 18.444144
-66.059287 18.236472 -66.055532 18.241669
-75.964046 9.357080 -75.962894 9.358000
-84.359336 9.866062 -84.358638 9.866606
-72.540074 19.401727 -72.539127 19.402227
-74.804885 9.317654 -74.803834 9.319437
-75.614942 9.700540 -75.614136 9.701312
-75.562358 6.264712 -75.560188 6.266520
-89.525623 21.023844 -89.525202 21.024249
-72.210734 19.608771 -72.209711 19.609828
-76.984543 2.108841 -76.982858 2.110445
-85.891225 11.499113 -85.889848 11.500322
-89.062117 17.168933 -89.060527 17.170631
-88.934299 21.231635 -88.933923 21.231904
-84.123144 10.059247 -84.122475 10.059941
-89.686992 20.644285 -89.686520 20.644684
-67.436305 8.926697 -67.434587 8.930267
-75.865260 20.188054 -75.863833 20.189438
-75.205472 4.324377 -75.204365 4.325281
-87.980585 15.483202 -87.979585 15.484196
-67.547031 10.235611 -67.542690 10.240235
-68.300937 8.954770 -68.298384 8.956821
-55.196995 5.717082 -55.196126 5.717843
-72.071382 18.236451 -72.070604 18.237582
-71.120696 18.212051 -71.118416 18.214323
-52.271178 4.915859 -52.270257 4.916821
-75.467626 10.383722 -75.466799 10.384407
-66.120145 18.432266 -66.119298 18.433396
-63.863494 11.093449 -63.862428 11.094303
-84.529399 9.913242 -84.528106 9.914601
-74.118787 4.588734 -74.116566 4.591322
-75.822302 6.552221 -75.821736 6.552759
-61.417646 10.652542 -61.416820 10.653341
-76.132826 21.104192 -76.132230 21.105585
-73.800602 18.358505 -73.800472 18.358623
-53.782827 5.668890 -53.781685 5.669804
-73.828851 11.250518 -73.828315 11.251248
-61.436958 15.433910 -61.436478 15.434502
-72.524561 19.425051 -72.523771 19.425603
-74.923408 9.327923 -74.922394 9.329189
-71.899599 19.674775 -71.898748 19.675430
-87.238652 14.083567 -87.235323 14.086269
-76.880504 18.079964 -76.880182 18.080484
-62.572590 17.131717 -62.571393 17.132758
-72.434026 18.512382 -72.433365 18.513075
-89.668149 21.101082 -89.667468 21.101461
-67.174784 10.256419 -67.173636 10.257469
-72.421195 18.731702 -72.419369 18.733260
-72.554841 19.160722 -72.554262 19.161194
-84.315262 10.066236 -84.313450 10.068585
-75.016543 10.251600 -75.015479 10.252834
-75.106049 10.747848 -75.105577 10.748311
-69.497972 7.065281 -69.496854 7.066695
-72.557829 18.808770 -72.557445 18.809128
-73.741474 18.193670 -73.741152 18.194067
-74.062053 10.187017 -74.060840 10.188215
-76.897099 2.172462 -76.896300 2.173664
-82.866362 8.284286 -82.864616 8.287442
-72.258421 19.614497 -72.257809 19.615019
-72.265866 7.649414 -72.264562 7.650839
-89.301141 20.206813 -89.299765 20.208103
-89.506031 20.617780 -89.505622 20.618081
-86.219660 12.106652 -86.219126 12.107603
-84.024892 9.649016 -84.023358 9.650613
-64.162270 8.885626 -64.158937 8.886906
-64.207416 10.547997 -64.206234 10.549036
-72.912685 11.190447 -72.911946 11.191213
-60.965976 14.739488 -60.964544 14.740591
-73.396229 18.275931 -73.395072 18.277313
-76.519411 3.459883 -76.517501 3.462046
-72.107292 18.831246 -72.106149 18.832551
-62.575466 17.195702 -62.573995 17.196672
-73.457562 18.426138 -73.457358 18.426456
-74.764454 9.247038 -74.762237 9.248723
-75.979504 9.306733 -75.978821 9.307400
-75.497869 10.553968 -75.497362 10.554388
-75.133681 10.410457 -75.133224 10.410812
-74.775254 10.912570 -74.774374 10.914430
-75.813794 9.231437 -75.812544 9.232723
-88.809679 16.091921 -88.807978 16.092931
-69.265623 19.184045 -69.265065 19.184497
-75.404427 10.040748 -75.403936 10.041152
-70.342916 18.301414 -70.340883 18.302910
-89.254716 21.109575 -89.254491 21.109820
-72.429529 19.750097 -72.428788 19.750758
-84.593546 10.407883 -84.592500 10.408420
-61.637715 12.224740 -61.636910 12.225427
-89.300181 20.206563 -89.298983 20.207545
-68.902624 10.432772 -68.899131 10.435408
-88.490440 13.645615 -88.489765 13.647246
-88.044031 15.480126 -88.041546 15.483773
-89.110389 21.155908 -89.109990 21.156608
-79.269697 21.761263 -79.268357 21.762495
-72.927540 11.135942 -72.926557 11.136798
-55.170448 5.757986 -55.169581 5.759286
-74.105551 4.808108 -74.104478 4.809202
-76.233436 20.870605 -76.231170 20.874454
-72.689660 19.442630 -72.686758 19.444993
-72.070354 18.611022 -72.069491 18.612053
-72.486536 19.123684 -72.484936 19.125495
-63.886566 11.155224 -63.885640 11.156398
-73.784303 18.343945 -73.783962 18.344467
-83.346376 9.161394 -83.344290 9.163296
-78.117272 0.336651 -78.115991 0.337845
-83.829412 9.859777 -83.828951 9.860448
-86.150061 11.914019 -86.147930 11.915418
-71.621306 10.645884 -71.619122 10.647839
-88.870087 15.020412 -88.868569 15.021842
-66.830502 10.424817 -66.828085 10.426916
-85.038031 10.154431 -85.037420 10.155054
-72.125197 19.667996 -72.124247 19.668565
-89.347799 20.996864 -89.347462 20.997207
-70.377453 19.135560 -70.376380 19.136544
-72.601934 19.318922 -72.600730 19.320107
-88.561677 18.076161 -88.560464 18.077487
-72.800679 8.086770 -72.799958 8.087467
-74.496953 9.246007 -74.496404 9.246565
-89.353671 20.196545 -89.353201 20.197132
-77.949794 20.847284 -77.949010 20.848186
-62.988704 17.483986 -62.988080 17.484520
-58.297640 6.875882 -58.296614 6.876646
-60.977765 14.574080 -60.976953 14.575416
-72.219302 18.544050 -72.218087 18.545127
-72.101269 18.649245 -72.099635 18.650392
-72.613279 18.200007 -72.612729 18.200287
-72.723194 19.090920 -72.722047 19.092004
-73.788109 2.171768 -73.786518 2.173014
-66.393886 18.443129 -66.392105 18.445094
-73.745669 3.115216 -73.743792 3.117328
-74.752324 10.637356 -74.751397 10.637941
-83.796382 10.213275 -83.795400 10.214882
-61.135271 14.775094 -61.134586 14.775629
-74.810488 9.357011 -74.809927 9.357571
-73.292193 10.699662 -73.291088 10.700354
-76.890588 2.474460 -76.890001 2.475282
-72.117211 18.650215 -72.116353 18.650680
-63.547297 10.149867 -63.546305 10.150961
-75.196567 4.311520 -75.195585 4.312216
-76.802969 18.086248 -76.802404 18.086839
-88.813686 19.901515 -88.812944 19.902305
-76.803390 20.297561 -76.802606 20.298376
-89.154284 21.086174 -89.154021 21.086917
-88.447773 13.344909 -88.446016 13.347696
-84.092764 9.928643 -84.090667 9.930856
-70.694933 19.506778 -70.694487 19.507967
-70.623186 19.344944 -70.621881 19.346094
-85.806120 11.451003 -85.804067 11.452499
-72.130502 18.524780 -72.129729 18.525550
-72.548494 18.824316 -72.547640 18.825024
-72.179953 18.560661 -72.178643 18.561410
-73.695830 3.520847 -73.693986 3.523391
-74.879260 10.377929 -74.877894 10.379245
-74.824099 10.400246 -74.822957 10.401320
-63.804141 10.991984 -63.802739 10.993856
-72.585825 18.299809 -72.585624 18.299921
-61.173770 14.739469 -61.173223 14.740557
-66.752802 18.450763 -66.748422 18.453069
-83.632446 9.896364 -83.631727 9.897041
-85.347286 10.292478 -85.345734 10.293074
-83.954871 9.327595 -83.953840 9.328841
-76.315310 3.216656 -76.314678 3.217512
-72.599390 19.225389 -72.598835 19.226075
-73.641128 4.321687 -73.640700 4.322233
-84.579430 10.379784 -84.579039 10.380275
-68.314180 9.906987 -68.311812 9.909572
-88.717303 13.830079 -88.716145 13.831668
-89.880422 21.003059 -89.878963 21.003926
-88.419118 13.375782 -88.417222 13.378219
-86.894482 15.747012 -86.893318 15.748024
-72.255670 8.113915 -72.254340 8.115218
-86.192120 11.955112 -86.191604 11.955541
-83.910327 9.867842 -83.909396 9.869036
-69.983097 12.509545 -69.982035 12.510423
-83.043284 9.986718 -83.040844 9.988444
-83.512300 10.097352 -83.510561 10.099144
-72.907656 18.439249 -72.907079 18.439665
-75.477392 10.382974 -75.473160 10.388471
-66.733988 18.470267 -66.732550 18.471874
-73.673962 2.972979 -73.673835 2.973095
-63.970149 11.087600 -63.968215 11.089103
-63.946854 11.007076 -63.945268 11.009288
-75.286787 9.118134 -75.285998 9.118697
-72.586626 19.540672 -72.585989 19.541071
-77.291313 1.195878 -77.285766 1.199713
-70.220279 8.624076 -70.218542 8.625729
-72.526381 19.231374 -72.525730 19.232267
-75.200598 9.112722 -75.199935 9.113415
-75.269186 10.055868 -75.268677 10.056703
-75.774824 21.079462 -75.774002 21.080135
-70.129868 8.752321 -70.127721 8.754153
-87.716941 13.790748 -87.715752 13.791883
-84.144813 9.953516 -84.139427 9.956733
-86.192086 11.954301 -86.191180 11.955105
-89.622777 21.037460 -89.622388 21.037820
-84.380010 9.787631 -84.379292 9.788001
-69.571024 11.452237 -69.569618 11.454569
-64.143937 10.614905 -64.142966 10.615744
-83.043672 9.984838 -83.042121 9.986706
-86.237892 12.137522 -86.235034 12.141457
-89.159948 14.837838 -89.159082 14.839292
-86.360945 13.096805 -86.357356 13.098674
-71.841946 19.665635 -71.840857 19.666655
-72.308508 18.674280 -72.307625 18.675273
-72.285529 18.711856 -72.285261 18.712105
-72.554526 18.252231 -72.554247 18.252469
-72.678067 18.966452 -72.677381 18.966920
-61.753435 12.055358 -61.752774 12.055958
-84.220685 9.927599 -84.219934 9.928730
-63.832653 10.998074 -63.831532 10.999090
-84.386272 9.977149 -84.384719 9.978673
-59.499185 13.181496 -59.497994 13.183042
-76.270608 3.165785 -76.269531 3.166850
-61.471306 10.269381 -61.469359 10.272024
-52.276613 4.887199 -52.276084 4.887663
-86.244205 11.851501 -86.241695 11.854327
-84.719877 11.032257 -84.718251 11.033851
-70.886526 18.563793 -70.885420 18.564570
-72.627837 19.491463 -72.626026 19.492170
-75.200016 9.113625 -75.199318 9.114110
-70.029763 19.206347 -70.028760 19.207451
-71.533475 18.379015 -71.531596 18.380401
-70.218625 19.196685 -70.217745 19.197448
-89.121850 20.951360 -89.121556 20.951789
-74.833992 10.259249 -74.833002 10.260252
-73.438530 5.756870 -73.437242 5.757750
-85.061835 10.728414 -85.060911 10.729091
-77.773290 21.786980 -77.772206 21.787761
-78.140839 21.255151 -78.139200 21.256694
-89.627720 21.068901 -89.627504 21.069126
-88.362444 13.376846 -88.360854 13.378214
-89.273301 13.824964 -89.271855 13.828176
-77.366761 20.050273 -77.366172 20.050780
-61.736691 12.044477 -61.736148 12.045192
-84.071526 9.902745 -84.069436 9.904415
-61.745065 16.020058 -61.744202 16.021017
-60.939319 14.676386 -60.938551 14.677155
-73.086801 18.441848 -73.085803 18.442957
-72.663948 18.967854 -72.663509 18.968473
-61.077268 16.301603 -61.076355 16.302397
-74.918562 10.552227 -74.918329 10.552457
-73.507287 18.526797 -73.506303 18.527766
-84.114485 9.949225 -84.113519 9.950123
-75.440089 8.749925 -75.439326 8.750463
-83.911584 9.684285 -83.910672 9.685025
-72.517448 7.878118 -72.515245 7.879924
-76.810555 2.455726 -76.809182 2.456601
-76.403366 3.035955 -76.402531 3.037052
-72.604722 19.064727 -72.603840 19.065853
-72.620064 19.149530 -72.619083 19.150320
-85.584371 11.565648 -85.582575 11.566573
-86.572095 12.264253 -86.570780 12.265178
-70.867757 19.413807 -70.866753 19.414571
-74.340434 5.002543 -74.339536 5.003385
-61.417088 10.651704 -61.416004 10.652360
-72.185101 19.622461 -72.184591 19.622948
-88.953659 21.150052 -88.952651 21.150785
-61.323317 10.692934 -61.322437 10.693639
-73.586792 10.417148 -73.585566 10.418422
-89.108061 20.858406 -89.107805 20.858663
-74.949527 4.567003 -74.948089 4.568522
-62.989983 17.484493 -62.988425 17.485868
-57.969189 6.747981 -57.967547 6.748847
-87.634468 14.451144 -87.631223 14.453814
-76.813060 17.974382 -76.802993 17.982594
-87.450339 15.776146 -87.448185 15.778063
-58.161694 6.797121 -58.151401 6.803069
-61.568505 16.041684 -61.566098 16.043034
-72.230290 18.508076 -72.229835 18.508679
-72.612631 18.976091 -72.611846 18.976434
-66.108940 18.348357 -66.107685 18.349752
-61.222736 15.889934 -61.221993 15.890788
-75.287560 9.315219 -75.286059 9.316454
-64.109609 10.937649 -64.108480 10.938610
-84.964262 10.281323 -84.962973 10.282499
-79.445898 21.944813 -79.443217 21.947558
-73.628570 18.295876 -73.628491 18.295932
-85.661017 11.488325 -85.659727 11.489634
-70.755219 18.453325 -70.753803 18.455259
-63.217140 9.805218 -63.209545 9.810307
-74.310171 9.262995 -74.309538 9.263588
-73.542349 9.194527 -73.541089 9.195931
-89.017290 20.600219 -89.016643 20.600909
-80.038711 0.362692 -80.037631 0.363674
-83.990575 9.838012 -83.989644 9.838530
-69.390577 19.065165 -69.388907 19.066526
-55.102005 5.864819 -55.101033 5.865752
-70.769968 18.402190 -70.768892 18.403236
-86.297165 12.150656 -86.291994 12.154906
-72.207345 18.611666 -72.206660 18.612128
-72.285041 18.446152 -72.284420 18.446570
-72.430299 18.294609 -72.429458 18.295232
-71.096929 18.209991 -71.094926 18.211466
-72.615724 18.946341 -72.615341 18.947116
-75.121667 10.491976 -75.120769 10.492891
-75.030142 10.828546 -75.029570 10.829447
-75.104817 10.628402 -75.104122 10.629043
-75.399943 9.100522 -75.398877 9.101716
-73.888252 18.207945 -73.887627 18.208320
-74.212730 18.583682 -74.211292 18.584833
-73.524603 18.371910 -73.523348 18.372487
-71.889839 5.882191 -71.888635 5.882977
-55.155991 5.835805 -55.153017 5.840155
-75.847505 9.055115 -75.847033 9.055601
-89.279097 13.675105 -89.277348 13.678910
-70.832918 19.724747 -70.832271 19.725145
-70.809991 19.711890 -70.809607 19.712430
-86.570696 12.264450 -86.568940 12.265468
-68.011361 10.246332 -68.010296 10.248482
-79.575938 8.985843 -79.570594 8.992912
-88.931183 20.757044 -88.930904 20.757341
-68.943638 12.130901 -68.942592 12.132359
-76.319248 1.122644 -76.318483 1.123325
-87.575144 14.291533 -87.573900 14.292448
-61.456761 15.579088 -61.456250 15.579473
-73.012321 11.266247 -73.011526 11.267158
-58.058055 6.807919 -58.057001 6.808844
-74.143094 4.715745 -74.142574 4.716360
-71.723802 19.546650 -71.722847 19.547597
-72.293874 18.459705 -72.293484 18.460013
-72.578317 18.944467 -72.578070 18.944754
-84.158749 10.031455 -84.157118 10.032533
-73.127408 7.112626 -73.126150 7.113784
-72.705224 19.476255 -72.705022 19.476433
-73.868651 8.280200 -73.867840 8.282031
-85.286798 10.203519 -85.285779 10.204622
-75.353781 9.486923 -75.352858 9.488402
-52.646845 5.151062 -52.646093 5.151963
-89.911058 16.914637 -89.908596 16.917255
-64.695018 10.128973 -64.690909 10.132192
-75.064428 9.397743 -75.063203 9.398926
-89.352595 21.033442 -89.352299 21.033718
-72.182004 19.734114 -72.180612 19.735142
-78.046966 21.532499 -78.046156 21.532891
-71.343338 18.500289 -71.342187 18.501234
-72.085398 19.629208 -72.084840 19.629901
-89.563809 20.751328 -89.563681 20.751454
-76.488491 3.006480 -76.487285 3.007741
-86.253602 12.091431 -86.250699 12.094890
-89.893567 20.884964 -89.893216 20.885378
-74.411523 9.244476 -74.411065 9.244839
-73.312778 11.273804 -73.311846 11.274446
-88.024883 17.739974 -88.024490 17.740350
-76.772065 17.998821 -76.770632 18.000183
-70.183315 19.266573 -70.182460 19.267676
-85.018011 10.888697 -85.017131 10.890120
-75.216985 20.140611 -75.215492 20.142578
-72.333146 19.368302 -72.331634 19.369740
-71.705598 18.873758 -71.704504 18.875058
-72.594137 18.970165 -72.593559 18.970571
-61.699703 15.952931 -61.699283 15.953041
-74.437461 4.725503 -74.436241 4.726719
-63.907605 11.053845 -63.906645 11.054880
-75.023906 10.583173 -75.023170 10.584043
-61.100308 14.614311 -61.099460 14.614982
-73.669355 8.692345 -73.667986 8.693366
-63.557545 8.135394 -63.554938 8.137428
-85.299826 9.998024 -85.299204 9.998838
-74.705018 9.434391 -74.703943 9.434921
-73.654376 18.344760 -73.654200 18.344886
-85.544019 10.436829 -85.542233 10.438286
-74.347006 9.223631 -74.346532 9.224050
-72.343622 18.498546 -72.343267 18.499147
-74.215263 4.720068 -74.214315 4.721116
-87.155183 14.100480 -87.153970 14.102201
-71.717500 8.593667 -71.714718 8.595774
-77.567968 20.043457 -77.566225 20.044449
-74.465018 9.274966 -74.464552 9.275474
-75.087787 4.637874 -75.087122 4.638740
-84.336838 9.520395 -84.335911 9.522361
-80.864950 22.382800 -80.863304 22.383860
-89.370960 13.733455 -89.368970 13.734903
-83.568731 10.093748 -83.568210 10.094296
-75.690786 4.506644 -75.689435 4.507393
-88.207627 17.495409 -88.200855 17.499005
-70.813037 19.482869 -70.812178 19.483792
-61.131697 14.738011 -61.131178 14.738435
-72.088932 18.592573 -72.088275 18.593486
-70.763223 7.105587 -70.762150 7.106593
-63.951264 11.089197 -63.950019 11.090558
-74.753300 10.786105 -74.752640 10.786875
-75.389783 9.304736 -75.388183 9.306355
-73.341830 18.297983 -73.340848 18.298533
-67.596004 5.668317 -67.593107 5.669872
-69.918648 12.436587 -69.917258 12.437529
-85.578224 10.519656 -85.577695 10.520116
-76.542349 20.252539 -76.541399 20.253486
-73.632074 8.310013 -73.630709 8.311496
-73.741747 18.193748 -73.741490 18.193988
-72.622757 19.077857 -72.622709 19.077901
-72.733686 18.986976 -72.733148 18.987590
-72.626219 19.025433 -72.625697 19.025846
-75.276205 10.143664 -75.275369 10.144583
-70.002666 12.536522 -70.001704 12.537477
-61.377654 15.259824 -61.377536 15.260678
-71.869579 6.948526 -71.867648 6.949878
-68.063414 10.126248 -68.056706 10.133778
-85.368912 12.102417 -85.367020 12.104688
-74.297554 9.185713 -74.297040 9.186231
-75.364013 5.978751 -75.363497 5.979257
-86.169170 11.831665 -86.168109 11.832873
-83.709542 9.897658 -83.708930 9.898259
-72.135031 2.894068 -72.133544 2.895053
-86.241832 12.083972 -86.240692 12.085861
-69.151764 12.370781 -69.151129 12.371640
-76.496660 20.338244 -76.495115 20.339527
-89.611045 20.691877 -89.610774 20.692148
-74.107095 5.545226 -74.105930 5.546212
-89.296623 20.740570 -89.296307 20.740899
-64.649933 10.201978 -64.646312 10.205196
-84.394843 9.923996 -84.394194 9.924520
-69.265253 10.024126 -69.263043 10.025890
-83.646630 9.980009 -83.646000 9.980685
-58.251198 6.852922 -58.249609 6.853569
-72.653361 19.295991 -72.650519 19.297860
-72.421060 19.305126 -72.420522 19.305661
-72.503623 7.848920 -72.498699 7.852977
-74.885425 10.895334 -74.883791 10.896253
-84.672686 9.993274 -84.671324 9.994338
-88.014028 15.543185 -88.012741 15.544405
-72.207179 19.755153 -72.205536 19.756059
-75.114706 4.197587 -75.113728 4.198555
-75.455903 10.365893 -75.452198 10.369002
-86.210357 11.908065 -86.209007 11.909813
-84.113226 9.482143 -84.112786 9.482768
-75.201250 10.105836 -75.200784 10.106704
-67.354951 9.908265 -67.351701 9.910541
-72.503518 6.460538 -72.502227 6.461212
-79.158125 22.167408 -79.157572 22.167801
-66.256563 18.303567 -66.254377 18.304883
-52.476672 5.015990 -52.475638 5.016911
-71.450586 19.739664 -71.449439 19.740595
-74.797930 4.299153 -74.796056 4.300868
-85.417934 11.057860 -85.416995 11.058897
-76.435528 3.695956 -76.434771 3.696805
-74.106436 5.530592 -74.105451 5.531557
-61.061690 13.856549 -61.060081 13.857865
-84.056493 9.910264 -84.055610 9.911422
-76.201059 4.089782 -76.199261 4.091196
-78.987512 1.250755 -78.986138 1.251864
-82.944290 8.751442 -82.943515 8.752295
-87.216264 14.102409 -87.211755 14.105133
-72.206984 18.817511 -72.205828 18.818509
-87.470678 15.778787 -87.466204 15.780686
-75.065818 10.391382 -75.064966 10.392445
-74.835492 10.461649 -74.834728 10.462369
-76.960596 20.949767 -76.958161 20.952398
-74.747346 9.237679 -74.746359 9.238975
-85.239363 9.815886 -85.238537 9.816467
-75.507055 8.805710 -75.506539 8.806498
-72.148960 18.923348 -72.148456 18.923813
-75.068439 7.794808 -75.068150 7.795094
-71.522376 10.708217 -71.520251 10.710069
-84.982890 9.934142 -84.982225 9.934822
-61.703623 10.161596 -61.702502 10.162958
-61.426229 15.404175 -61.425634 15.404754
-90.006576 14.636635 -89.999731 14.640797
-70.279373 19.307227 -70.276496 19.309234
-76.761805 1.981392 -76.760422 1.982613
-70.008525 18.425772 -70.007739 18.426087
-70.003794 18.480530 -70.002796 18.481181
-70.513349 18.534528 -70.511506 18.536404
-79.672294 22.314532 -79.671081 22.315951
-73.609938 9.366217 -73.608757 9.367359
-71.097846 18.722882 -71.097072 18.723645
-72.089906 19.579635 -72.089481 19.580491
-86.166053 11.797249 -86.164434 11.799972
-69.974815 18.576845 -69.973216 18.578014
-70.114120 8.766638 -70.112928 8.767814
-72.294617 7.637816 -72.292949 7.640405
-89.825916 16.802752 -89.823825 16.804152
-74.502394 10.511233 -74.501736 10.512455
-89.331215 20.744380 -89.330837 20.744739
-70.448871 19.635633 -70.448315 19.636166
-69.225323 9.992812 -69.218570 9.999239
-55.216838 5.691093 -55.214882 5.692640
-76.506327 3.475546 -76.505014 3.476948
-73.670475 2.976624 -73.669556 2.977860
-74.468384 4.765053 -74.467719 4.765791
-72.912987 18.418158 -72.911941 18.418722
-82.610900 9.493736 -82.609924 9.494922
-74.027758 10.768680 -74.026720 10.769413
-79.659197 0.967248 -79.656058 0.969382
-83.897041 9.915510 -83.895984 9.916239
-75.520448 5.044487 -75.519416 5.045364
-86.814389 13.430339 -86.813301 13.432465
-88.873250 14.616711 -88.872844 14.618050
-74.148726 4.170562 -74.148355 4.171027
-73.813486 3.724357 -73.813120 3.724810
-73.861135 18.327244 -73.860776 18.328659
-79.979653 22.410742 -79.976651 22.413840
-71.509778 19.657813 -71.508598 19.658365
-89.291145 21.087112 -89.289896 21.088316
-71.842986 19.078807 -71.841823 19.079714
-71.986212 19.368462 -71.985466 19.368892
-60.957318 13.728119 -60.956423 13.728989
-87.878714 13.741297 -87.876976 13.743013
-77.446892 20.142713 -77.444821 20.143673
-84.247975 9.913466 -84.247083 9.915071
-84.577702 9.955299 -84.576782 9.956072
-69.422726 19.200063 -69.422147 19.200546
-73.014442 10.555708 -73.013510 10.556507
-58.152192 6.794808 -58.142161 6.800645
-74.756639 4.393442 -74.756146 4.393731
-75.505220 5.062031 -75.504742 5.062406
-61.075196 14.611559 -61.073518 14.613406
-65.982795 18.249858 -65.981776 18.252303
-74.797295 10.972399 -74.792553 10.976494
-61.037746 14.667868 -61.036606 14.668922
-64.380760 11.011423 -64.379277 11.012365
-67.461251 10.181984 -67.459716 10.183315
-85.536708 10.278279 -85.535264 10.279530
-85.480762 9.864809 -85.479995 9.865543
-73.226291 6.636104 -73.225570 6.636806
-75.134298 10.388148 -75.133263 10.389120
-60.989786 14.021425 -60.985644 14.023602
-74.718369 10.773128 -74.717342 10.773920
-68.066649 10.472747 -68.063500 10.475128
-86.485044 13.376490 -86.482525 13.378910
-53.208447 5.480504 -53.207879 5.481049
-68.588645 9.650513 -68.585762 9.653486
-63.731282 10.118199 -63.729453 10.120698
-74.232484 9.237877 -74.232007 9.238460
-71.689216 8.600380 -71.684040 8.602748
-71.424653 18.481639 -71.423120 18.482653
-89.401857 21.078806 -89.401580 21.078994
-86.193170 11.951331 -86.192038 11.951992
-83.717931 22.393326 -83.714658 22.396031
-88.891467 16.253005 -88.891168 16.253330
-76.396270 3.138100 -76.395613 3.138752
-88.007063 13.550371 -88.005357 13.551252
-86.294813 11.955401 -86.294101 11.955828
-61.766598 16.059927 -61.765121 16.061238
-61.634189 16.270434 -61.632713 16.271330
-61.321697 15.950353 -61.320646 15.951281
-58.056491 6.808407 -58.055273 6.809822
-72.029901 18.796821 -72.029192 18.797692
-71.953372 19.634868 -71.952483 19.636203
-77.533535 21.233834 -77.532418 21.234729
-66.857450 18.034323 -66.855358 18.036149
-84.088992 9.867209 -84.086814 9.868668
-65.663555 18.326282 -65.661152 18.328563
-72.270143 11.715940 -72.269508 11.716899
-72.620907 19.534405 -72.620637 19.534672
-74.659303 9.382433 -74.658931 9.382825
-63.900422 10.447114 -63.899424 10.448080
-73.716977 18.254644 -73.716884 18.254734
-72.622326 19.064580 -72.621867 19.064951
-73.042000 4.850142 -73.041246 4.851126
-89.961092 16.795744 -89.960152 16.796566
-89.073645 17.162176 -89.072173 17.163287
-70.506075 18.540968 -70.505498 18.543023
-66.618876 10.461735 -66.616920 10.464188
-71.831279 19.376757 -71.830382 19.377212
-89.409316 21.108330 -89.408927 21.108704
-89.261939 20.877234 -89.261465 20.877762
-66.848591 10.263099 -66.844110 10.265548
-88.635808 13.878056 -88.633771 13.879347
-77.800460 18.509391 -77.799710 18.510101
-89.421147 20.643048 -89.420845 20.643359
-69.995125 18.523288 -69.982019 18.532108
-84.187657 9.934430 -84.186432 9.935410
-72.625148 19.310142 -72.624606 19.310790
-61.004615 14.613851 -61.002794 14.615272
-83.980054 9.899714 -83.977115 9.902061
-66.337623 18.409778 -66.335745 18.410908
-81.384106 19.305682 -81.382987 19.306793
-72.225542 7.838395 -72.224410 7.839155
-63.962826 11.065891 -63.961684 11.067497
-74.925820 10.630233 -74.924676 10.631593
-63.862131 10.955249 -63.859299 10.957097
-84.516578 9.710950 -84.515934 9.711638
-84.436673 9.932592 -84.436100 9.933321
-79.661561 22.307323 -79.659873 22.308708
-79.513201 22.073023 -79.510656 22.075802
-72.548746 18.801157 -72.548109 18.801842
-86.129066 13.914660 -86.127366 13.916678
-86.207228 12.050785 -86.203283 12.052791
-77.321262 19.908548 -77.320033 19.910473
-74.262514 9.256765 -74.261964 9.257357
-75.310475 9.272579 -75.309596 9.273082
-77.023771 18.136936 -77.021693 18.139047
-64.708666 17.739911 -64.706818 17.742889
-77.456323 21.191072 -77.455720 21.191820
-86.106109 11.989371 -86.105169 11.989967
-70.301325 19.002890 -70.300695 19.003380
-76.150692 20.612392 -76.148882 20.614349
-84.222530 13.497211 -84.221274 13.498686
-79.476418 9.034813 -79.472227 9.039753
-78.132325 0.069890 -78.131741 0.070682
-72.171775 18.591642 -72.171100 18.592689
-66.040583 18.273954 -66.037687 18.278213
-72.320700 7.827209 -72.319648 7.828623
-61.017153 14.743768 -61.016224 14.744702
-63.927689 11.104064 -63.926273 11.104926
-74.981641 10.873381 -74.980289 10.874529
-84.778576 9.980295 -84.775626 9.981626
-73.414340 18.383570 -73.413576 18.383995
-85.587439 10.566499 -85.586128 10.567479
-61.452890 10.296806 -61.451470 10.297777
-73.700984 18.345865 -73.700772 18.346022
-75.331720 10.382887 -75.331190 10.383393
-84.185228 10.061372 -84.184617 10.061953
-72.734719 19.060009 -72.734377 19.060350
-73.068314 11.423336 -73.067367 11.424077
-72.249239 18.535444 -72.247091 18.537211
-63.055445 18.024922 -63.054559 18.025739
-73.794534 5.404275 -73.793289 5.405204
-63.187176 9.736964 -63.184856 9.740348
-61.288563 15.538496 -61.288187 15.539105
-69.579138 18.463874 -69.575879 18.465864
-69.773217 18.526128 -69.772537 18.526767
-70.314432 18.277573 -70.312058 18.280680
-88.016936 15.428058 -88.014403 15.429553
-72.246750 19.769792 -72.245567 19.770459
-70.100813 8.759443 -70.099328 8.760891
-86.510192 11.978681 -86.509044 11.979592
-71.920833 8.262278 -71.920046 8.263031
-77.686807 21.665331 -77.685414 21.666771
-64.707645 17.740834 -64.707017 17.741708
-79.380987 22.136274 -79.380461 22.136736
-89.037422 13.537017 -89.035781 13.538400
-89.678956 13.751213 -89.676075 13.753110
-88.225727 16.976484 -88.224157 16.979011
-75.504444 10.367977 -75.503772 10.368626
-88.562930 20.449244 -88.562497 20.449631
-82.418473 8.417951 -82.415958 8.421678
-72.209515 18.532090 -72.208555 18.533474
-66.016264 18.240609 -66.014151 18.244767
-72.305718 7.826909 -72.304833 7.827844
-72.640528 2.580973 -72.639575 2.582034
-84.225984 10.014751 -84.224010 10.016284
-83.711325 22.420466 -83.708643 22.422251
-74.935552 11.016826 -74.934842 11.017554
-63.832452 10.997229 -63.831910 10.997990
-63.867646 11.036971 -63.865548 11.038550
-85.215910 9.882841 -85.215454 9.883369
-83.302122 8.534605 -83.301103 8.535560
-78.635538 22.110691 -78.633711 22.112102
-73.008342 10.726228 -73.007936 10.726551
-72.857045 10.889251 -72.855763 10.890286
-65.459034 18.143162 -65.457564 18.145206
-85.405472 10.246598 -85.404732 10.247527
-74.351489 9.245079 -74.350550 9.245994
-69.383015 18.976063 -69.381975 18.977108
-75.206352 9.357917 -75.205938 9.358410
-85.105472 9.958923 -85.104518 9.960239
-70.838113 18.414368 -70.837097 18.414900
-75.141547 9.246867 -75.139735 9.247822
-71.652743 10.957350 -71.651158 10.958205
-89.210350 20.864616 -89.209700 20.865384
-78.120066 21.847664 -78.118365 21.848974
-83.166890 8.720940 -83.166112 8.721757
-80.724698 22.252314 -80.724258 22.253168
-87.088462 14.536088 -87.087025 14.537459
-64.782738 17.726583 -64.779744 17.730892
-86.211821 11.963825 -86.211350 11.964274
-73.279671 10.506630 -73.276214 10.510072
-55.238697 5.812418 -55.237940 5.812951
-84.320653 9.987417 -84.320007 9.987958
-73.635988 5.537411 -73.635032 5.538595
-61.277507 16.252580 -61.276384 16.253028
-66.163220 18.171387 -66.161246 18.173196
-70.758362 7.072747 -70.755368 7.074193
-85.252337 10.520290 -85.251323 10.521859
-63.923811 11.064212 -63.922620 11.065286
-75.005081 10.518802 -75.004492 10.519387
-75.282206 9.160967 -75.281301 9.161756
-61.842229 17.121923 -61.841644 17.122501
-72.734656 18.270220 -72.734060 18.270668
-82.809038 21.891603 -82.808075 21.892280
-84.457419 9.871738 -84.456732 9.872340
-84.931655 9.820739 -84.930867 9.821828
-84.732553 10.048001 -84.731969 10.048598
-75.497277 10.472418 -75.496419 10.473323
-85.639844 10.499322 -85.638910 10.501010
-73.658918 18.305400 -73.658814 18.305510
-69.944801 12.446169 -69.944201 12.447351
-71.341955 4.792207 -71.340707 4.793324
-69.790278 4.449079 -69.789536 4.449909
-71.849939 18.388091 -71.848501 18.389310
-89.562415 20.937414 -89.561822 20.938081
-74.497248 20.339398 -74.496040 20.341571
-78.140959 0.040033 -78.139538 0.041060
-72.040695 19.357182 -72.040547 19.357320
-72.079120 19.342706 -72.078904 19.342874
-84.528444 9.934492 -84.527594 9.935234
-89.030226 20.927923 -89.029013 20.928824
-79.497627 9.006888 -79.485181 9.014857
-61.460950 16.327398 -61.459518 16.329970
-87.272253 14.045067 -87.265818 14.051866
-72.269149 18.577161 -72.268417 18.578116
-71.983196 18.503367 -71.980734 18.504504
-72.558592 18.830711 -72.557806 18.831254
-72.444941 18.455636 -72.444434 18.456122
-84.060350 9.869744 -84.059524 9.870906
-75.705772 4.816785 -75.704034 4.818528
-72.640886 2.584743 -72.640424 2.585066
-72.699653 18.341990 -72.699253 18.342300
-84.090616 22.203124 -84.089777 22.204014
-74.427687 9.237279 -74.426198 9.238837
-72.515244 18.866675 -72.514866 18.867104
-88.942354 14.493590 -88.941026 14.494231
-71.848505 18.400831 -71.848079 18.401250
-78.555277 21.732808 -78.554110 21.733720
-64.170494 10.461759 -64.163772 10.463890
-74.384112 9.262018 -74.383583 9.262535
-87.172399 12.657353 -87.169835 12.658594
-81.042796 8.151867 -81.042429 8.152179
-72.684139 19.669119 -72.683012 19.670311
-71.512832 7.616765 -71.512007 7.617767
-71.854924 7.788694 -71.853697 7.789407
-84.568606 9.734004 -84.567824 9.734649
-86.215349 12.010139 -86.214574 12.011114
-87.291707 14.142332 -87.287298 14.144376
-73.076320 10.511613 -73.075221 10.512884
-53.910037 5.738195 -53.909532 5.738760
-55.211367 5.751587 -55.210484 5.752052
-75.051204 4.916712 -75.050071 4.918579
-72.401352 18.747085 -72.400931 18.747813
-72.328394 18.484803 -72.327999 18.485284
-72.205087 18.517829 -72.204017 18.518725
-71.962776 19.020770 -71.961035 19.021994
-84.115893 9.961853 -84.111972 9.965572
-72.557332 19.294553 -72.555953 19.295525
-61.082319 14.492028 -61.081360 14.492672
-79.168090 21.936050 -79.166505 21.937623
-60.884100 14.524927 -60.883489 14.525718
-74.665677 9.438826 -74.664918 9.439602
-76.870662 2.321313 -76.869929 2.321899
-84.248722 10.078991 -84.247445 10.080586
-86.256192 13.701614 -86.254845 13.702308
-86.078162 11.911972 -86.077264 11.912972
-63.089504 18.064434 -63.087260 18.065895
-61.293641 10.633832 -61.291842 10.635370
-72.318450 18.525881 -72.317715 18.526555
-67.345444 10.208872 -67.342895 10.213645
-66.819555 10.439557 -66.804567 10.453630
-88.274145 21.289728 -88.273634 21.290552
-83.771648 12.008862 -83.769366 12.011714
-89.217578 20.776082 -89.217337 20.776331
-72.021007 19.335049 -72.020420 19.335557
-88.574036 13.328624 -88.571465 13.330950
-89.186714 13.804999 -89.185148 13.805953
-72.919046 5.865644 -72.915441 5.869010
-62.646901 9.002795 -62.645747 9.003910
-69.791427 18.521382 -69.783236 18.530790
-78.965730 22.092053 -78.964923 22.092671
-78.206698 0.322130 -78.205731 0.323093
-78.089685 21.442809 -78.089142 21.443266
-83.281198 10.075045 -83.279271 10.076642
-88.586948 20.513159 -88.586672 20.513407
-84.088488 9.929732 -84.087860 9.930361
-84.054839 9.958223 -84.054013 9.959632
-60.904544 14.487276 -60.903935 14.488460
-72.063147 18.532905 -72.061649 18.533874
-72.072242 18.904710 -72.070965 18.905385
-72.222645 7.820944 -72.221100 7.822640
-71.142113 8.591900 -71.139663 8.595517
-73.814781 18.366678 -73.814601 18.366795
-85.958189 11.942049 -85.957405 11.942370
-72.897168 8.993222 -72.895915 8.994039
-73.172590 7.067568 -73.172174 7.067813
-74.854878 9.177358 -74.853914 9.178115
-67.871996 10.227751 -67.868185 10.229499
-69.925453 12.441416 -69.924768 12.442085
-67.414493 10.202506 -67.413137 10.203798
-84.057539 9.920937 -84.056520 9.922087
-89.528194 14.964040 -89.525035 14.966433
-76.688051 2.352461 -76.686594 2.353725
-71.524669 18.880273 -71.522575 18.882249
-83.754034 9.891980 -83.752853 9.892887
-88.223295 20.690906 -88.221220 20.692419
-75.107786 4.358639 -75.107370 4.358832
-86.233113 12.006355 -86.232130 12.007440
-76.427506 20.271024 -76.426429 20.272090
-55.175941 5.775757 -55.175053 5.776513
-52.326320 4.938168 -52.323611 4.940509
-89.340159 13.797684 -89.338539 13.798970
-83.188197 9.012975 -83.186405 9.014273
-88.036748 15.467066 -88.035482 15.469486
-75.574564 4.635814 -75.573444 4.636596
-83.341137 10.072494 -83.339011 10.073450
-83.285899 10.065324 -83.285088 10.066209
-68.925704 18.754548 -68.925009 18.755185
-75.279715 2.896090 -75.277350 2.898067
-71.191509 18.247174 -71.190587 18.248296
-85.220377 10.700232 -85.219334 10.701041
-72.575034 19.798220 -72.574789 19.798485
-76.283643 3.261291 -76.283230 3.261869
-72.571404 19.813108 -72.570774 19.813702
-83.205795 8.936919 -83.205058 8.937611
-77.904458 0.499078 -77.903802 0.499947
-77.754202 0.642651 -77.753918 0.643066
-83.398826 10.093582 -83.398360 10.094081
-71.225045 18.249306 -71.223717 18.250838
-77.018208 18.004767 -77.013948 18.012262
-75.828843 5.599921 -75.827828 5.600845
-88.769287 14.762846 -88.765465 14.766408
-55.074892 5.881799 -55.074194 5.882444
-84.230352 10.034919 -84.229665 10.035468
-83.595964 10.269411 -83.594976 10.270421
-65.974955 18.339542 -65.971825 18.342960
-71.437280 19.748051 -71.435826 19.750119
-55.189300 5.587294 -55.188076 5.588364
-87.880474 15.238603 -87.878208 15.239986
-83.598760 10.091922 -83.597638 10.092751
-89.676788 13.977056 -89.674524 13.981246
-56.999469 5.940294 -56.998146 5.943200
-55.108579 5.704297 -55.107810 5.705005
-76.414972 7.745113 -76.414275 7.745822
-84.170315 9.790888 -84.169650 9.791502
-84.198222 10.079147 -84.197702 10.079854
-73.802440 8.618718 -73.801397 8.619727
-55.407032 5.748318 -55.406558 5.749151
-55.566665 5.837559 -55.565624 5.837880
-77.782360 0.645014 -77.781270 0.646301
-75.181915 20.591926 -75.180825 20.592814
-84.846301 10.612498 -84.845577 10.613157
-83.552205 10.133203 -83.551628 10.133914
-80.399611 22.242255 -80.398450 22.243359
-60.997646 10.323891 -60.996109 10.324927
-84.165171 9.801857 -84.164248 9.802867
-85.205344 10.672701 -85.204438 10.673632
-55.180565 5.804234 -55.179780 5.805038
-83.642944 10.194002 -83.642130 10.194686
-85.413847 10.719199 -85.413131 10.719763
-71.208246 17.923532 -71.207445 17.924592
-55.035820 5.892429 -55.035031 5.892655
-72.125027 19.431639 -72.124595 19.432043
-76.398930 3.140101 -76.397916 3.141067
-61.592551 16.007238 -61.591553 16.008138
-88.854490 13.714830 -88.853390 13.716252
-77.871261 0.381707 -77.866172 0.384120
-71.527143 18.378204 -71.526481 18.378891
-83.409281 14.028924 -83.408155 14.029944
-77.809375 20.900544 -77.808766 20.901198
-84.833678 10.745593 -84.833022 10.746223
-88.864304 13.624156 -88.863730 13.624769
-84.250340 10.031206 -84.249508 10.032140
-84.731618 10.647882 -84.731159 10.648290
-73.885368 9.962815 -73.883925 9.964271
-83.574071 10.149508 -83.572652 10.150630
-55.282629 5.765802 -55.281932 5.766876
-88.931442 13.715786 -88.927670 13.717573
-71.167744 17.987706 -71.166755 17.988806
-77.726018 0.628875 -77.725163 0.630098
-55.247965 5.693860 -55.247003 5.694881
-55.121895 5.841023 -55.121025 5.841973
-85.957659 15.913410 -85.955936 15.915031
-73.689329 8.086037 -73.688517 8.086752
-84.654114 9.650873 -84.653543 9.651426
-75.921017 20.366352 -75.920089 20.367854
-55.036216 5.892148 -55.035691 5.892454
-68.437757 9.823370 -68.436961 9.824134
-55.246437 5.736683 -55.245501 5.737120
-78.075092 20.859995 -78.074769 20.860330
-73.908523 9.075164 -73.907620 9.076147
-83.424013 10.097100 -83.422953 10.097969
-77.597319 0.671246 -77.596589 0.672054
-72.132681 19.449097 -72.132553 19.449212
-80.584093 22.431107 -80.583613 22.431524
-83.332483 14.105575 -83.331942 14.106332
-84.817273 10.647306 -84.816236 10.648633
-84.157236 10.061980 -84.156208 10.062712
-72.572140 19.272922 -72.571386 19.273691
-83.419775 14.021373 -83.419041 14.022061
-83.610452 9.971664 -83.609957 9.972409
-55.075254 5.698465 -55.074861 5.698616
-54.898603 5.777501 -54.898046 5.777801
-77.877100 20.771023 -77.875827 20.772263
-78.026462 20.813220 -78.025867 20.813999
-72.301429 8.508026 -72.300746 8.508684
-75.718216 4.716006 -75.717401 4.716735
-55.236177 5.777087 -55.235130 5.778688
-77.936421 0.496142 -77.935567 0.496750
-77.951331 0.653647 -77.950119 0.655034
-83.312667 14.161052 -83.309447 14.161960
-77.947253 0.556120 -77.945725 0.557454
-77.868559 0.504638 -77.867515 0.505095
-85.484168 10.738473 -85.483452 10.740059
-84.676055 10.666280 -84.675690 10.666639
-75.242880 20.580219 -75.241699 20.581288
-79.367125 22.007589 -79.366176 22.008538
-88.037896 15.470458 -88.035417 15.472681
-80.523026 7.771233 -80.522436 7.771922
-78.233093 0.237008 -78.232231 0.237691
-78.086551 0.588851 -78.085803 0.589620
-83.049641 12.180841 -83.048538 12.182338
-55.121212 5.840572 -55.120336 5.841387
-67.778219 10.084091 -67.776315 10.086085
-83.603803 10.170993 -83.602724 10.172468
-61.543315 10.711240 -61.542805 10.711723
-77.014495 18.015729 -77.009624 18.019565
-89.180056 14.316462 -89.176323 14.317428
-77.731764 0.592034 -77.730908 0.592855
-78.266756 0.218699 -78.265378 0.219812
-55.263205 5.828334 -55.262727 5.828938
-88.245744 14.920609 -88.244091 14.922620
-73.950827 8.988360 -73.950181 8.988867
-84.639411 10.822578 -84.638811 10.823156
-88.899819 13.722817 -88.898870 13.723619
-71.271894 18.253428 -71.271353 18.254125
-55.096109 5.616699 -55.095547 5.617344
-68.315472 9.906330 -68.314764 9.908502
-83.462209 10.102397 -83.461452 10.102780
-55.023994 5.848425 -55.023219 5.848714
-55.096033 5.621214 -55.095297 5.621622
-77.859186 20.807413 -77.858566 20.807940
-71.269841 18.236989 -71.269078 18.237525
-69.754769 19.152036 -69.754031 19.152673
-84.615969 10.828350 -84.615107 10.829222
-77.946602 0.655700 -77.945727 0.656594
-83.608600 10.239283 -83.607827 10.240046
-77.992916 0.597859 -77.992352 0.598492
-84.788082 10.611209 -84.787701 10.611622
-88.314550 21.011167 -88.313922 21.012034
-71.106665 18.064143 -71.105905 18.064861
-84.785326 10.892423 -84.784882 10.892919
-65.286158 18.309799 -65.285471 18.310488
-72.940330 5.719617 -72.938656 5.721317
-71.293267 17.856525 -71.292396 17.857514
-76.327325 20.737367 -76.326327 20.738150
-80.157112 22.372055 -80.154698 22.373117
-88.877310 13.617538 -88.876344 13.618748
-76.825725 20.538002 -76.824714 20.538649
-69.838920 19.039651 -69.838104 19.040205
-69.013837 10.160378 -69.012405 10.162116
-85.694681 10.949162 -85.694080 10.949694
-55.195836 5.591486 -55.195267 5.592040
-71.237815 17.895204 -71.236766 17.896273
-83.387390 14.038603 -83.382529 14.042796
-88.777497 13.644087 -88.775840 13.646141
-63.066060 18.099218 -63.065207 18.099726
-80.578671 22.276480 -80.578031 22.277706
