-1.555101 12.396981 -1.552741 12.399471
-17.042749 20.936216 -17.041205 20.938023
-14.428501 16.484050 -14.425593 16.487084
-14.644934 16.511520 -14.643763 16.512855
-16.745193 14.141781 -16.744565 14.142441
-10.115904 8.553559 -10.115028 8.555122
-16.825439 14.916421 -16.823378 14.919117
-13.269335 8.490418 -13.266868 8.492794
-4.021171 5.367716 -4.013567 5.378685
-15.860263 15.044818 -15.860042 15.045089
-16.260745 12.564165 -16.259011 12.565861
-17.176868 14.640262 -17.176154 14.640928
-3.009899 16.776880 -3.008719 16.777712
-4.048533 5.434855 -4.047098 5.436041
-13.963703 16.158523 -13.962516 16.160692
-16.509699 16.008236 -16.508408 16.017363
-3.956058 5.294111 -3.954406 5.296187
-16.771377 14.047574 -16.770707 14.048410
-10.616343 6.444489 -10.615813 6.445009
-10.766938 6.358403 -10.764886 6.359846
-16.458242 14.120830 -16.457448 14.121448
-16.771862 14.047525 -16.771189 14.048237
-0.227335 5.566000 -0.222246 5.571078
-17.238409 14.694462 -17.237018 14.695634
-14.506736 16.499090 -14.505797 16.499966
-16.763489 14.015885 -16.762509 14.016684
-10.603679 6.434907 -10.602980 6.435502
-10.332778 6.299660 -10.331436 6.301440
-17.458613 14.673407 -17.453531 14.676727
-15.965743 18.102015 -15.963192 18.104201
-3.974147 5.257078 -3.972049 5.261936
-14.502369 16.502043 -14.500761 16.503561
-16.763687 14.011193 -16.762556 14.012164
-8.729378 7.034580 -8.725780 7.039043
-8.020294 12.638213 -8.015801 12.642984
-3.455344 6.683602 -3.453348 6.685510
-10.690454 6.273481 -10.689490 6.274701
-16.083978 14.158705 -16.081464 14.160923
-16.820608 14.945614 -16.819788 14.946328
-10.672872 6.329206 -10.672302 6.329804
-13.488993 16.074017 -13.487592 16.075484
-14.651410 16.514859 -14.650273 16.515633
-22.905816 16.191696 -22.905018 16.192544
-16.260481 13.991217 -16.259272 13.992544
-13.735276 13.385836 -13.733672 13.387000
-16.662440 13.406853 -16.661531 13.407443
-16.344355 13.870850 -16.343714 13.871407
-1.455876 12.357110 -1.450287 12.364068
-17.145777 14.734804 -17.145290 14.735547
-23.677180 15.108159 -23.675634 15.109727
-16.695067 13.427564 -16.694654 13.428098
-15.761732 14.108639 -15.760655 14.109574
-4.112227 5.343323 -4.105899 5.350768
-17.234538 14.691102 -17.233279 14.692068
-22.912913 16.601337 -22.912278 16.601886
-16.217332 14.659384 -16.214052 14.663066
-12.045494 11.044882 -12.045264 11.045194
-8.067106 12.743923 -8.063848 12.745289
-24.500887 14.891477 -24.500418 14.891785
-16.763838 13.979264 -16.763475 13.979549
-17.426118 14.698796 -17.423199 14.701337
-0.610744 5.358109 -0.609622 5.360731
-13.215496 8.485395 -13.213980 8.486740
-10.605904 6.221223 -10.605336 6.221698
-1.484534 12.363336 -1.481227 12.366589
-8.026694 12.593512 -8.025050 12.594923
-11.338197 14.422274 -11.337930 14.422569
-1.524941 12.396453 -1.520929 12.401442
-13.192554 8.469438 -13.191529 8.470479
-0.265010 5.652943 -0.263625 5.655065
-16.662711 13.407354 -16.662070 13.407991
-22.727710 16.138335 -22.726968 16.139029
-0.626571 5.340827 -0.625819 5.341367
-15.622369 13.884642 -15.621201 13.885793
-10.726982 6.422107 -10.726028 6.422980
-10.600325 6.231134 -10.598829 6.232327
-11.444366 14.433518 -11.442343 14.435704
-22.918136 16.032504 -22.917712 16.032971
-22.890703 16.124677 -22.889491 16.125790
-17.095149 14.519174 -17.094495 14.519933
-16.697162 14.423316 -16.695863 14.424196
-14.114235 13.485513 -14.113359 13.487151
-17.139509 14.742767 -17.137929 14.743410
-10.772158 6.421742 -10.771607 6.422187
-10.599533 6.231159 -10.599174 6.231536
-16.488432 16.031363 -16.486581 16.034281
-15.691482 16.204433 -15.690287 16.205936
-24.287109 16.607989 -24.285771 16.610059
-15.903469 13.762755 -15.902416 13.763873
-11.448211 14.434035 -11.442561 14.438564
-23.515584 14.918112 -23.513451 14.920242
-1.297773 12.589507 -1.296625 12.591069
-16.488618 16.029804 -16.487701 16.031670
-13.171533 8.446103 -13.169997 8.447727
-10.743469 6.375475 -10.742906 6.376142
-15.854161 14.873960 -15.844964 14.880225
-6.831215 13.068010 -6.829219 13.070806
-13.056562 20.514206 -13.056146 20.514969
-16.587367 13.461727 -16.584654 13.463128
-15.109845 15.393903 -15.107468 15.396159
-17.225572 14.698512 -17.224580 14.699411
-13.211325 8.483870 -13.208567 8.486295
-17.095128 14.529550 -17.094312 14.530316
-16.589693 13.462304 -16.587071 13.463259
-17.108173 14.779267 -17.107169 14.779900
-13.230059 8.478328 -13.228075 8.479751
-17.181742 14.741167 -17.180929 14.741829
-10.717842 6.368054 -10.717199 6.368704
-13.135275 8.382663 -13.134155 8.383710
-17.475452 14.726210 -17.472278 14.730612
-15.478318 15.357623 -15.476419 15.359634
-3.954710 5.324046 -3.953571 5.325326
-17.332016 14.731791 -17.330917 14.733005
-10.751452 6.383827 -10.750373 6.385065
-3.759979 5.474136 -3.757369 5.475760
-8.078152 12.739914 -8.076528 12.743237
-16.263570 12.580093 -16.261231 12.582083
-10.717588 6.367842 -10.717361 6.368038
-15.594674 16.079482 -15.594050 16.080311
-16.795017 14.236894 -16.793425 14.238489
-6.265098 13.440116 -6.260593 13.443950
-17.025484 20.995216 -17.024137 20.997186
-4.109214 5.311164 -4.108391 5.312037
-1.561162 12.341878 -1.554523 12.347838
-17.158465 14.620142 -17.157732 14.620821
-1.301585 12.609419 -1.300444 12.610266
-10.381322 6.245653 -10.380882 6.246404
-13.254721 8.480465 -13.253719 8.482058
-16.630946 14.249709 -16.630019 14.250560
-17.381585 14.761599 -17.380084 14.762690
-17.153073 14.822151 -17.152503 14.822707
-24.990705 16.872005 -24.988634 16.875226
-13.215234 8.481010 -13.212537 8.483833
-1.533315 12.279959 -1.529844 12.284629
-10.732581 6.371918 -10.732179 6.372546
-10.672839 6.256348 -10.672272 6.257079
-1.517128 12.335922 -1.514684 12.339108
-15.952300 14.274696 -15.950156 14.276772
-8.717116 15.234092 -8.716285 15.235057
-16.447957 15.369081 -16.446874 15.370537
-14.027245 16.345208 -14.024937 16.346597
-17.465165 14.756465 -17.465033 14.756796
-17.040524 20.849891 -17.040048 20.850860
-14.191101 13.241763 -14.189996 13.242894
-17.493431 14.721404 -17.492134 14.722276
-14.139355 16.451433 -14.138231 16.452761
-14.797900 16.633464 -14.796415 16.634799
-17.367512 14.765029 -17.366151 14.766159
-14.054390 16.380286 -14.052824 16.382175
-0.157779 5.677278 -0.155308 5.680793
-17.059525 14.769768 -17.058194 14.771078
-12.038738 8.894941 -12.036245 8.896910
-1.523592 12.362187 -1.521481 12.364224
-3.006446 16.780750 -3.003861 16.784222
-15.121966 15.398795 -15.120595 15.399959
-14.201745 16.507598 -14.200582 16.508783
-17.357000 14.773601 -17.356325 14.774673
-16.827061 14.155243 -16.824912 14.157249
-14.056842 16.378479 -14.055153 16.380256
-17.271120 14.725407 -17.269250 14.727739
-17.312304 14.750481 -17.311834 14.751511
-10.733785 6.265531 -10.732517 6.266646
-17.060511 14.769540 -17.060125 14.769828
-16.837551 14.159221 -16.836449 14.160260
-14.060033 16.380597 -14.058038 16.382603
-17.360061 14.769540 -17.358737 14.770700
-5.017444 6.550961 -5.015703 6.552384
-10.700928 6.275175 -10.699605 6.277097
-10.683716 6.257480 -10.683164 6.257869
-4.070636 5.321472 -4.068568 5.324927
-17.076916 14.480880 -17.075829 14.481899
-13.976900 16.327442 -13.974117 16.329517
-17.356733 14.750666 -17.355507 14.752240
-4.003268 5.322409 -4.001970 5.324060
-10.741808 6.342468 -10.741226 6.343366
-17.123198 14.560960 -17.122237 14.561938
-16.162972 15.101380 -16.161064 15.102795
-16.835169 14.156738 -16.834045 14.157961
-17.257902 14.705166 -17.255821 14.706335
-14.098985 16.256977 -14.096599 16.259930
-25.094391 17.198189 -25.093648 17.199283
-24.470816 14.935561 -24.469265 14.936245
-16.529243 13.481037 -16.528651 13.481627
-10.078081 5.921899 -10.077534 5.922521
-10.363965 6.249839 -10.362882 6.250885
-1.570729 12.313198 -1.568411 12.316584
-13.264128 8.451823 -13.261976 8.453710
-16.960174 14.408342 -16.957697 14.410822
-16.013394 14.725289 -16.012400 14.726524
-0.190349 5.553707 -0.189841 5.554378
-13.263120 8.473377 -13.261681 8.475104
-10.807765 6.310378 -10.804757 6.312876
-0.427786 12.240178 -0.425760 12.240902
-16.218636 15.630618 -16.216313 15.632645
-14.914379 16.631501 -14.913253 16.632373
-12.367397 20.459120 -12.364201 20.461160
-16.641857 13.373989 -16.640956 13.375847
-16.815711 14.958768 -16.815207 14.959307
-13.213385 8.449310 -13.212576 8.450386
-11.427658 14.457228 -11.423839 14.460272
-0.081451 5.594364 -0.080746 5.595058
-17.225492 14.689224 -17.224659 14.690836
-23.526735 15.126913 -23.525422 15.128148
-13.465606 15.867181 -13.463542 15.868824
-13.067211 20.515731 -13.064631 20.518504
-25.013573 17.146866 -25.013490 17.146946
-16.574164 13.183491 -16.573912 13.183768
-7.940166 12.657863 -7.935984 12.664373
-1.592611 12.398581 -1.590543 12.401269
-15.055431 15.462915 -15.054772 15.463768
-13.257592 15.651555 -13.256526 15.652268
-25.098878 17.161388 -25.098159 17.162227
-10.718544 6.303568 -10.717895 6.304445
-14.864871 15.279176 -14.863114 15.280559
-13.257727 15.657239 -13.256795 15.658161
-15.515628 16.538996 -15.514680 16.540060
-3.008773 16.766875 -3.007979 16.768241
-3.955731 5.290320 -3.953563 5.294284
-16.033842 14.158524 -16.032487 14.159774
-0.229629 5.563470 -0.225198 5.568295
-16.809758 14.951760 -16.808159 14.953061
-3.974736 5.342831 -3.972982 5.345379
-0.351522 12.190758 -0.350503 12.191552
-13.256841 15.668261 -13.255474 15.669905
-15.919344 15.952627 -15.918524 15.953353
-16.028661 14.354962 -16.027574 14.355973
-1.405346 6.847130 -1.402476 6.848743
-10.385215 6.143647 -10.383813 6.145199
-15.578981 11.864232 -15.576755 11.866157
-25.170479 17.163305 -25.169702 17.164292
-13.203786 15.514693 -13.202875 15.515538
-13.320623 15.603233 -13.318055 15.605923
-25.063050 17.179611 -25.061994 17.180585
-16.076079 14.489456 -16.074667 14.490716
-16.815612 14.944489 -16.815180 14.945083
-10.785101 6.420566 -10.783008 6.422276
-14.959652 16.659432 -14.957417 16.661390
-13.339937 15.648331 -13.338032 15.649945
-16.472690 16.032467 -16.471777 16.033544
-3.243312 10.959000 -3.241542 10.960390
-4.036092 5.343212 -4.034589 5.344505
-4.043393 5.308944 -4.041395 5.310340
-16.061791 14.498340 -16.059829 14.500192
-16.019094 12.056399 -16.018630 12.056923
-16.158800 14.184518 -16.157459 14.185797
-15.493255 15.344741 -15.491383 15.346563
-10.727789 6.365863 -10.727295 6.366354
-24.927796 16.894524 -24.927209 16.895059
-16.811967 14.943971 -16.809818 14.945650
-15.900338 16.013529 -15.899663 16.014115
-10.723819 6.340569 -10.722978 6.341379
-1.548534 12.321605 -1.545746 12.324082
-15.042141 16.626137 -15.040140 16.627074
-13.894301 16.196655 -13.893296 16.197625
-1.566127 12.397975 -1.565140 12.399467
-17.138357 14.746376 -17.137481 14.746933
-15.973047 18.030723 -15.965621 18.038691
-24.125744 16.611813 -24.125400 16.612121
-5.429200 6.383238 -5.427883 6.384427
-3.239243 10.976811 -3.236957 10.977417
-17.468855 14.760433 -17.467324 14.761476
-16.236642 12.806285 -16.235380 12.808003
-16.127319 14.822468 -16.126486 14.823354
-15.506285 16.518489 -15.503024 16.521647
-16.414337 14.321207 -16.413041 14.322668
-16.819011 14.221931 -16.818463 14.222277
-16.238484 12.803544 -16.236234 12.806233
-10.784913 6.385145 -10.784079 6.385992
-0.191476 5.553116 -0.187502 5.557601
-17.460713 14.757160 -17.453950 14.758861
-14.010381 16.201590 -14.009235 16.202995
-16.407223 14.322288 -16.406455 14.323208
-16.815476 14.224375 -16.814397 14.225184
-17.331936 14.750139 -17.330919 14.750906
-25.082385 17.017794 -25.080800 17.019210
-3.003933 16.770080 -3.002842 16.770946
-15.940256 14.276153 -15.938871 14.277559
-16.690292 13.466321 -16.689402 13.467025
-15.557208 12.707205 -15.556671 12.707716
-13.250236 8.481354 -13.247320 8.484175
-16.228213 15.615280 -16.226561 15.617143
-13.880560 16.164114 -13.879444 16.165195
-3.002787 16.772185 -3.001240 16.773319
-10.669547 6.229134 -10.668506 6.230060
-13.945296 16.104999 -13.943567 16.107070
-13.897143 16.187924 -13.895540 16.189829
-3.001328 16.777683 -3.000071 16.778849
-16.404061 14.334665 -16.402148 14.336575
-0.354336 12.187790 -0.352695 12.190165
-16.752648 14.280352 -16.751831 14.281258
-8.523223 10.639804 -8.519210 10.645098
-10.685809 6.365835 -10.685423 6.366540
-13.181935 8.465392 -13.180326 8.466782
-1.469999 12.400845 -1.468250 12.402488
-13.249312 8.486937 -13.246816 8.490320
-0.424376 5.532161 -0.423800 5.533142
-7.990200 12.641811 -7.986265 12.644805
-14.054118 16.214525 -14.052414 16.216453
-22.902086 16.759958 -22.901005 16.761081
-13.758623 16.249104 -13.757484 16.250305
-13.949897 16.109800 -13.948387 16.111046
-15.912815 16.175717 -15.912266 16.176662
-16.936842 14.799267 -16.935693 14.799839
-6.549321 5.392161 -6.545406 5.393851
-16.653789 14.190759 -16.652007 14.192393
-13.158220 8.436588 -13.156699 8.438114
-13.761954 16.249158 -13.760506 16.250452
-15.912019 16.178110 -15.911101 16.179331
-10.105414 9.156140 -10.104605 9.156900
-17.461488 14.756628 -17.453449 14.759569
-15.599165 11.899364 -15.593135 11.905277
-17.401428 14.754847 -17.398526 14.756911
-16.073928 14.145009 -16.072579 14.145762
-16.061387 14.162009 -16.059537 14.163842
-13.783729 16.146134 -13.782305 16.147592
-10.364124 6.260981 -10.362556 6.261567
-17.184863 14.798428 -17.183630 14.799472
-10.723678 6.341776 -10.722501 6.343574
-16.074839 14.144982 -16.074094 14.145719
-10.727370 6.367055 -10.726501 6.367855
-17.478208 14.759334 -17.477033 14.760725
-15.878267 13.586985 -15.877787 13.587269
-16.672893 13.430812 -16.672389 13.431198
-14.500459 16.516802 -14.499171 16.518233
-7.960736 12.696920 -7.960168 12.697630
-10.660256 6.315969 -10.658843 6.316716
-10.551059 6.405296 -10.550764 6.405599
-10.647162 6.454643 -10.646691 6.454888
-8.249798 12.370008 -8.247647 12.371782
-8.040723 12.669545 -8.040540 12.669736
-13.286003 8.491379 -13.285026 8.492360
-0.518718 11.498293 -0.516717 11.499512
-7.857431 12.327891 -7.857310 12.328022
-10.686540 6.319444 -10.685655 6.320182
-7.818835 12.524930 -7.817603 12.526263
-7.859775 12.325791 -7.859580 12.326043
-10.764880 6.411229 -10.764641 6.411496
-8.936892 7.865311 -8.935273 7.867603
-8.031242 12.630005 -8.029656 12.631599
-10.648513 6.455115 -10.648134 6.455426
-7.857289 12.326232 -7.857117 12.326366
-7.801464 12.593974 -7.800654 12.594996
-1.526996 12.370053 -1.526709 12.370568
-24.305412 16.652475 -24.303999 16.653173
-8.890289 7.849786 -8.889524 7.850453
-7.780015 12.521546 -7.776249 12.523091
-7.840701 12.550482 -7.838809 12.551661
-8.157120 6.089584 -8.155145 6.090473
-10.939182 8.643114 -10.938954 8.643825
-7.997761 12.545887 -7.997305 12.546142
-1.076049 13.086961 -1.074804 13.088779
-13.207488 8.612821 -13.206099 8.614189
-7.958981 12.545914 -7.958460 12.546291
-7.855796 12.328834 -7.855568 12.329070
-1.076859 11.658699 -1.074852 11.660501
-7.866098 12.315053 -7.865876 12.315134
-7.888285 12.366094 -7.888194 12.366319
-7.772470 12.570258 -7.771958 12.570660
-10.020463 6.022724 -10.020236 6.022957
-8.918670 7.876003 -8.917532 7.876937
-7.840215 12.338266 -7.839935 12.338520
-10.489006 6.352205 -10.488644 6.352691
-7.957108 12.535103 -7.956470 12.535608
-7.856870 12.328013 -7.856704 12.328154
-8.070258 12.568037 -8.069798 12.568289
-8.885869 7.882075 -8.884922 7.883067
-7.857173 12.327241 -7.857069 12.327343
-7.996794 12.620547 -7.996241 12.621136
-23.161400 15.184541 -23.161094 15.184821
-7.892158 5.207355 -7.891528 5.207770
-24.330147 16.587266 -24.329281 16.588182
-12.924154 9.110051 -12.923430 9.110840
-3.139710 5.793265 -3.136032 5.795679
-8.021008 12.575447 -8.020674 12.575767
-7.986037 12.806636 -7.985423 12.807133
-10.548428 6.406327 -10.548021 6.406600
-7.837244 12.415950 -7.832548 12.419332
-7.855686 12.325380 -7.855571 12.325566
-10.023157 6.034575 -10.022731 6.035028
-8.000887 12.566826 -7.999905 12.567205
-8.006389 12.641251 -8.004822 12.642864
-7.858090 12.324922 -7.857793 12.325139
-23.207708 15.134002 -23.207045 15.134651
-7.844220 12.396275 -7.843443 12.396791
-7.857274 12.325026 -7.857119 12.325298
-8.244405 12.781455 -8.244096 12.781688
-1.527921 12.363596 -1.526869 12.364552
-7.842221 12.809107 -7.841765 12.809869
-7.859579 12.326232 -7.859427 12.326409
-7.946362 12.576880 -7.945854 12.578152
-8.244267 12.782828 -8.243774 12.783176
-7.857374 12.327002 -7.857267 12.327102
-7.917409 12.579408 -7.915526 12.580324
