-135.325216 57.054085 -135.322748 57.056033
-173.254143 64.417281 -173.250130 64.418752
-135.881496 63.614278 -135.879461 63.615395
-135.333737 57.057072 -135.331350 57.058096
-135.332213 57.056046 -135.330674 57.057137
-135.084520 59.783843 -135.083251 59.784547
-135.339741 57.051334 -135.336243 57.053347
-135.126747 60.987319 -135.125437 60.988159
-136.570286 62.815129 -136.567476 62.816464
-160.497427 55.336682 -160.497341 55.336719
-136.485874 60.787500 -136.483686 60.788944
-135.338435 57.051043 -135.337788 57.051335
-138.997233 61.355078 -138.996077 61.355652
-137.534274 60.754225 -137.532371 60.754920
-166.524390 53.871658 -166.520433 53.873182
-150.105291 62.321654 -150.101418 62.322781
-135.319716 57.054368 -135.317398 57.055313
-173.250382 64.417352 -173.248580 64.417816
-173.211404 64.435521 -173.208701 64.436702
-135.070101 60.728003 -135.069079 60.728598
-166.536241 53.875652 -166.535985 53.875803
-151.656050 59.680057 -151.653383 59.681517
-135.014968 60.711070 -135.007738 60.713437
-149.878978 61.213703 -149.873193 61.216488
-135.063945 60.718621 -135.061072 60.719692
-139.426526 64.058594 -139.425613 64.059044
-162.557143 66.887608 -162.554429 66.888509
-160.501138 55.336518 -160.500725 55.336837
-160.497659 55.341977 -160.496157 55.343069
-135.340133 57.051357 -135.339231 57.052069
-139.422645 64.067676 -139.421925 64.068028
