-52.835963 68.712943 -52.829590 68.714001
-53.458102 68.308121 -53.456539 68.308778
-53.659480 70.792028 -53.658484 70.792195
-53.443670 68.311802 -53.443284 68.312327
-53.209835 71.538526 -53.208248 71.539035
-51.888428 71.050055 -51.887538 71.050362
-51.118535 69.207488 -51.116589 69.208163
-56.149935 72.780196 -56.144867 72.781063
-69.179940 77.463026 -69.177880 77.463343
-57.217403 74.580209 -57.216312 74.580497
-52.329951 68.744639 -52.328903 68.745094
-53.550956 71.239287 -53.549305 71.239781
-55.528725 72.156686 -55.527635 72.157267
-52.320691 68.745241 -52.319586 68.745496
