38.752635 9.056686 38.756250 9.062272
44.219881 15.317248 44.220997 15.320103
32.580189 15.598250 32.582641 15.601169
44.082434 16.360966 44.083298 16.361546
6.719017 0.344759 6.721270 0.346325
36.893456 11.236959 36.898291 11.241810
32.619513 0.289728 32.619719 0.289903
1.532884 6.215817 1.533888 6.216656
5.916828 14.106492 5.917708 14.107530
7.110123 13.343185 7.110289 13.343451
44.222852 15.302481 44.224817 15.307252
44.220482 15.315510 44.221008 15.316648
44.217387 15.357769 44.221182 15.361254
44.392902 14.549888 44.397644 14.553585
42.567454 10.751156 42.569558 10.753221
3.383147 6.488986 3.384606 6.490037
1.205094 6.190236 1.205505 6.190980
1.257622 6.164639 1.263156 6.167059
44.216152 15.347855 44.217290 15.349158
32.550488 15.519283 32.553525 15.526684
32.536601 15.680870 32.541479 15.684552
7.109071 13.345059 7.109484 13.345381
42.142660 9.306121 42.148048 9.309375
5.963186 14.063842 5.964407 14.064810
7.110873 13.345550 7.111131 13.345762
39.463654 14.271511 39.464779 14.272508
32.435262 15.537450 32.437226 15.540277
1.581774 6.227255 1.582396 6.227760
44.997862 12.874764 45.001079 12.877600
8.751011 3.721158 8.752964 3.723906
1.126831 7.523908 1.128196 7.524725
32.565331 0.327310 32.565798 0.327628
44.907160 12.750508 44.908076 12.752845
5.626436 6.354647 5.628371 6.356604
44.999015 12.788861 45.000257 12.790780
1.326016 6.169625 1.327327 6.170540
44.983725 12.864110 44.987076 12.866779
1.209194 6.226703 1.210878 6.227972
5.903925 14.138001 5.904043 14.138113
40.407875 21.268141 40.410257 21.269779
9.706307 4.047078 9.707891 4.048879
0.990530 5.913373 0.991328 5.913819
31.653111 9.537263 31.659432 9.542666
32.523302 15.647328 32.525888 15.649615
5.898017 14.136646 5.899260 14.137210
41.869960 9.590309 41.874826 9.594445
4.012494 13.776252 4.019734 13.783044
11.326994 3.502473 11.327860 3.503316
0.981875 5.892232 0.982761 5.893319
34.309809 0.165793 34.309868 0.165849
9.467752 0.376573 9.471463 0.379774
4.008338 13.760486 4.009548 13.761952
38.761818 8.969703 38.762985 8.970678
0.651274 6.970552 0.651571 6.970847
1.186799 9.518417 1.188251 9.519909
9.459830 0.373630 9.461724 0.375949
7.111952 13.343582 7.112194 13.343759
18.406093 9.112548 18.408890 9.115946
35.281480 0.529867 35.282743 0.530573
13.383536 9.296214 13.386625 9.298136
1.191476 9.561980 1.192215 9.563222
35.303229 0.517485 35.305969 0.521607
1.619743 6.238959 1.620178 6.239408
32.469028 15.602307 32.471469 15.604901
9.457658 0.375020 9.458949 0.376362
42.455433 10.665347 42.456354 10.667051
44.001585 13.572062 44.005909 13.576620
42.949768 14.783667 42.950654 14.784618
5.963897 14.075537 5.963941 14.075622
14.996811 12.128288 14.997367 12.128745
32.519759 15.622019 32.524279 15.626331
42.959174 14.796174 42.960489 14.797205
32.623482 0.287523 32.623647 0.287720
44.214186 15.367801 44.215644 15.370224
3.409982 6.449837 3.414113 6.453270
42.948991 14.785029 42.949841 14.785607
35.280866 0.525117 35.281826 0.526429
0.981599 5.877810 0.982872 5.878898
42.969240 14.796707 42.970546 14.797720
42.938738 14.806162 42.939836 14.807102
42.950885 14.793695 42.951583 14.794291
38.775861 9.010237 38.777102 9.011671
7.399759 13.167848 7.399907 13.168015
42.954377 14.786912 42.955795 14.787963
9.714490 4.062449 9.716388 4.064458
0.987992 5.889688 0.989133 5.890377
10.195198 11.682324 10.204392 11.688631
39.191370 21.484019 39.192582 21.485774
32.543949 15.518674 32.548802 15.525554
32.486186 15.665768 32.492108 15.671036
39.189734 21.491258 39.191080 21.492724
1.268836 6.158184 1.269199 6.158664
5.948696 14.073623 5.949308 14.074191
7.417312 1.633790 7.418141 1.634788
42.846564 11.492763 42.848206 11.493456
1.293506 6.163899 1.294059 6.164390
5.947341 14.079017 5.949413 14.081120
6.653190 0.132735 6.653879 0.133424
5.966279 14.071834 5.968815 14.074454
1.607305 6.232860 1.609610 6.235171
7.453751 10.533978 7.455426 10.535148
32.461413 15.622479 32.468197 15.627270
32.460215 0.053952 32.460786 0.054722
30.286855 20.560726 30.287867 20.561927
15.031088 12.210731 15.051626 12.229845
34.176954 1.084442 34.177071 1.084559
1.380066 10.306146 1.380439 10.306626
30.286463 20.561087 30.286785 20.561368
44.206218 15.344395 44.208564 15.348619
38.917603 15.333220 38.922114 15.335036
39.041440 12.030170 39.043449 12.032765
32.535308 15.579146 32.541750 15.584282
11.519194 3.857300 11.520068 3.858170
32.532532 0.120381 32.532794 0.120793
39.040528 12.030413 39.040927 12.030998
7.456058 10.535538 7.456887 10.536419
7.108873 13.343566 7.109045 13.343765
42.946610 14.792928 42.949117 14.794998
39.827489 21.435488 39.830707 21.438478
11.529457 3.874764 11.529821 3.875140
13.385647 9.307414 13.386287 9.307758
42.964152 14.783465 42.965702 14.784820
11.524240 3.873850 11.524363 3.873980
1.148716 6.097639 1.149623 6.098635
11.534956 3.832130 11.535210 3.832439
11.545296 3.862373 11.545730 3.862771
0.499709 6.600910 0.501394 6.602076
8.564447 11.991544 8.565399 11.992901
42.955480 14.815494 42.956784 14.817012
11.528753 3.813471 11.528897 3.813611
32.520732 15.627707 32.521878 15.628960
43.137312 11.562096 43.145133 11.573698
42.972190 14.815753 42.973895 14.817152
27.976718 7.695620 27.979291 7.697630
6.683287 0.301635 6.684682 0.303319
33.202523 0.431262 33.203000 0.431850
2.127857 13.512730 2.134151 13.515901
42.954056 14.821950 42.955957 14.823551
1.405839 18.430719 1.407741 18.433677
1.584661 6.231258 1.586129 6.232237
1.202818 6.180670 1.203160 6.181113
32.535919 15.595989 32.538943 15.597823
4.012072 13.766859 4.012312 13.767037
1.190087 9.536312 1.191555 9.537714
14.996355 12.126232 14.998953 12.128622
36.992946 11.195379 36.996658 11.199416
36.420892 15.432858 36.422880 15.434461
32.534532 0.119422 32.535405 0.120795
40.418304 21.224747 40.420530 21.227307
0.744917 14.008062 0.745344 14.008550
36.412009 15.443318 36.417746 15.448802
32.559381 0.314246 32.559720 0.314532
44.219280 15.343651 44.222139 15.347257
33.264942 0.474153 33.265003 0.474220
40.382620 21.289384 40.386386 21.293513
42.102694 11.513169 42.104261 11.515623
11.568918 3.904665 11.569862 3.905438
3.757937 6.844863 3.759310 6.846114
43.136542 11.558933 43.138999 11.562103
38.829248 9.018300 38.830794 9.021136
38.946343 15.343945 38.949875 15.346904
39.113061 22.304441 39.114063 22.305609
7.419592 10.505623 7.423454 10.511273
32.553879 15.609381 32.557229 15.610753
6.704372 0.353317 6.705948 0.354838
32.508092 15.562402 32.512912 15.566673
34.173889 1.068663 34.175233 1.070100
32.516326 15.635115 32.517366 15.635834
11.506446 3.843159 11.508658 3.845130
1.203267 6.115716 1.203932 6.116653
44.218006 15.343232 44.221309 15.346786
44.222024 15.372704 44.224604 15.375283
32.600073 15.572806 32.601475 15.573681
6.691222 0.362793 6.691833 0.363451
32.577902 15.578396 32.580516 15.579801
18.391847 9.148057 18.392232 9.148398
32.599018 15.573562 32.599804 15.574141
2.070959 13.538697 2.080081 13.546855
3.455558 11.890017 3.458747 11.894393
0.988441 5.892709 0.989010 5.893093
8.794342 3.751156 8.798436 3.756680
39.176707 21.512937 39.178965 21.514544
36.373469 15.446827 36.376531 15.450182
11.526438 3.916638 11.528518 3.917719
1.923723 6.398297 1.924217 6.398787
0.625834 6.909452 0.627454 6.911276
7.395912 13.166355 7.396152 13.166714
7.398740 13.167858 7.399012 13.168344
5.957507 14.069241 5.957952 14.069733
7.398509 13.166840 7.398910 13.167148
32.975885 14.257134 32.982906 14.260922
2.101585 6.358889 2.101996 6.359295
7.398128 13.167995 7.398289 13.168151
41.887082 3.949987 41.888914 3.951221
44.097391 9.575042 44.103273 9.579070
7.399147 13.168668 7.399355 13.168831
2.099166 13.500230 2.099288 13.500322
0.650563 6.966375 0.652229 6.968383
38.734706 15.253262 38.736440 15.254549
38.737825 15.242442 38.738795 15.243766
41.889465 3.950058 41.890875 3.951425
38.968606 15.353478 38.971574 15.357250
1.876787 6.406612 1.878917 6.409096
32.986766 14.259399 32.988815 14.262529
7.401041 13.167175 7.401184 13.167310
7.399501 13.166662 7.399614 13.166777
38.967328 15.349691 38.967994 15.350394
32.994923 14.246392 32.997576 14.248646
14.453931 10.111026 14.459929 10.116745
7.398058 13.168699 7.398284 13.168920
7.399813 13.166610 7.399940 13.166709
1.181496 6.118082 1.182295 6.118936
2.442263 6.360419 2.444565 6.362820
1.199502 6.177955 1.200046 6.178595
39.432037 21.405469 39.432550 21.406404
7.400821 13.167435 7.400949 13.167567
31.569022 4.832812 31.570843 4.835388
2.077927 13.507038 2.078424 13.507347
22.439176 13.451999 22.440624 13.453876
