78.267373 12.942726 78.269719 12.946322
80.265396 13.051950 80.267670 13.053387
80.233207 13.065491 80.234504 13.067434
79.904461 7.041955 79.905791 7.042972
80.275749 13.039876 80.278631 13.042295
45.014771 10.438249 45.016102 10.439454
78.472277 17.461453 78.473941 17.463760
76.733393 9.910254 76.733632 9.910703
45.003745 10.430332 45.004479 10.431034
80.188772 7.336413 80.189271 7.337062
79.858256 7.197032 79.859082 7.197787
78.458004 17.458389 78.458889 17.459259
78.477127 17.349925 78.479022 17.353609
81.228423 8.582663 81.229298 8.583688
79.892712 7.083757 79.893393 7.084454
80.276132 13.078558 80.277441 13.078946
45.013958 10.438167 45.014631 10.438761
76.238085 9.964091 76.238514 9.964387
80.275389 13.078570 80.276141 13.078972
77.611237 12.925423 77.612528 12.926073
79.040021 21.117804 79.041260 21.119380
80.257013 13.091151 80.258758 13.092149
79.886022 6.931379 79.887459 6.932492
80.213699 6.029055 80.213774 6.029148
77.605747 13.012938 77.606593 13.013755
70.972294 20.711582 70.972922 20.712110
80.221134 13.077728 80.223416 13.078962
58.848855 20.602262 58.852341 20.605458
76.096799 13.017352 76.098596 13.018486
78.114462 11.227913 78.114930 11.228623
80.255748 13.090553 80.256639 13.091406
78.498280 17.408593 78.500383 17.410303
73.384893 19.585714 73.385969 19.587081
77.302606 8.204164 77.304011 8.205355
76.002732 11.811476 76.003440 11.811670
79.846652 7.262721 79.847471 7.263925
44.997862 12.874764 45.001079 12.877600
80.020707 6.834749 80.021789 6.836007
81.679225 7.734133 81.680987 7.735937
73.384763 19.585029 73.385549 19.585545
77.812844 14.168688 77.814657 14.169600
79.867232 6.895286 79.869308 6.898760
80.409380 8.308400 80.413893 8.313172
77.752874 12.973263 77.753926 12.974483
79.881152 6.999239 79.881493 6.999950
73.931559 15.349457 73.931931 15.350025
80.115250 6.520631 80.115723 6.521119
80.215329 13.111015 80.217275 13.111764
45.037191 12.772000 45.041729 12.774691
80.184933 6.048110 80.187187 6.050494
79.991723 6.837135 79.992964 6.837987
76.609937 9.743333 76.610304 9.743658
44.999015 12.788861 45.000257 12.790780
72.833288 19.084695 72.833935 19.085500
78.509773 17.413784 78.511334 17.415489
83.303200 17.712654 83.304176 17.713502
80.642869 7.292866 80.643384 7.293096
80.255495 13.054968 80.256079 13.055769
80.851645 7.291703 80.852367 7.292831
80.053500 6.755028 80.054034 6.755503
80.006143 7.089943 80.006931 7.090645
77.754165 12.975302 77.755018 12.976550
76.679286 11.409333 76.680680 11.410806
76.258003 9.955310 76.258672 9.955696
73.797131 15.457854 73.798251 15.458519
76.642428 9.384017 76.642980 9.384359
79.997902 6.436692 79.998747 6.437778
77.559755 12.995938 77.561175 12.997099
75.178839 12.167191 75.179365 12.167799
77.632095 13.023740 77.632653 13.024309
72.855817 19.038430 72.857585 19.040230
80.145017 17.234943 80.146121 17.235471
81.235147 8.572127 81.236133 8.574074
80.310163 15.787897 80.312236 15.789332
76.824243 9.805644 76.824485 9.805880
80.350916 7.479346 80.353559 7.481691
47.434845 6.752808 47.435507 6.753465
77.593705 13.052138 77.596767 13.054415
76.003997 11.801389 76.004573 11.801868
79.970191 6.925109 79.971127 6.925757
80.272430 7.581316 80.273160 7.582135
47.434558 6.754157 47.435132 6.754837
83.319408 17.742860 83.319969 17.743598
76.693657 11.401659 76.694884 11.402392
72.850715 19.000483 72.852639 19.004939
78.495148 17.461704 78.496543 17.463454
79.908087 6.886241 79.908618 6.887487
80.274376 13.052474 80.275184 13.053313
78.558811 17.382199 78.561017 17.384205
72.823885 21.204279 72.824134 21.204871
47.435212 6.753116 47.435824 6.753780
72.840293 18.973851 72.844176 18.975985
79.880506 6.778972 79.881036 6.779398
78.461928 17.366968 78.463659 17.368109
81.230303 8.570147 81.231298 8.571168
80.180618 9.810496 80.182256 9.811842
80.264893 12.985138 80.266246 12.986499
80.263335 12.997084 80.264903 12.998939
75.025774 14.157745 75.027974 14.159727
80.309616 15.784124 80.312258 15.785627
81.015097 7.941327 81.016338 7.943133
80.110592 12.930738 80.112163 12.932255
81.720736 7.692818 81.721423 7.693311
78.498429 17.367547 78.500524 17.369273
81.795057 7.367305 81.795615 7.367966
80.273240 13.077997 80.275013 13.079051
73.507325 4.172622 73.507827 4.173077
83.315916 17.741143 83.316599 17.742050
76.686284 12.293420 76.687269 12.294086
80.479494 8.760287 80.479848 8.761788
78.498047 17.361715 78.501097 17.364409
75.997561 11.787638 75.998121 11.788021
80.040818 6.289091 80.041071 6.289423
75.169662 12.163962 75.170938 12.165436
80.248483 7.573105 80.249020 7.573616
47.434515 6.752280 47.435236 6.753114
87.302454 22.338154 87.304041 22.340097
73.923896 15.360985 73.924115 15.361298
73.507485 4.169677 73.508749 4.171038
78.444370 17.424108 78.448155 17.426836
80.260442 12.965528 80.261056 12.966033
74.834374 12.889666 74.835151 12.890398
78.043629 13.405301 78.045196 13.406517
80.262982 12.970629 80.263755 12.971179
80.193686 13.013649 80.195066 13.014934
76.703875 11.411768 76.704385 11.411995
76.632177 10.754000 76.633513 10.755945
73.840721 18.509451 73.842495 18.510440
76.736862 9.681338 76.737024 9.681471
72.820448 18.992276 72.822115 18.993650
81.790817 7.372409 81.792571 7.373021
77.552356 12.959664 77.553458 12.960370
76.328673 9.496990 76.329065 9.497657
80.281229 13.108881 80.282692 13.109738
72.877631 19.061242 72.878433 19.061889
75.339280 19.884289 75.339902 19.885099
77.807563 11.319702 77.807925 11.320110
76.652914 12.323732 76.657488 12.329803
80.294945 13.129751 80.296026 13.130621
77.552119 12.959748 77.559049 12.963353
76.985249 10.999009 76.985748 10.999312
75.559523 13.940926 75.560672 13.941856
77.700210 13.023478 77.701101 13.024330
77.661549 13.011115 77.662144 13.012239
80.236993 13.122174 80.238862 13.123195
72.821044 18.989788 72.822947 18.992738
54.690317 17.001695 54.691914 17.003300
76.953173 8.493555 76.953849 8.494461
80.196165 13.012613 80.198639 13.014152
72.841716 19.149418 72.842194 19.149719
88.347250 22.497407 88.350458 22.498879
79.850151 7.091268 79.850521 7.091848
79.844119 7.229028 79.844919 7.229998
76.701948 11.414967 76.702619 11.415731
77.550493 12.960273 77.551838 12.960866
79.844590 7.227635 79.845897 7.229560
72.843929 19.040472 72.844834 19.042184
54.691175 17.002405 54.692708 17.004319
81.691391 7.727770 81.693958 7.729466
76.931215 13.308444 76.932190 13.309991
77.565604 12.985836 77.566968 12.986877
75.252582 13.685967 75.252979 13.686222
79.838634 7.366671 79.839396 7.367818
78.680793 10.808122 78.681228 10.808800
78.406496 17.392284 78.410469 17.396071
72.839393 19.060304 72.840010 19.061326
78.502077 17.416530 78.505530 17.419201
80.261954 13.029508 80.263847 13.031504
76.932116 13.308287 76.933009 13.309916
45.023697 12.789390 45.025671 12.790821
79.970900 6.889005 79.972284 6.890246
78.570070 17.403414 78.571589 17.404136
77.631372 12.991378 77.633922 12.993662
73.856204 18.551209 73.857295 18.552533
77.594206 13.003602 77.597980 13.006553
75.361008 12.039006 75.363019 12.041538
77.134521 16.761967 77.136222 16.763698
75.166870 12.189858 75.167739 12.190774
79.890348 6.896288 79.891013 6.896991
77.551038 12.960575 77.551991 12.961485
59.316611 22.016204 59.319181 22.019008
80.311453 15.789861 80.312231 15.790790
75.360509 12.040809 75.362000 12.042034
77.599193 12.950847 77.605656 12.957655
80.258045 12.975312 80.258539 12.975918
80.221346 12.989082 80.222676 12.990370
79.944980 6.907418 79.946504 6.908390
73.503878 4.175774 73.504463 4.176371
72.846586 18.976263 72.848468 18.978477
80.223157 6.038007 80.224707 6.038665
79.924529 6.981742 79.925049 6.982399
80.288321 13.104865 80.289052 13.105749
81.706677 7.735460 81.709187 7.737600
77.530800 13.067080 77.531855 13.068037
79.865123 6.844555 79.866244 6.845375
80.059280 9.661960 80.060075 9.662719
80.259325 12.967648 80.259663 12.967918
75.359833 12.041793 75.360849 12.042049
76.006203 11.803921 76.006961 11.804632
80.104150 13.049376 80.105772 13.050680
79.910162 6.695016 79.911260 6.696107
78.468067 17.371639 78.468757 17.372127
80.422250 8.136935 80.423737 8.137784
77.563064 13.019621 77.564160 13.021381
80.220771 13.094305 80.222290 13.095618
76.336484 9.474870 76.337546 9.476286
75.344547 19.883341 75.346943 19.884319
77.128036 16.745885 77.129384 16.746989
78.149584 11.109441 78.150121 11.110454
79.957321 6.600929 79.958105 6.601891
76.729086 9.605888 76.729579 9.606269
80.227210 13.080920 80.229158 13.082165
81.795195 7.347533 81.797636 7.350436
80.258220 13.106889 80.260594 13.108306
78.499373 17.478266 78.500188 17.478860
77.588680 12.932551 77.589595 12.933545
77.016030 8.356397 77.016408 8.356712
80.272126 13.062727 80.273659 13.063494
76.634434 9.757072 76.634902 9.757255
80.266218 16.912322 80.267129 16.913500
80.013368 6.866157 80.014475 6.867506
78.447551 17.420982 78.448839 17.422346
77.554030 8.087188 77.554849 8.087942
80.143988 12.917512 80.145845 12.918568
77.532961 13.064896 77.534796 13.066024
77.532961 13.063772 77.534796 13.065746
78.510297 17.434192 78.512206 17.435446
79.865009 7.183105 79.865434 7.183660
49.137217 14.527103 49.138548 14.529021
81.675395 7.737780 81.677216 7.739485
78.486672 17.425249 78.489011 17.426437
76.573988 9.555172 76.574913 9.555428
80.282656 13.111800 80.284409 13.114345
80.294189 13.128590 80.295794 13.129827
77.536823 13.020967 77.538078 13.023360
78.513743 17.390995 78.515269 17.391789
79.840173 7.118236 79.840500 7.118470
79.831939 7.142625 79.832298 7.143203
77.636634 12.968651 77.637475 12.969182
78.508869 17.465574 78.510652 17.467047
70.909302 20.701332 70.909836 20.701484
81.672731 7.743532 81.673824 7.744537
80.503360 8.748978 80.504229 8.749859
76.673917 11.407732 76.675191 11.408919
80.273803 13.105791 80.278378 13.109653
83.307134 17.720416 83.309117 17.722107
80.023518 7.036548 80.024262 7.037541
80.134436 12.924393 80.135155 12.925189
75.771043 13.310175 75.772375 13.311792
79.919523 6.841295 79.920977 6.842329
80.133533 13.029474 80.133669 13.029606
81.805381 7.366310 81.806234 7.367343
80.228716 13.030321 80.230019 13.032027
77.549773 12.956127 77.552072 12.957223
80.048543 6.238919 80.049519 6.240210
80.286159 13.093128 80.286868 13.093684
79.979042 6.500419 79.979525 6.500915
80.293906 13.127478 80.295503 13.128782
81.807663 7.355624 81.808176 7.356316
80.503830 8.433406 80.504740 8.435020
80.253070 13.089846 80.253591 13.091086
78.493990 17.421090 78.494696 17.421621
78.497264 17.418808 78.497949 17.419279
73.912627 15.444558 73.912883 15.444823
80.251139 13.090257 80.251946 13.091081
80.293623 13.126319 80.295082 13.127428
70.899271 20.700550 70.899821 20.701811
80.023963 7.036322 80.024913 7.037206
78.492360 17.416267 78.493232 17.417077
78.499066 17.418481 78.499732 17.418999
80.248247 13.089791 80.251019 13.091075
79.883147 6.773264 79.883796 6.773990
79.887492 6.784951 79.888732 6.786117
78.497298 17.417925 78.497482 17.418481
75.332239 19.890149 75.332868 19.891073
80.157252 13.017492 80.157976 13.018186
77.590537 13.018537 77.592373 13.020584
80.054620 7.153497 80.056032 7.154209
76.693195 11.407993 76.693885 11.408816
80.891173 17.671909 80.891792 17.672336
78.497264 17.418506 78.497463 17.418743
80.000874 7.061185 80.001265 7.061683
80.128111 17.248775 80.129889 17.250004
72.889963 19.088401 72.890730 19.089355
75.927189 14.457904 75.928352 14.459813
72.808427 19.136274 72.810586 19.137614
73.817362 15.399176 73.817923 15.399610
79.869347 6.984989 79.869921 6.985671
80.164184 6.296120 80.164956 6.296818
81.005912 7.910407 81.006872 7.911435
80.275918 13.046689 80.277563 13.050594
80.293829 13.127219 80.295202 13.127695
79.933884 6.673191 79.934770 6.673974
80.227549 13.083150 80.230448 13.086031
79.867315 6.895196 79.868455 6.895909
80.889443 6.931369 80.889978 6.931773
80.314865 13.418529 80.315517 13.419008
77.626793 12.934379 77.627662 12.935170
77.618831 13.009026 77.619973 13.009856
77.648323 12.968066 77.649680 12.968585
78.442481 17.403647 78.443491 17.404686
79.997898 6.885037 79.999118 6.886261
81.010745 7.921127 81.011680 7.922301
77.590828 12.951195 77.594168 12.953719
72.792497 18.948475 72.792918 18.949206
79.978827 6.819370 79.979975 6.819743
79.910324 6.861369 79.911352 6.862418
78.441397 17.402654 78.442656 17.404328
79.748457 11.757452 79.748868 11.757932
80.271468 13.021121 80.273285 13.022509
85.816993 19.792674 85.817523 19.793379
76.968764 11.024021 76.969579 11.024606
80.285311 13.107587 80.286614 13.109225
79.877515 6.906502 79.882485 6.910796
77.630550 12.978260 77.633669 12.982149
77.630940 12.989786 77.637497 12.993236
73.614172 16.118662 73.614362 16.118842
80.273901 13.076326 80.276108 13.078217
78.485767 17.403294 78.487995 17.404895
76.907519 8.486127 76.908315 8.486907
78.461966 17.407911 78.463234 17.408572
76.893589 8.502570 76.894284 8.503203
