69.173459 41.259638 69.176967 41.260184
69.183074 41.257505 69.184040 41.257889
69.171232 41.256668 69.171792 41.257573
69.177087 41.255302 69.178456 41.255902
69.180567 41.258024 69.182794 41.259082
69.169270 41.256668 69.169976 41.257594
69.178596 41.256609 69.179306 41.257440
69.184147 41.255723 69.184686 41.256193
69.179924 41.257579 69.180567 41.258183
69.180291 41.253852 69.180919 41.254596
69.180420 41.257308 69.184488 41.257579
69.178468 41.259193 69.180028 41.259563
69.182189 41.255888 69.182881 41.256645
69.175349 41.253782 69.176870 41.254451
69.184068 41.256313 69.184542 41.257285
69.179548 41.258160 69.180233 41.258683
69.181645 41.255823 69.182367 41.256637
69.184457 41.256350 69.185187 41.256867
69.176846 41.257400 69.180429 41.257636
69.175800 41.257636 69.176850 41.258128
69.176965 41.256602 69.177706 41.257475
69.172120 41.254684 69.173279 41.255490
69.177616 41.254265 69.178003 41.255006
69.176859 41.258120 69.178468 41.259320
69.173994 41.255950 69.175543 41.256550
69.175292 41.255965 69.176287 41.256601
69.172977 41.254644 69.173783 41.256077
69.178403 41.254357 69.179018 41.254961
69.166630 41.256397 69.167886 41.257471
69.175492 41.254047 69.175732 41.254226
69.182573 41.257920 69.183627 41.259147
69.168740 41.256667 69.169380 41.257602
69.178147 41.256607 69.178716 41.257449
69.172667 41.253335 69.174463 41.254622
69.183718 41.255250 69.184369 41.256177
70.566317 25.674290 70.566954 25.674964
69.173440 41.258246 69.174155 41.259157
69.164372 41.256462 69.166285 41.257467
69.183097 41.257872 69.183716 41.258316
69.170243 41.256032 69.171756 41.256739
69.176625 41.254907 69.177624 41.255721
69.180188 41.254872 69.180773 41.255381
69.180247 41.254484 69.180826 41.254916
69.176737 41.257618 69.178260 41.258158
69.173998 41.256054 69.175612 41.256601
69.175492 41.254047 69.175732 41.254226
69.178413 41.254869 69.179093 41.255372
69.387370 41.387182 69.393091 41.390326
69.161147 41.254309 69.162415 41.254691
69.182671 41.256645 69.183522 41.257352
69.177055 41.254342 69.177816 41.254907
69.185052 41.256520 69.187527 41.259157
69.180118 41.255273 69.180708 41.255776
69.181379 41.254241 69.181979 41.255027
69.167767 41.257263 69.168752 41.257774
69.168465 41.255505 69.169694 41.256385
69.185010 41.257068 69.186082 41.258041
69.182080 41.256637 69.182784 41.257365
69.177255 41.254712 69.178203 41.255587
69.163157 41.255689 69.165356 41.257049
69.173078 41.256203 69.174064 41.257551
69.171069 41.254311 69.171839 41.255232
69.174723 41.257672 69.176295 41.258179
69.179744 41.258639 69.180390 41.259193
69.169199 41.254008 69.170523 41.254554
69.179498 41.254319 69.180291 41.254872
69.184344 41.257135 69.185258 41.257860
69.165500 41.253866 69.167439 41.254655
69.175790 41.254695 69.176625 41.255293
69.180773 41.254048 69.181525 41.254975
69.165228 41.254416 69.166035 41.255221
69.170219 41.253398 69.171069 41.254348
69.167167 41.350537 69.170618 41.352867
69.168176 41.256389 69.168741 41.257098
69.172372 41.256728 69.173126 41.257559
69.178716 41.255746 69.179464 41.256611
69.183002 41.255156 69.183592 41.255616
69.184067 41.254704 69.186249 41.255576
69.206327 41.287293 69.207013 41.287824
69.171019 41.253384 69.171813 41.254328
69.176431 41.254510 69.177255 41.255095
69.173417 41.257728 69.174545 41.258262
69.170731 41.255886 69.172635 41.256381
69.174523 41.255484 69.175916 41.256343
69.163002 41.254884 69.164518 41.255812
69.182881 41.255586 69.183516 41.256315
69.179361 41.253508 69.180359 41.254087
77.034594 43.344811 77.037037 43.346886
69.174044 41.258225 69.174716 41.258660
69.165643 41.255140 69.167775 41.256745
69.183849 41.258291 69.185066 41.258910
69.174129 41.256596 69.174905 41.257534
69.180958 41.256623 69.181645 41.257389
69.172121 41.255470 69.173375 41.256103
69.162210 41.255344 69.163800 41.255969
69.168742 41.257477 69.176850 41.257769
69.180084 41.258172 69.180813 41.259131
69.180527 41.255659 69.181230 41.256623
69.175085 41.253301 69.176808 41.253999
69.184643 41.256643 69.185387 41.257135
69.180028 41.259390 69.180957 41.259684
69.175572 41.254295 69.176431 41.254892
69.166251 41.256956 69.167242 41.257677
69.173497 41.255245 69.174163 41.256087
69.173463 41.254176 69.174474 41.255274
69.163846 41.254008 69.165688 41.254773
69.170216 41.254328 69.171117 41.255279
69.185662 41.256765 69.186607 41.257892
69.167886 41.256829 69.168742 41.257602
69.180813 41.258614 69.183044 41.259562
69.171732 41.256095 69.173087 41.256738
69.175916 41.255677 69.177093 41.256602
69.182367 41.255532 69.183002 41.256172
69.185423 41.255441 69.186849 41.256739
69.178491 41.259447 69.180126 41.259844
69.179552 41.255170 69.180188 41.255751
69.182784 41.256172 69.183561 41.256654
69.175192 41.254965 69.175998 41.255484
69.179018 41.254791 69.179583 41.255285
77.036255 43.345067 77.038259 43.348112
69.166689 41.257068 69.168192 41.257779
69.182723 41.257532 69.183130 41.257762
69.169242 41.255837 69.170341 41.256670
69.179174 41.256611 69.179990 41.257427
69.176568 41.253230 69.179382 41.253574
69.182415 41.255088 69.183076 41.255586
69.184686 41.255337 69.185727 41.255916
69.173464 41.258842 69.174822 41.259663
69.164378 41.255269 69.165849 41.256850
69.182413 41.257538 69.182884 41.258028
69.173126 41.256575 69.174211 41.257551
69.171813 41.254311 69.172770 41.255195
69.174269 41.259338 69.176740 41.259985
69.165709 41.255833 69.166510 41.256850
69.183279 41.258190 69.183965 41.258997
69.171756 41.256733 69.172396 41.257566
69.171764 41.253368 69.172692 41.254335
69.174107 41.258344 69.174909 41.258985
69.165849 41.256386 69.167031 41.257166
69.183965 41.258491 69.185216 41.259231
69.180429 41.256620 69.181036 41.257400
69.177062 41.256184 69.178302 41.256607
49.616318 37.281986 49.617222 37.283863
69.175385 41.258104 69.177463 41.259388
69.176138 41.256591 69.177062 41.257492
69.172977 41.254429 69.173564 41.254934
69.177931 41.254064 69.178529 41.255349
69.183431 41.256537 69.184324 41.257336
69.177088 41.253360 69.178342 41.254342
69.174369 41.258479 69.175300 41.258925
69.166538 41.255166 69.168465 41.256146
69.181524 41.256630 69.182189 41.257377
59.608666 42.489436 59.615845 42.499631
69.161441 41.254548 69.163399 41.255351
69.176181 41.259263 69.177236 41.259686
69.178260 41.258134 69.179947 41.259276
69.181036 41.255677 69.181787 41.256630
69.169306 41.254348 69.170236 41.255298
69.184868 41.256844 69.185662 41.257314
60.377781 41.382108 60.379722 41.383376
69.174545 41.258179 69.176149 41.259067
69.179947 41.259082 69.180892 41.259447
69.180660 41.254916 69.181379 41.255695
69.179551 41.254791 69.180247 41.255273
65.366698 40.129340 65.373414 40.134192
69.174429 41.258751 69.175754 41.259385
69.166345 41.254330 69.167587 41.255262
69.183716 41.257860 69.184918 41.258575
69.174853 41.256601 69.175612 41.257519
69.172760 41.253883 69.175375 41.254759
69.179306 41.255442 69.180118 41.256614
69.176690 41.253362 69.177616 41.254510
69.232397 41.270848 69.235564 41.273247
69.174268 41.255065 69.175420 41.255740
69.178947 41.254319 69.179551 41.254869
77.135446 43.394681 77.136181 43.395163
69.165798 41.254473 69.166815 41.255187
69.175998 41.255095 69.176969 41.255908
69.163835 41.254570 69.165788 41.255642
69.179990 41.255695 69.180660 41.256620
69.184699 41.257588 69.185652 41.258291
69.179458 41.253964 69.180316 41.254484
69.183356 41.256262 69.184151 41.256740
75.866593 30.916544 75.869963 30.917843
49.787173 40.349192 49.793023 40.357705
74.564177 42.880006 74.566584 42.883089
45.477392 41.927217 45.480670 41.929222
69.228508 41.346486 69.231080 41.348092
69.278130 41.353867 69.283121 41.356853
88.374833 22.547792 88.378299 22.549943
59.674167 36.403787 59.676465 36.405050
46.700403 24.634894 46.701630 24.635565
51.676225 29.622578 51.679393 29.625171
64.779175 39.500754 64.781588 39.501885
69.262301 41.442632 69.263581 41.443706
69.374829 41.468373 69.376054 41.469384
69.159684 41.213284 69.161762 41.214920
69.630495 41.572615 69.631465 41.573268
69.015165 41.140356 69.018200 41.142405
69.018913 41.197293 69.019762 41.198445
69.039778 41.146577 69.040606 41.147182
76.986370 29.705554 76.987678 29.708291
59.410071 33.306689 59.412118 33.307930
69.151838 40.226967 69.155025 40.229668
52.375754 44.159273 52.377274 44.160207
55.331781 30.840681 55.333081 30.842234
49.676136 40.567865 49.680537 40.570637
59.805605 41.563480 59.816749 41.572773
73.171162 34.547789 73.171533 34.548090
72.706136 40.514876 72.710049 40.515649
66.903528 39.885922 66.906057 39.888156
48.287789 39.164663 48.288832 39.166065
48.609284 39.090854 48.612348 39.093797
49.936126 40.493333 49.938515 40.495053
69.219088 41.306052 69.221192 41.308132
45.940853 41.631020 45.943419 41.632446
45.604350 41.866649 45.607241 41.868384
69.242231 41.367824 69.244169 41.369735
51.440867 35.600345 51.445970 35.604647
49.776734 40.525524 49.779897 40.526589
74.539669 42.846638 74.540286 42.847681
74.121785 42.921529 74.123339 42.924627
69.479359 41.430509 69.480223 41.431227
69.332032 41.431356 69.334832 41.432695
73.573949 42.797147 73.575464 42.798290
68.769863 40.943791 68.774728 40.946976
69.170721 41.052958 69.172442 41.054261
69.032585 41.224101 69.033756 41.224919
69.726978 41.617613 69.729132 41.619582
69.522930 41.406049 69.525544 41.407708
69.925642 43.727955 69.929567 43.730639
52.355187 36.475898 52.355572 36.476282
51.467645 35.675001 51.469040 35.675746
69.047813 40.836736 69.050207 40.837970
73.956536 43.815992 73.958688 43.817253
69.174832 40.992656 69.176831 40.993564
45.100980 40.913890 45.102521 40.914800
74.761191 42.682940 74.762775 42.684064
76.967989 43.347531 76.971595 43.351588
45.013347 41.701989 45.015579 41.703967
69.200126 41.321808 69.206042 41.324853
49.593379 25.376718 49.597102 25.379524
45.517862 41.600367 45.520070 41.601782
45.541266 41.573328 45.544087 41.575075
45.180424 42.082195 45.183860 42.084861
45.556078 41.686229 45.558501 41.688884
70.360438 34.427259 70.361041 34.427743
69.009479 41.025887 69.011175 41.027693
49.713630 40.409207 49.715864 40.413986
64.365460 39.752688 64.367334 39.754183
49.773872 40.530538 49.777055 40.534034
74.178216 32.149360 74.182311 32.152163
60.621719 41.579155 60.624333 41.581198
60.680702 41.577680 60.684230 41.580580
74.157755 42.835878 74.160933 42.838566
73.576830 42.797985 73.577571 42.798442
69.479842 41.412229 69.480008 41.412347
61.142394 36.517538 61.143761 36.520991
64.582017 39.714579 64.585235 39.717515
69.147850 41.032440 69.149185 41.033263
69.029694 41.234858 69.030203 41.235508
51.371778 35.520073 51.374381 35.522043
72.959827 41.889326 72.966070 41.891636
47.521881 40.676299 47.523281 40.677792
77.612142 34.098586 77.613843 34.099274
45.487243 39.514398 45.488738 39.515716
70.328849 25.496726 70.329767 25.497508
70.251864 25.402715 70.252428 25.403230
85.302782 27.706982 85.302873 27.707128
74.149404 32.304097 74.150640 32.305025
49.927837 40.475532 49.930470 40.477423
48.699644 38.896988 48.700865 38.898283
74.569970 42.930148 74.574761 42.933139
45.544259 41.902876 45.546826 41.905032
45.387567 41.743823 45.389258 41.744812
46.447632 41.404902 46.450228 41.406659
45.259943 41.996897 45.262897 41.998483
88.335486 22.534540 88.338305 22.536792
74.661616 42.741788 74.662632 42.742608
69.230840 41.268328 69.234863 41.271723
75.386865 42.756312 75.389309 42.757702
75.225874 42.751116 75.226829 42.752138
75.534914 42.818798 75.536791 42.820091
45.040984 39.824154 45.042207 39.825500
73.575998 42.798485 73.576830 42.799720
73.897402 42.838647 73.900695 42.841164
77.085150 43.595245 77.086172 43.596281
69.143807 41.139794 69.146826 41.140895
47.351525 42.269030 47.352459 42.269625
47.020974 39.844221 47.024238 39.846486
69.574574 41.317436 69.576724 41.318309
61.096119 41.309635 61.103930 41.315239
69.627384 40.859599 69.631234 40.861989
51.373962 35.521015 51.376040 35.522756
67.940418 40.094059 67.942390 40.095298
72.975045 41.859243 72.979527 41.863809
46.225577 39.369381 46.227395 39.370767
51.469026 35.675488 51.470346 35.677068
51.530385 35.502384 51.531608 35.503389
74.238663 42.697980 74.240052 42.699713
49.731879 40.427055 49.735846 40.429640
59.664232 36.182078 59.666834 36.184313
57.328736 37.458009 57.330975 37.460531
46.101261 41.472172 46.106415 41.474545
70.509243 34.449809 70.509646 34.450077
74.660747 42.742103 74.661495 42.742734
68.766132 40.856300 68.771861 40.858348
59.255845 35.320198 59.257714 35.321598
69.158241 34.521870 69.164789 34.526348
69.147093 41.030742 69.148689 41.031739
71.733124 40.440214 71.734737 40.442574
69.419695 41.233602 69.420811 41.234159
67.068011 24.840824 67.068961 24.841374
71.208269 42.987166 71.211436 42.989141
69.764326 41.614812 69.765724 41.615522
51.375698 35.521693 51.377958 35.523447
77.018130 28.620167 77.019519 28.620645
75.545069 30.635345 75.545787 30.635615
46.953801 40.325090 46.957677 40.326678
48.917167 39.916391 48.924706 39.922145
67.828073 40.160553 67.833583 40.165733
45.396676 39.222123 45.398908 39.223411
69.388830 40.575860 69.390473 40.576986
54.980681 37.010460 54.982942 37.011763
52.669263 36.593982 52.669735 36.594385
75.107459 42.723059 75.108775 42.724333
49.785593 40.355847 49.791912 40.370391
45.996179 41.577329 45.999073 41.579639
45.989014 41.543728 45.992030 41.544590
45.581781 41.570737 45.584868 41.572781
45.454982 41.920105 45.456250 41.920617
76.747167 43.228105 76.749142 43.228884
64.443314 39.753127 64.444299 39.753929
69.340100 41.390411 69.342320 41.392826
59.239081 35.250860 59.239887 35.251555
69.021820 41.112345 69.023217 41.113478
69.026748 41.087529 69.028584 41.088620
71.574042 42.798398 71.575648 42.799277
51.175190 43.660876 51.182518 43.666925
69.670444 41.292619 69.674362 41.293791
51.376553 35.520221 51.378785 35.522119
75.831553 30.911904 75.833162 30.912942
60.799184 34.752114 60.804355 34.755809
66.756409 39.869545 66.758549 39.871184
67.029809 24.948135 67.032947 24.950207
58.391456 33.661931 58.393577 33.663728
46.241778 38.081091 46.243208 38.081878
65.710129 31.621911 65.715691 31.630285
59.712929 36.247751 59.715681 36.249336
49.790272 40.469136 49.795638 40.472652
70.516230 25.493656 70.516845 25.494149
47.048402 40.756187 47.053494 40.759992
72.894709 40.642156 72.896500 40.643821
75.538801 30.631134 75.539111 30.631598
45.152012 40.875835 45.153894 40.877537
49.642464 37.215134 49.649051 37.220038
45.426243 39.170507 45.428395 39.171819
48.674102 39.053326 48.677272 39.055117
75.866719 30.906927 75.867802 30.907862
47.486150 42.960511 47.490764 42.964554
60.623567 35.221269 60.625967 35.223927
45.570061 42.013009 45.573062 42.014179
45.607604 42.054151 45.609701 42.055639
48.066900 31.455624 48.070159 31.459011
45.003444 41.636670 45.005139 41.639087
54.342450 36.158151 54.344467 36.159929
70.565867 34.266034 70.570641 34.267816
75.270441 42.824157 75.273391 42.826176
69.064983 41.385323 69.068361 41.387378
69.164866 41.457467 69.166570 41.460813
59.265954 35.326580 59.266659 35.327102
69.181859 41.423598 69.183559 41.424925
69.447980 41.220682 69.449754 41.222661
69.088816 41.125129 69.090182 41.127560
54.376284 31.894393 54.379924 31.897426
69.087278 41.205778 69.088601 41.208273
69.023407 41.087047 69.026604 41.089755
71.386774 42.758892 71.389612 42.761425
69.524162 41.325415 69.526963 41.328698
51.373873 35.519898 51.376972 35.521379
46.328511 38.102232 46.328748 38.102394
65.716151 31.623272 65.717954 31.624740
70.313564 25.596702 70.314975 25.597718
72.893952 40.639822 72.897232 40.641988
73.095864 31.399472 73.098417 31.401488
45.383202 39.187070 45.385560 39.188877
49.241198 39.424013 49.243446 39.425737
48.583474 39.120098 48.585059 39.121478
52.719463 30.934545 52.721498 30.936434
48.794112 38.788210 48.798333 38.790623
58.806310 35.270550 58.807347 35.271466
45.176542 42.027468 45.181155 42.029376
69.169096 41.273830 69.171401 41.275341
69.334072 41.330907 69.337614 41.331876
58.642361 34.362708 58.650675 34.368210
69.165049 41.247503 69.167119 41.248457
47.184836 42.318300 47.185394 42.318745
69.092988 41.148832 69.094855 41.150188
69.100072 41.316589 69.103596 41.318602
69.063922 41.384868 69.064945 41.385354
59.241121 35.256633 59.241800 35.257248
71.765869 40.416397 71.769405 40.419019
71.111276 42.995100 71.113188 42.996565
69.692361 41.418055 69.696877 41.419074
52.055102 35.341991 52.057344 35.343923
69.663453 40.387085 69.666002 40.389502
51.377892 35.522509 51.379954 35.524327
50.141881 37.191763 50.144751 37.193389
77.664641 44.273203 77.666594 44.274415
47.077295 38.698505 47.077939 38.699287
48.435245 34.905179 48.439189 34.906764
48.976409 35.110469 48.976635 35.110723
52.670900 36.570986 52.671683 36.571527
73.063238 31.387025 73.065348 31.388251
50.777839 30.363179 50.780240 30.364732
45.901926 41.654188 45.903755 41.656626
45.519243 41.715638 45.522346 41.717225
66.928866 39.643540 66.932719 39.646143
51.826984 32.630123 51.846210 32.653417
56.779008 30.718608 56.781052 30.719623
71.830444 40.357051 71.834510 40.360053
70.634665 30.044990 70.635867 30.046020
69.093830 41.151014 69.094879 41.151863
69.056113 41.132794 69.056837 41.133893
69.069455 41.386276 69.069849 41.386885
68.840917 40.954821 68.843787 40.956883
74.201192 42.844232 74.206056 42.846786
69.733591 41.613816 69.735483 41.615558
69.064959 41.222864 69.066583 41.223835
67.078520 24.852643 67.079352 24.853506
71.177568 43.029921 71.182384 43.031551
51.380408 35.521777 51.382404 35.523840
77.679936 44.275525 77.680608 44.276074
69.045135 40.967264 69.048719 40.970059
48.487964 39.200729 48.492607 39.203016
88.368390 22.640372 88.368840 22.641094
49.166292 41.010109 49.168404 41.011667
73.097343 31.402024 73.097904 31.402671
54.207263 31.738540 54.208756 31.739745
74.229966 42.718604 74.231555 42.719772
68.851472 42.974228 68.855672 42.976475
51.242583 35.550292 51.245506 35.552409
49.919452 40.515368 49.922269 40.517595
46.324395 41.673052 46.326310 41.674074
76.899411 43.277751 76.903274 43.283775
69.164067 34.479033 69.170444 34.481616
50.566278 26.225294 50.568344 26.226692
68.850348 27.703359 68.855905 27.709343
58.949363 35.297479 58.950088 35.297882
69.224776 41.264016 69.229410 41.267057
45.788301 41.638695 45.791367 41.640423
45.494802 42.031905 45.496307 42.033442
66.957064 39.665520 66.958175 39.666981
88.361810 22.545669 88.366059 22.549345
56.730740 30.742379 56.731826 30.743323
48.112770 34.765924 48.117112 34.767498
71.483810 30.202017 71.484840 30.203025
71.922902 30.286787 71.924464 30.288885
74.057043 42.820324 74.058323 42.820750
69.475717 41.458089 69.476467 41.458646
74.229813 42.843176 74.233600 42.847826
64.507737 39.752972 64.508941 39.754169
69.119519 41.186347 69.121923 41.187855
69.722588 41.609606 69.724151 41.610805
69.637670 41.519715 69.640652 41.522398
60.684968 27.229342 60.687468 27.232567
71.093005 43.057908 71.094217 43.059020
81.874377 25.490113 81.874864 25.490616
69.180233 43.769150 69.183247 43.771482
51.378614 35.521087 51.380897 35.522922
71.539466 32.686220 71.540548 32.686639
75.696027 42.186782 75.697569 42.189218
65.715551 31.624615 65.721782 31.631589
77.689584 44.277139 77.690091 44.277659
73.140172 34.535530 73.141606 34.536417
49.570440 37.259218 49.571660 37.260166
69.069263 40.860994 69.070738 40.862253
45.486235 39.561538 45.487635 39.562052
49.830559 40.544455 49.832670 40.545833
60.075113 26.351705 60.075591 26.352023
48.561752 39.455983 48.564869 39.458035
45.318948 40.863584 45.319702 40.864773
74.208565 42.740438 74.209958 42.741592
48.256780 39.157495 48.258823 39.158090
60.021630 37.145030 60.034473 37.154176
66.968298 39.642089 66.969746 39.643276
46.693202 43.856452 46.701658 43.862186
46.099333 41.527321 46.101805 41.528289
45.858308 41.547082 45.861917 41.549621
54.385293 31.925670 54.400055 31.936823
54.342792 36.159331 54.343935 36.160499
69.363015 41.297037 69.365952 41.298507
64.414832 39.763253 64.418436 39.766335
47.184820 42.315738 47.186000 42.316480
50.496629 26.115919 50.502895 26.128759
47.248276 42.993760 47.251752 42.996644
71.438019 30.216522 71.439307 30.217810
60.356433 41.375591 60.356793 41.376084
69.376600 41.371717 69.378443 41.373738
64.542950 39.749654 64.544371 39.750647
69.122732 41.063121 69.124615 41.064022
69.622951 41.479656 69.625071 41.480803
69.019353 41.105618 69.022570 41.106862
71.560182 42.604242 71.562035 42.605350
77.279806 28.554865 77.282791 28.556589
70.127101 41.622615 70.127890 41.623060
69.178870 43.770274 69.181155 43.772427
51.376071 35.517958 51.378137 35.519900
69.683929 41.129444 69.687353 41.131099
58.510154 33.853531 58.511393 33.854528
49.636922 37.191378 49.637102 37.191522
59.226684 34.699466 59.228676 34.700339
77.692424 44.282138 77.693191 44.282416
73.167679 34.555038 73.168108 34.555303
46.829733 40.584502 46.835205 40.588203
47.736955 40.368479 47.740307 40.371239
61.858392 37.604655 61.862659 37.608905
69.282606 41.489518 69.283725 41.490965
49.010735 34.359821 49.011162 34.360465
48.585473 39.452642 48.589839 39.455375
74.248551 42.695731 74.249594 42.697893
45.140688 40.322341 45.142070 40.324833
75.263001 32.240642 75.263924 32.241799
51.519191 25.290567 51.521054 25.291560
73.088430 31.438853 73.089386 31.439807
59.115852 37.461305 59.118994 37.463227
45.428862 42.072241 45.430485 42.074196
45.951688 41.624188 45.953653 41.625377
45.298667 41.974985 45.300013 41.976021
45.450402 41.723380 45.454889 41.726236
69.227816 41.302733 69.231374 41.306118
69.215354 41.363409 69.218137 41.365087
74.665303 42.728570 74.666285 42.729818
74.662743 42.691535 74.664084 42.693479
76.607201 43.192830 76.608977 43.196759
71.438363 30.220878 71.440101 30.223196
60.336054 41.362605 60.338585 41.363766
65.259910 38.924135 65.264119 38.927244
49.882224 40.492962 49.884582 40.495332
64.443948 39.741161 64.445678 39.742161
59.258880 35.270791 59.259607 35.271216
66.959352 39.670245 66.963935 39.672099
69.099248 41.112525 69.101332 41.113964
69.138459 41.059368 69.140346 41.060918
69.085399 41.259588 69.086491 41.260250
69.035860 41.146489 69.038151 41.147279
71.315328 42.986934 71.317694 42.988757
69.178291 43.769630 69.179900 43.770916
51.377754 35.519104 51.379673 35.520468
67.032139 24.974551 67.033585 24.975713
46.310077 38.090358 46.314284 38.093050
51.849657 31.996929 51.851760 31.998822
69.645736 40.892221 69.649989 40.894914
70.370320 25.560633 70.371340 25.561349
47.418852 40.536900 47.422106 40.539106
46.794212 40.600754 46.798910 40.603718
49.333361 40.871048 49.336157 40.873312
69.288383 41.491732 69.290053 41.492785
48.583642 39.504455 48.586205 39.506186
48.449830 39.326085 48.451651 39.327778
45.128418 40.280809 45.131648 40.284741
48.807923 38.867970 48.808704 38.869790
72.741805 41.025126 72.745902 41.028185
45.756449 41.761176 45.760948 41.763351
69.287709 41.100021 69.289930 41.101026
68.303187 40.048460 68.307830 40.052000
46.310251 38.042989 46.314445 38.045365
69.031715 41.114904 69.042089 41.120351
64.391221 39.778715 64.394783 39.780575
60.367125 41.398392 60.368943 41.400382
66.996832 30.165617 67.000266 30.168452
57.074932 23.986137 57.078708 23.989871
75.848103 30.883517 75.848814 30.883928
51.377898 35.517192 51.380284 35.519445
76.976200 43.193572 76.979167 43.195425
45.294964 39.657679 45.296239 39.658448
67.130315 39.813533 67.137309 39.817903
66.888240 36.759390 66.890617 36.760992
47.282002 42.421728 47.283590 42.422755
51.075421 43.773117 51.083991 43.782830
77.213297 28.539154 77.213451 28.539263
73.078485 31.375851 73.080317 31.377499
69.156064 40.950447 69.160176 40.954490
74.143349 32.308318 74.145253 32.309675
72.012226 40.636778 72.014519 40.638233
48.072733 39.710292 48.074552 39.711554
45.150672 40.325344 45.156589 40.332077
45.670393 38.848034 45.671479 38.849357
59.481183 22.548414 59.482486 22.549302
49.308152 31.945271 49.310673 31.946942
71.528332 34.006764 71.530846 34.008559
59.369550 35.791018 59.370757 35.791846
45.008862 41.934935 45.011039 41.936498
69.374299 41.348863 69.376457 41.350974
66.931387 39.691845 66.933580 39.694344
49.579625 25.364920 49.581932 25.368031
58.168748 34.512218 58.171007 34.514259
48.280032 42.048234 48.285151 42.052225
70.485638 34.232357 70.486593 34.232632
51.478501 25.190205 51.495173 25.202466
74.675329 42.891082 74.682237 42.898054
45.080056 41.667528 45.083742 41.669366
64.391053 39.780068 64.394218 39.781616
60.329849 41.389833 60.332428 41.391224
60.585521 41.541135 60.590766 41.544897
60.732261 41.694057 60.736274 41.695131
69.015910 41.062275 69.017939 41.063546
69.250251 41.070284 69.253928 41.072750
69.150968 41.011051 69.152400 41.012138
69.044979 41.072492 69.048539 41.074232
68.151890 40.076045 68.155264 40.078747
48.345041 30.303521 48.352305 30.309615
57.081269 23.972842 57.084360 23.975999
89.137732 23.891531 89.139374 23.893431
51.379627 35.519826 51.381516 35.521331
65.710443 31.624747 65.710768 31.625117
47.280635 42.421572 47.282899 42.422502
47.231154 42.557287 47.235301 42.558742
45.611652 39.656025 45.612732 39.656536
77.215403 28.540650 77.215973 28.541010
47.296125 40.514053 47.299197 40.515885
69.170296 40.953798 69.172131 40.954939
69.241300 40.691339 69.242992 40.692651
48.314360 39.124414 48.316753 39.125597
48.386102 39.532796 48.388578 39.534537
45.144037 40.244490 45.146411 40.246517
45.656667 38.852153 45.660109 38.852895
48.695935 39.040964 48.698571 39.041664
74.444789 42.882876 74.447550 42.886871
49.596496 25.375462 49.600992 25.379044
45.828233 41.694954 45.830607 41.697319
45.582021 41.914961 45.587078 41.918138
45.939224 41.569194 45.943444 41.570262
69.183773 41.083924 69.184720 41.085265
74.658456 42.941886 74.661076 42.944741
71.478682 30.201330 71.482136 30.203819
60.397447 41.387930 60.399660 41.388644
60.590273 41.555245 60.595846 41.559166
69.566009 41.398748 69.568558 41.399940
70.168497 41.516616 70.168943 41.517056
51.381216 35.520559 51.383262 35.521841
50.828571 34.010518 50.829795 34.011471
76.909569 43.175923 76.911765 43.180922
47.280366 42.421668 47.281125 42.422324
48.679637 31.285094 48.694332 31.291424
47.046217 40.695804 47.049360 40.697299
49.783190 40.438015 49.785188 40.440775
58.391708 37.950114 58.398027 37.955689
69.642531 40.276768 69.643911 40.277457
48.422480 39.331909 48.424326 39.333826
51.518783 35.804440 51.519078 35.804651
45.119956 40.295717 45.123893 40.298947
74.569111 42.881698 74.574047 42.884796
59.201049 36.446196 59.203603 36.447607
45.030461 41.426071 45.033459 41.427338
45.496811 41.902916 45.500013 41.904433
70.304968 34.407928 70.305633 34.408414
71.434754 30.204842 71.436653 30.206464
60.390658 41.388967 60.392232 41.389863
69.010521 41.075923 69.013579 41.078315
69.295954 41.389029 69.297561 41.389560
69.395614 41.237638 69.396624 41.238341
69.447037 41.288424 69.448529 41.289968
69.280017 41.128710 69.283218 41.130665
69.122720 41.166625 69.124379 41.167764
51.381940 35.519373 51.383914 35.520839
59.235841 32.892459 59.237051 32.893478
46.206661 38.038740 46.216714 38.045703
70.106196 41.042685 70.108053 41.044034
67.203006 39.507166 67.204966 39.508910
66.889469 36.760909 66.890384 36.761348
65.717556 31.624795 65.718144 31.625193
47.279395 42.421037 47.280658 42.422058
47.679967 38.407933 47.682241 38.409320
45.408231 39.201010 45.409074 39.201927
67.804606 40.166005 67.808997 40.169729
48.698978 39.056081 48.701122 39.057224
69.277161 40.331913 69.280989 40.336869
69.353228 41.348941 69.360543 41.352072
45.030724 41.967317 45.032110 41.968408
66.958273 39.662882 66.963656 39.666538
69.555977 41.425574 69.557237 41.426764
74.498805 42.817634 74.499094 42.818112
74.560797 42.760348 74.565262 42.765241
46.586078 43.820483 46.591961 43.825372
49.758676 40.445147 49.767856 40.451954
66.951839 39.614910 66.955177 39.616744
45.180241 40.371983 45.185504 40.376625
69.419863 41.252948 69.423239 41.254686
68.701044 40.915554 68.703368 40.916916
69.486755 41.322409 69.488320 41.323741
76.974711 28.614397 76.976203 28.615287
59.409746 33.306348 59.411123 33.307415
51.380220 35.518709 51.382144 35.520153
48.286172 42.045257 48.287087 42.046252
67.034814 24.899207 67.036171 24.900948
67.049906 24.994470 67.051462 24.996611
79.125872 43.220269 79.127574 43.221606
47.278073 42.421774 47.279798 42.422800
45.928691 40.940513 45.930919 40.941589
50.288009 44.496723 50.289540 44.498501
60.069963 26.352639 60.070620 26.353429
77.243096 28.515613 77.244261 28.516220
45.347123 40.594047 45.351102 40.596106
51.254665 35.539992 51.258045 35.542643
48.651733 39.130052 48.655590 39.131688
76.906438 43.180558 76.908848 43.183185
46.045553 41.550404 46.046841 41.552004
46.106482 41.446681 46.110284 41.451238
69.213125 41.341599 69.215394 41.343271
69.634318 41.459716 69.635129 41.460319
71.454824 30.190418 71.457955 30.193338
74.481799 42.854524 74.482500 42.855129
49.043422 30.584511 49.046793 30.587725
74.067319 42.811775 74.074162 42.816656
74.656356 42.885881 74.657905 42.886995
71.833040 32.359809 71.835236 32.362468
85.314126 27.724303 85.314841 27.724796
73.666005 42.836284 73.668535 42.838760
74.466553 42.927417 74.467626 42.927997
69.473031 41.182182 69.474767 41.184795
45.303658 43.191019 45.307628 43.194101
46.722103 24.619599 46.733728 24.626267
51.380907 35.517427 51.382826 35.518973
50.003653 26.551699 50.004371 26.552246
56.816321 31.249711 56.818574 31.251708
47.278634 42.420756 47.279278 42.421356
69.006136 40.819973 69.008235 40.822140
59.497517 36.411495 59.499288 36.413036
59.874632 35.695366 59.880837 35.700354
55.920554 28.297438 55.924778 28.299029
45.468443 39.111099 45.471297 39.113496
48.442887 39.202767 48.444115 39.203518
52.650978 30.876036 52.651637 30.876528
45.805071 41.725219 45.807814 41.726915
58.095280 37.917467 58.098147 37.919664
45.081683 41.760039 45.086216 41.761783
71.792469 33.498828 71.793792 33.499887
69.207794 41.391806 69.210576 41.393400
69.383851 41.396418 69.384643 41.397032
69.218696 41.033564 69.219499 41.033993
69.122923 41.199258 69.124708 41.199974
69.095455 41.130628 69.097414 41.131376
46.127754 39.158764 46.129307 39.161053
45.057385 40.301672 45.059596 40.303071
69.669504 41.496999 69.670614 41.497735
72.378928 40.754798 72.384667 40.758593
51.382446 35.518083 51.384710 35.519711
75.657871 30.553500 75.658242 30.553825
75.749182 42.206721 75.750984 42.208487
65.717754 31.623665 65.718685 31.624810
79.123702 43.195354 79.126099 43.197097
70.951143 40.520536 70.953777 40.523759
64.417756 39.729726 64.419163 39.730816
69.229389 40.964421 69.230741 40.965746
48.416036 39.183556 48.419025 39.185053
59.410091 36.323213 59.411269 36.324278
45.619542 41.671792 45.621343 41.673069
59.706795 36.442111 59.709456 36.443139
54.339126 36.152383 54.342557 36.155237
70.497306 34.467219 70.501524 34.470947
69.408283 41.188612 69.410485 41.190194
50.918882 35.626666 50.920330 35.627499
60.054172 42.119828 60.059040 42.122047
63.534795 42.159315 63.537729 42.161094
46.582676 43.232445 46.587235 43.236520
51.366272 35.522760 51.391549 35.545220
69.304744 41.075646 69.306952 41.076667
69.124986 41.248489 69.126759 41.249937
69.034125 41.275072 69.034634 41.275383
69.524104 41.454293 69.526000 41.456100
51.383159 35.516918 51.385412 35.518568
66.676361 39.706766 66.680130 39.708719
52.859022 36.492485 52.860954 36.494408
58.153537 23.672428 58.154682 23.673469
88.398831 28.475353 88.400035 28.476310
50.291729 44.494867 50.295493 44.496819
70.336599 25.462458 70.337920 25.463194
47.014505 40.775557 47.020192 40.778590
85.260653 27.682056 85.261026 27.682385
67.006632 24.869075 67.009266 24.871129
74.536719 42.800840 74.556494 42.813761
73.129009 31.401147 73.132470 31.403258
69.185318 41.263722 69.188225 41.265271
45.290082 42.155735 45.292741 42.157727
45.446221 42.073773 45.448888 42.076122
69.261436 41.205882 69.265676 41.208687
58.164098 34.001558 58.165958 34.003053
74.499494 42.817810 74.500009 42.818424
75.261497 42.789538 75.263471 42.790671
49.717171 40.523936 49.723297 40.527192
69.137118 41.222734 69.140278 41.225096
73.638434 42.841812 73.640843 42.843410
48.381227 40.563854 48.383043 40.565855
69.493133 41.398111 69.495207 41.399367
69.448938 41.333105 69.450444 41.334363
59.245173 35.237980 59.247360 35.239643
69.369370 41.042197 69.372519 41.044040
69.076196 41.081082 69.080493 41.084778
76.891996 43.278889 76.900099 43.289313
69.528011 41.565629 69.529387 41.566924
69.547854 41.355278 69.550720 41.357172
51.381624 35.516470 51.383548 35.517834
60.029364 41.962358 60.034525 41.966407
45.686358 40.172204 45.687583 40.173128
60.555230 41.336169 60.560325 41.343491
75.834219 30.882846 75.834906 30.883288
59.556346 36.362181 59.557848 36.363409
69.393789 41.355941 69.395260 41.357274
50.578681 26.221651 50.583727 26.226838
69.400664 41.211015 69.402005 41.212450
60.639316 42.005485 60.654358 42.013382
49.808599 40.422595 49.817557 40.428517
71.433513 30.163178 71.435552 30.164702
49.893247 40.386257 49.897442 40.389355
49.724883 40.517989 49.726768 40.519630
49.977778 40.410343 49.983046 40.417000
69.367894 41.013272 69.369030 41.013964
69.328188 41.083247 69.329638 41.084429
69.111878 41.214851 69.113804 41.216884
69.124304 40.997276 69.130422 40.999493
63.545166 38.985940 63.559212 38.993244
50.101163 26.442761 50.102741 26.443443
69.547462 41.570103 69.548435 41.571105
55.394912 25.357778 55.399168 25.360205
45.948088 37.812452 45.948236 37.812587
76.146745 42.449472 76.152531 42.453068
60.099824 41.912784 60.102652 41.914937
48.532300 40.080766 48.534766 40.082424
46.957477 40.713873 46.959968 40.715545
46.364317 41.687653 46.366778 41.689000
49.702375 36.052662 49.706447 36.055143
48.736741 39.082859 48.738885 39.084413
68.347864 25.376051 68.361025 25.384433
45.736217 41.677236 45.738396 41.679867
45.154724 41.792729 45.157482 41.793993
45.283964 41.986463 45.286359 41.988644
69.343351 41.224752 69.347238 41.228870
66.988895 39.639384 66.994383 39.643071
88.361926 22.544173 88.363390 22.545632
48.514155 39.126517 48.518940 39.130402
69.383340 41.651849 69.384445 41.652791
69.355168 41.267844 69.357608 41.269696
69.222428 41.251494 69.224097 41.253214
74.500094 42.817778 74.500420 42.818318
47.344535 42.269831 47.345811 42.271363
70.512922 31.136112 70.515497 31.137486
48.130552 40.340339 48.138734 40.345012
69.534600 41.447793 69.539071 41.450769
47.723735 40.629772 47.729483 40.633575
64.401474 39.762873 64.405090 39.765778
69.142605 34.517122 69.147379 34.522114
69.495703 41.236193 69.498358 41.239469
58.680366 36.043036 58.681899 36.044058
71.747370 40.444050 71.751821 40.448665
73.031616 33.621781 73.033226 33.622411
69.639475 41.478487 69.644804 41.481427
46.714889 24.635488 46.716054 24.638011
75.834364 42.236533 75.835662 42.237500
77.236059 28.661059 77.236880 28.661680
47.697387 40.213296 47.700804 40.217749
70.385454 25.429123 70.386727 25.430210
69.257469 40.792856 69.259433 40.794295
70.912104 31.843067 70.914633 31.845429
72.053617 34.196723 72.055667 34.199431
46.383552 41.430873 46.386385 41.433076
69.678144 41.130751 69.680454 41.133035
74.617132 30.927010 74.617387 30.927201
70.403661 34.324895 70.404948 34.326091
74.657507 42.755432 74.658662 42.757561
68.455306 42.826951 68.460222 42.830063
47.635785 42.863607 47.638510 42.866155
61.236598 28.228874 61.238255 28.230401
54.912308 36.379033 54.915660 36.381952
71.441882 30.215535 71.444457 30.217402
65.658035 38.804824 65.666612 38.809621
68.932664 41.012655 68.937375 41.015555
69.323315 41.040228 69.325463 41.042778
45.017541 44.302652 45.019541 44.305278
73.855302 42.775880 73.859490 42.779018
69.718907 41.566448 69.722422 41.568721
76.955267 43.360986 76.967814 43.370559
67.824288 40.141052 67.828544 40.144073
66.676853 39.708660 66.678484 39.709666
60.299725 41.897811 60.303284 41.900275
66.462144 38.828296 66.464487 38.830556
71.349236 39.943667 71.351118 39.945584
46.176177 35.530659 46.179394 35.533304
65.562801 44.773001 65.567414 44.777845
76.907612 28.372653 76.909066 28.373408
46.666911 43.279860 46.667633 43.280498
46.217736 35.279832 46.217818 35.279871
74.304963 31.542979 74.311871 31.552854
69.253665 40.809311 69.255836 40.810303
48.662452 39.088761 48.664110 39.090204
69.298497 40.477126 69.301700 40.479007
46.712133 24.632265 46.714765 24.635428
58.980804 35.231801 58.981463 35.232377
69.337393 41.249939 69.340348 41.251887
47.638129 42.860316 47.642226 42.863690
48.280245 42.059931 48.284343 42.064391
45.005793 41.564223 45.013391 41.575829
49.959415 40.433993 49.964300 40.436450
60.355029 41.379248 60.355644 41.379715
76.711430 43.174517 76.714885 43.175878
77.254930 38.415625 77.259382 38.418361
69.468149 41.247118 69.469141 41.248404
71.774053 40.367566 71.776552 40.370868
69.641898 41.536581 69.643549 41.539183
73.030578 33.620342 73.032569 33.621929
46.437603 39.504695 46.439047 39.506523
75.772257 42.189824 75.774262 42.191279
75.754143 42.218822 75.755367 42.219565
78.385822 42.504816 78.390610 42.508697
47.213548 40.222452 47.217207 40.226164
71.975564 34.616870 71.983894 34.619716
46.520488 43.304426 46.521958 43.306222
49.849325 40.528034 49.853966 40.530016
60.591492 41.460233 60.596728 41.463925
69.211809 41.275121 69.215178 41.277166
45.102701 42.077340 45.103778 42.078039
45.496889 41.713361 45.498790 41.717216
71.505510 33.991016 71.508162 33.992309
77.049246 43.585573 77.051016 43.586484
69.504855 41.341303 69.505902 41.342281
69.666173 41.553138 69.666996 41.554173
73.038996 33.607351 73.043490 33.611010
52.878970 36.450485 52.880826 36.452185
66.980246 30.196676 66.983761 30.200228
53.300807 29.915351 53.302673 29.918329
72.358563 40.741920 72.361638 40.743933
70.383692 25.428671 70.384955 25.429455
77.218257 28.526302 77.218938 28.527589
48.950294 40.044355 48.951899 40.044976
49.009914 39.729553 49.011829 39.736683
66.281583 38.600927 66.282570 38.601820
48.462119 36.667152 48.466897 36.669943
48.701122 38.924248 48.703424 38.925225
45.542741 41.649760 45.545122 41.651725
45.970223 41.568905 45.971429 41.570083
57.701597 37.904277 57.702855 37.905600
70.629042 34.442739 70.630501 34.444288
58.323856 37.943901 58.326848 37.944760
54.941168 36.410142 54.945178 36.412178
69.296637 41.207555 69.298115 41.208382
64.682348 40.092344 64.684127 40.093657
60.651726 41.514483 60.657897 41.515998
69.453780 41.382513 69.456057 41.385044
69.303376 41.032859 69.304676 41.033741
69.310421 41.010031 69.311876 41.010998
69.090170 41.276312 69.091344 41.277249
69.675607 41.300176 69.680265 41.301722
73.107066 31.408473 73.109038 31.410282
48.556594 39.121657 48.558299 39.123176
45.273438 41.643959 45.275163 41.645540
45.382256 42.084124 45.383506 42.085237
72.053642 40.525852 72.056634 40.528176
58.287726 35.259806 58.289631 35.261158
69.422653 41.377198 69.423851 41.378023
74.737394 42.860375 74.739700 42.862459
75.513362 42.809964 75.514941 42.811196
71.546580 37.494697 71.550410 37.496144
47.243027 42.996403 47.245227 42.998369
76.162905 42.448325 76.168297 42.451107
60.579285 41.491530 60.580736 41.492947
60.666200 41.500890 60.669104 41.503192
49.856096 40.499083 49.865483 40.507157
69.153778 34.534970 69.155798 34.536441
45.349604 40.867700 45.351638 40.868267
66.921533 39.664947 66.924425 39.667068
69.475480 41.230953 69.476238 41.231255
69.453221 41.259517 69.456845 41.261961
74.382817 42.787512 74.385332 42.788854
69.110925 41.262588 69.112936 41.263995
69.162335 41.230604 69.164003 41.232249
69.117463 41.335992 69.118443 41.337010
80.956846 26.865373 80.959987 26.868057
80.945474 26.830990 80.948221 26.833386
69.017513 41.150431 69.019079 41.150895
45.307859 34.636329 45.309704 34.640446
66.969599 24.940894 66.973168 24.942675
46.245686 39.383890 46.247273 39.385374
59.203876 32.884801 59.208013 32.888876
66.978445 30.196944 66.981718 30.200699
50.271163 44.509620 50.273037 44.511811
46.244244 43.271678 46.246189 43.273151
45.478027 39.686067 45.482320 39.688679
61.055754 41.481057 61.060283 41.484893
45.006646 44.335632 45.009476 44.337328
70.904268 29.388041 70.906339 29.389556
73.063409 33.682642 73.068207 33.689370
45.529117 41.590408 45.531717 41.591941
45.833807 41.687410 45.835279 41.688551
69.542892 41.451164 69.544567 41.452921
64.386875 39.757077 64.389501 39.759476
70.509146 31.126671 70.510348 31.128902
76.160932 42.456762 76.162498 42.459308
71.107507 40.881535 71.109690 40.883612
69.341538 41.421778 69.344864 41.423491
47.776944 40.621912 47.779807 40.623793
69.482874 41.198931 69.484021 41.199708
69.083631 41.164980 69.086090 41.166534
73.868739 42.842198 73.871597 42.847047
59.662785 36.213043 59.666714 36.215913
49.992979 26.561596 49.995661 26.563429
65.615440 44.820098 65.628825 44.824185
75.730920 42.211720 75.733508 42.214144
66.948780 24.931459 66.951563 24.935311
52.345815 36.473393 52.347655 36.475124
69.081866 40.982158 69.085242 40.984887
61.113113 41.439486 61.116908 41.443125
45.133049 40.264707 45.134950 40.266450
48.581899 39.382073 48.584665 39.384201
45.426363 39.213576 45.428111 39.214935
48.302484 39.137845 48.303840 39.139129
69.369686 40.890537 69.371223 40.891560
76.899400 43.265237 76.907992 43.278152
45.700938 43.347355 45.709907 43.356736
59.659491 36.180925 59.665453 36.185191
45.816800 41.707824 45.822079 41.709368
70.127336 41.031516 70.136421 41.035836
70.626553 34.443783 70.627873 34.444836
69.239075 41.124697 69.239955 41.125339
69.540042 41.447027 69.547313 41.451941
48.291496 38.230834 48.292506 38.231285
49.182957 30.711676 49.186522 30.714551
67.986285 41.283379 67.990641 41.286168
76.747329 43.227473 76.748543 43.228019
60.455081 41.413021 60.456646 41.414228
88.391668 22.582694 88.399413 22.585844
64.838829 40.034734 64.841730 40.036106
69.684637 41.282283 69.689214 41.283908
66.267429 38.631462 66.269961 38.634303
67.038349 24.894468 67.042163 24.896592
76.870284 43.359556 76.874175 43.363971
47.269218 40.357238 47.272892 40.358155
45.401204 39.739754 45.403853 39.741277
49.208280 39.367050 49.212995 39.370891
48.825474 39.303831 48.827867 39.305198
77.210015 28.637941 77.212881 28.640142
48.620800 39.364319 48.623104 39.365936
54.868476 26.552425 54.871823 26.554879
48.679636 38.867266 48.681288 38.868378
59.111397 37.431709 59.113811 37.433169
45.570576 41.673631 45.571413 41.674056
45.254999 42.124772 45.256985 42.125298
70.134310 41.030084 70.137459 41.032670
69.338583 41.245138 69.342848 41.248524
69.146474 41.299894 69.150787 41.304561
49.159622 30.568209 49.162732 30.571491
47.074113 38.481419 47.074991 38.483091
50.631201 26.284945 50.632240 26.286138
60.433984 41.389556 60.436792 41.392343
69.418503 41.414196 69.420911 41.415379
50.329210 40.399098 50.331117 40.399926
66.980702 39.676277 66.986410 39.679794
69.231568 41.150625 69.233392 41.151846
72.724925 32.122675 72.727672 32.124696
59.203385 32.888538 59.205062 32.889853
69.075358 41.573775 69.078245 41.575387
52.901416 36.438888 52.902795 36.439843
78.755680 36.217043 78.756614 36.218191
77.017694 43.411137 77.018558 43.411695
45.716408 41.800840 45.720361 41.802553
45.208393 42.084698 45.210246 42.086198
45.972200 41.578234 45.976426 41.580557
69.185648 41.376547 69.187883 41.378299
69.266734 41.380993 69.269194 41.382799
85.335569 27.672725 85.335751 27.673101
50.633334 26.281446 50.635262 26.282669
60.423307 41.407185 60.424920 41.408310
68.747992 40.947190 68.749580 40.948479
69.245704 41.087112 69.247385 41.088823
45.182052 44.319780 45.184154 44.321050
69.724535 41.611348 69.726106 41.612705
71.741909 40.481893 71.744042 40.482924
76.571442 43.315623 76.573632 43.317084
54.356879 31.821624 54.357216 31.821873
59.202998 32.888331 59.203958 32.889159
69.669037 40.803634 69.670034 40.804510
49.867430 40.521457 49.870312 40.525558
70.635652 30.701265 70.640365 30.703659
70.724303 30.585840 70.725301 30.586773
46.313846 39.440583 46.316944 39.442222
45.059012 41.060075 45.060698 41.061211
45.203811 44.427947 45.205772 44.429359
49.109748 39.421380 49.112102 39.425850
48.829290 39.310437 48.832640 39.311456
48.551357 39.363191 48.554161 39.365393
65.365780 40.128629 65.365933 40.128747
73.070681 33.607723 73.074123 33.610525
75.837972 30.874574 75.838783 30.875538
69.343829 41.312999 69.345432 41.314576
66.983935 39.663691 66.985445 39.665597
56.914491 29.297089 56.915273 29.297677
49.950166 40.384650 49.952946 40.386584
50.165267 40.439815 50.171459 40.444259
60.424980 41.404818 60.426341 41.405426
72.457948 41.259976 72.459254 41.261824
50.080096 40.391975 50.085554 40.394774
69.227024 41.002624 69.228347 41.004026
69.260889 41.130874 69.262809 41.131773
59.757687 36.039445 59.759303 36.040571
64.366260 39.784562 64.368242 39.785575
76.574118 43.317583 76.576617 43.319255
70.244737 41.076901 70.246038 41.077813
47.331096 42.434533 47.334540 42.436726
48.597142 40.093121 48.598496 40.094614
57.610236 28.139368 57.610711 28.139781
49.761158 40.476069 49.763880 40.481503
69.177937 40.882751 69.179806 40.883982
47.756818 40.318060 47.758396 40.319831
59.687056 36.159454 59.708342 36.172550
73.055938 31.430620 73.060610 31.433881
74.845187 31.630297 74.847429 31.631137
46.416227 39.204219 46.422367 39.209524
54.425577 36.849246 54.428712 36.853039
58.788293 34.031367 58.789939 34.032245
45.567996 41.673224 45.570633 41.674432
45.702846 41.668044 45.704408 41.669486
45.192855 41.753742 45.197131 41.756376
45.454312 41.725171 45.456215 41.726523
56.920737 29.293018 56.922304 29.294581
64.340376 39.826907 64.342297 39.828506
69.320585 41.408924 69.321984 41.409979
72.435900 41.265241 72.437111 41.266780
49.822685 40.476562 49.828253 40.483085
69.433314 41.369893 69.435815 41.370631
69.039099 41.323356 69.039933 41.324899
69.696831 41.378056 69.698351 41.378924
76.577892 43.320742 76.578362 43.321183
57.124635 30.289475 57.130221 30.294098
69.520789 40.838795 69.527437 40.844836
77.107168 28.630140 77.109060 28.631535
47.325680 42.434175 47.326666 42.435088
46.226789 43.270635 46.228845 43.272138
47.609025 40.451130 47.614518 40.454796
47.116035 38.697519 47.116754 38.697934
51.167049 32.362938 51.168884 32.364071
49.968274 40.433790 49.971643 40.435578
48.710592 39.097728 48.711812 39.098628
48.723083 39.155714 48.724809 39.157549
54.715175 24.340731 54.730796 24.355345
45.984223 37.955831 45.984962 37.956492
45.506945 41.608761 45.509928 41.610621
45.482684 41.725770 45.485014 41.728248
45.669009 41.821306 45.673969 41.823887
45.851355 41.681431 45.854400 41.683910
69.297522 41.369236 69.299670 41.370883
51.499706 25.698067 51.501723 25.700512
64.386616 39.781593 64.388395 39.782521
60.371606 41.368018 60.375487 41.370648
68.730595 40.944028 68.734355 40.946755
69.037207 41.323111 69.038582 41.325840
45.202979 40.972697 45.203978 40.973576
69.783260 41.803320 69.783912 41.804159
74.382223 31.528328 74.382766 31.528647
76.575252 43.319367 76.575491 43.319639
54.269836 31.776304 54.270184 31.776622
65.512885 44.846218 65.520783 44.851433
70.160659 40.959351 70.162984 40.960656
48.630541 40.081014 48.632964 40.084099
46.872701 40.556521 46.874097 40.557408
70.636932 30.703373 70.642243 30.706860
44.996516 41.209222 45.000009 41.211038
48.559258 39.480561 48.561132 39.483131
75.977140 39.562163 75.983082 39.565832
74.406101 31.554802 74.407293 31.555896
45.889278 41.605853 45.890920 41.607111
71.455713 30.189975 71.459146 30.191922
74.598059 42.946775 74.600864 42.949524
50.019740 40.381681 50.024513 40.385261
50.583031 26.228696 50.585651 26.232127
60.383539 41.341605 60.385141 41.342775
69.048497 41.024159 69.049709 41.025148
74.680677 42.708784 74.682341 42.709785
68.991795 41.099345 68.994210 41.100814
45.914934 41.626035 45.917681 41.627847
66.979740 24.940183 66.981719 24.942089
69.583876 41.119556 69.586658 41.121562
76.575770 43.319906 76.576545 43.320438
65.512329 44.850491 65.514246 44.851621
49.767921 40.456282 49.770470 40.459243
45.005119 41.169497 45.009012 41.172309
46.339721 39.498287 46.342499 39.500115
64.387934 39.805573 64.389049 39.806362
48.708440 38.919902 48.709276 38.920508
45.416156 41.731003 45.418662 41.732783
45.335966 41.967901 45.337380 41.969400
45.707567 41.820701 45.711401 41.823968
45.808551 41.712150 45.812761 41.715066
69.242306 41.353840 69.244640 41.356924
49.617699 34.026836 49.618665 34.028218
69.198893 41.257199 69.200829 41.258606
69.481353 41.431514 69.482417 41.432213
69.263542 41.208314 69.265432 41.209600
69.924288 41.633451 69.929581 41.636409
47.345978 42.270279 47.348349 42.272038
70.924509 40.557044 70.929692 40.560336
71.486900 30.207853 71.487737 30.208776
63.530744 42.156561 63.534380 42.159545
47.342790 42.267550 47.343954 42.269205
69.371974 41.282701 69.375849 41.286339
50.081449 40.456838 50.085626 40.459124
61.469174 31.023142 61.471312 31.025677
76.885921 43.305446 76.888718 43.308077
72.341356 33.753401 72.341733 33.753730
51.370384 35.515948 51.389251 35.527528
76.573579 43.316805 76.575078 43.317445
69.161316 44.795382 69.163614 44.797903
69.085420 41.353139 69.085917 41.353356
48.478817 40.019216 48.484550 40.022490
85.305678 27.665351 85.305971 27.665553
45.375923 40.878996 45.379366 40.882238
48.448217 39.180587 48.450711 39.182266
64.388611 39.805694 64.389324 39.806477
45.547976 41.690158 45.549039 41.691320
45.961403 41.598778 45.964927 41.600381
74.551557 42.878386 74.558280 42.881593
75.754627 30.528694 75.755496 30.529677
70.617111 34.405738 70.618807 34.407190
49.967158 40.388499 49.969786 40.392052
69.759168 41.576672 69.763902 41.578077
69.338306 43.591475 69.339741 43.592582
71.491363 30.188477 71.493680 30.190279
60.626180 41.617709 60.628105 41.618940
69.369651 41.397762 69.370489 41.398995
69.358351 41.367837 69.360250 41.369326
49.918398 40.462929 49.921675 40.466423
69.474732 41.356994 69.477159 41.358181
69.374505 41.149351 69.379226 41.152024
69.374148 41.281609 69.377839 41.283308
69.411823 41.253541 69.413635 41.255208
69.266700 41.477725 69.267848 41.478927
69.092477 41.138349 69.093744 41.139592
65.469924 44.847472 65.474503 44.851435
65.815468 38.875870 65.816890 38.877313
54.354706 31.822715 54.355046 31.822983
51.923415 31.867686 51.924134 31.868365
66.995050 24.973737 66.996368 24.974825
46.280554 38.048276 46.283391 38.051333
70.517641 43.880556 70.520759 43.882379
46.229110 43.256175 46.231766 43.258630
50.281786 44.498973 50.284996 44.500856
69.364975 40.973333 69.368532 40.976226
46.181487 39.130212 46.183522 39.131519
85.290982 27.717216 85.291247 27.717451
45.398270 39.221354 45.399257 39.222659
49.772709 40.535741 49.773553 40.537026
75.841178 30.873856 75.841916 30.874766
45.494444 41.609025 45.496966 41.610995
45.970960 41.558893 45.971589 41.559455
56.572460 29.910983 56.573830 29.912782
69.284367 41.249034 69.286258 41.250970
74.658450 42.794155 74.661419 42.796851
69.167125 41.400833 69.167646 41.401220
74.352811 43.183029 74.354821 43.185362
69.403578 41.133703 69.407111 41.136279
69.201630 41.447153 69.202350 41.447936
69.247861 41.241657 69.250101 41.242980
46.335394 39.303773 46.337068 39.304821
69.010649 41.075450 69.011409 41.075995
72.922128 32.033335 72.924434 32.035133
47.618699 40.502017 47.620621 40.504219
48.427791 39.534049 48.429296 39.535984
48.469502 39.323912 48.471049 39.324917
48.976248 35.110890 48.976733 35.111140
48.356281 39.278592 48.358621 39.279975
47.634538 35.841645 47.639674 35.846317
68.518899 43.501900 68.524239 43.504655
45.035812 41.764125 45.039781 41.767102
73.055479 31.387630 73.059287 31.390397
77.223796 28.601829 77.226153 28.604111
47.411467 42.956383 47.418623 42.963960
45.686877 42.013507 45.690533 42.016140
45.690071 41.684111 45.693214 41.687821
45.804360 41.717505 45.808566 41.718651
45.351593 42.057823 45.354365 42.059873
50.922863 35.815585 50.925108 35.817715
51.200989 32.381688 51.201938 32.382439
77.026225 43.859422 77.040033 43.863518
49.643412 40.557762 49.665014 40.565877
69.066464 41.143969 69.067848 41.144972
69.002877 41.069781 69.005389 41.071130
72.342651 33.750428 72.343959 33.751061
52.496616 35.246757 52.497451 35.247604
75.739825 42.218185 75.742605 42.219802
48.625927 40.616847 48.639016 40.622259
69.291464 41.490108 69.295432 41.492420
69.265465 40.988481 69.271377 40.990593
48.568195 39.385487 48.572296 39.387023
46.528774 43.299041 46.532174 43.301610
49.306106 31.910717 49.311155 31.916609
67.053597 24.865442 67.056636 24.867988
45.430575 41.967100 45.432489 41.970102
75.929370 30.056384 75.929427 30.056454
69.657580 23.245131 69.658939 23.246871
51.580726 30.655518 51.584021 30.657455
71.486707 30.181847 71.488616 30.184786
52.308212 24.480937 52.308861 24.481385
46.199693 38.869056 46.203551 38.870805
69.181053 41.268731 69.181992 41.269429
72.712282 41.639912 72.718122 41.641811
69.178336 34.492144 69.189958 34.504990
69.591776 41.509630 69.598241 41.513222
66.983527 39.661705 66.990337 39.665924
76.982569 43.250692 76.987853 43.255009
77.038353 28.581653 77.039140 28.582195
67.053066 24.817459 67.060751 24.819261
72.465965 41.037867 72.470532 41.043241
71.720678 40.135397 71.724052 40.138239
65.817110 38.855524 65.826198 38.864329
66.952038 30.179610 66.954478 30.181105
54.356259 31.825094 54.359910 31.828297
69.306791 40.196561 69.312492 40.199359
75.817131 42.238867 75.820073 42.240091
52.844562 36.480972 52.846183 36.482293
63.566604 39.020055 63.569624 39.021590
49.537601 40.628722 49.540895 40.632585
66.973830 39.620174 66.975548 39.622045
50.296030 40.359952 50.298434 40.361680
48.335470 39.536347 48.339730 39.539277
45.731954 40.185368 45.738019 40.187807
49.769674 37.356865 49.770254 37.357519
48.721352 39.075433 48.722767 39.076584
53.394677 24.039970 53.406347 24.048265
74.610133 42.931682 74.619985 42.936226
69.272912 41.329191 69.277735 41.334256
73.053947 31.407041 73.057153 31.409086
49.577548 25.373758 49.583920 25.381867
45.905112 41.645743 45.908243 41.647452
45.545739 41.690143 45.548844 41.691493
45.193714 42.083585 45.195654 42.086840
70.594919 34.582115 70.597086 34.584226
75.314242 42.845706 75.317257 42.846705
76.762014 43.361366 76.763763 43.362173
69.345818 41.437971 69.347935 41.439442
69.157496 34.539327 69.160543 34.542336
69.502093 41.512147 69.503268 41.513137
69.196926 41.080568 69.197898 41.081003
66.666294 39.718477 66.667271 39.720177
46.171734 39.147304 46.175506 39.148760
69.003951 41.069125 69.004707 41.069548
67.160081 24.873150 67.162739 24.876818
89.119959 23.905694 89.120486 23.906215
65.746277 38.778440 65.750317 38.781264
69.528284 40.995896 69.534194 40.998646
74.487177 44.598615 74.489069 44.599869
49.535761 40.631377 49.539558 40.635997
74.174116 32.171390 74.175178 32.172507
46.388666 41.710483 46.392238 41.712909
46.377003 41.701804 46.379275 41.703532
49.194703 39.421069 49.197055 39.422757
48.489373 39.123087 48.491606 39.124376
47.462331 43.850893 47.463316 43.851771
48.693222 39.112022 48.695302 39.113188
80.991950 26.861538 80.992593 26.862385
46.402841 41.428199 46.404740 41.429983
46.468106 41.284595 46.469091 41.285307
69.313104 41.257345 69.317163 41.259596
69.376963 41.338455 69.380372 41.340633
61.478464 31.025327 61.482394 31.028155
69.662225 23.257550 69.663516 23.258512
75.321196 42.835290 75.330756 42.840182
45.140256 41.384447 45.142028 41.385861
61.316795 41.217346 61.319005 41.218679
60.731972 41.687083 60.736982 41.690582
69.175132 41.403521 69.176608 41.404582
49.948360 40.367497 49.951853 40.369485
69.467863 41.459172 69.469416 41.460721
73.537828 42.821160 73.541489 42.824527
45.059513 41.499932 45.060884 41.501651
69.477666 41.210848 69.478696 41.211631
53.061704 36.572796 53.063977 36.576939
69.290209 41.106388 69.291565 41.107244
69.210161 41.110729 69.211302 41.111404
46.338718 39.486355 46.343972 39.488810
50.896361 36.806419 50.898929 36.808117
52.921431 36.437694 52.922675 36.438893
58.387148 37.922409 58.390339 37.925656
50.262085 44.493747 50.265735 44.497498
46.665393 41.319981 46.667315 41.320801
48.139941 29.076552 48.141462 29.078005
48.519917 39.528733 48.521840 39.530222
45.736168 40.165717 45.737592 40.167055
52.690362 36.560053 52.693271 36.562350
75.834053 30.875788 75.835862 30.876716
45.010374 41.335909 45.011729 41.337291
45.308045 42.035441 45.311149 42.037486
56.608488 29.215863 56.611214 29.219270
45.142156 41.384356 45.144469 41.385716
68.839268 27.710939 68.841507 27.712271
68.837660 40.963182 68.839388 40.965552
69.398765 41.116610 69.402460 41.119394
48.554356 34.792994 48.564180 34.797864
77.038691 28.580854 77.039909 28.582094
70.533327 43.175766 70.537625 43.178261
51.465818 35.652036 51.469954 35.655471
70.444639 25.495607 70.446040 25.496360
51.530992 32.459119 51.531585 32.459631
49.992207 37.207040 49.994342 37.208309
49.116500 40.991620 49.117214 40.992445
46.332406 39.438710 46.334804 39.440900
45.773773 40.206522 45.775469 40.208766
48.551081 39.294613 48.552702 39.296180
54.415008 31.583644 54.417336 31.585327
46.671766 44.949441 46.674577 44.950990
77.321894 28.615441 77.323226 28.616887
69.001540 38.560412 69.005214 38.564103
58.882320 35.230035 58.883080 35.230438
45.967447 41.560126 45.970053 41.560960
45.482558 41.907662 45.484840 41.909255
69.566856 42.287802 69.573092 42.294427
69.441408 41.117861 69.453296 41.127340
48.288675 38.258458 48.290134 38.259633
59.286158 36.393057 59.287459 36.394718
74.024296 42.690795 74.025360 42.691836
50.608212 26.262561 50.614215 26.269899
49.986685 40.404754 49.989299 40.407861
69.025017 41.738416 69.026736 41.740199
55.556721 25.581821 55.561268 25.586198
69.212436 41.089091 69.213582 41.090953
77.037205 28.581766 77.038638 28.582916
69.655405 41.484704 69.657110 41.485779
68.736076 40.537075 68.739948 40.538657
46.649747 24.697049 46.655556 24.699419
66.091463 40.726857 66.094908 40.729859
74.871597 41.976894 74.872670 41.977110
65.402550 40.066998 65.412682 40.072114
46.241185 38.064725 46.242581 38.065761
69.557338 41.158225 69.559909 41.159550
49.765814 37.274368 49.767500 37.275355
51.467645 35.674613 51.472097 35.677288
69.032217 40.695992 69.033861 40.697838
46.573519 40.644397 46.576149 40.645850
48.747785 38.884992 48.750952 38.886069
47.277986 40.375165 47.290242 40.378644
49.339975 39.367217 49.341728 39.368478
48.463998 39.428930 48.464582 39.429401
48.581883 39.288944 48.584328 39.290065
48.597101 39.105857 48.600700 39.107770
69.194492 41.275311 69.195716 41.276248
80.095270 32.511498 80.098119 32.513075
59.769590 36.367466 59.770833 36.368672
45.004922 41.637398 45.005930 41.640349
69.346796 41.227527 69.348993 41.229494
59.515712 42.436133 59.521736 42.440627
55.158206 37.144051 55.159447 37.145171
64.485316 39.754410 64.486147 39.754926
69.373035 41.119039 69.375337 41.120925
69.202947 41.072336 69.204092 41.073064
72.655841 34.021640 72.656118 34.022215
67.201891 24.883385 67.204375 24.886138
51.065232 43.859824 51.067213 43.861092
74.942510 41.995310 74.943730 41.996192
66.968048 24.944745 66.968928 24.945300
45.451120 35.577616 45.453479 35.580587
51.469698 35.675922 51.470309 35.676809
47.041808 42.472609 47.043093 42.473226
51.531721 32.454657 51.532938 32.455478
73.083632 31.373121 73.085603 31.375426
46.409197 41.715602 46.412323 41.717966
48.495909 39.434607 48.497568 39.436349
48.977235 35.111441 48.979469 35.113000
48.558867 39.108456 48.561012 39.110111
48.124536 41.716349 48.129881 41.718410
69.314177 41.362386 69.318775 41.366426
45.664552 41.668234 45.667912 41.670179
88.358977 22.545153 88.361456 22.547348
59.302999 36.386962 59.304894 36.388785
74.374213 31.485343 74.375119 31.486077
45.691991 43.275920 45.693922 43.277326
60.453713 41.468270 60.456796 41.471183
77.054900 43.572298 77.056939 43.574771
74.442881 42.994640 74.444364 42.996202
47.108414 40.056178 47.112536 40.057567
47.658412 42.871708 47.663570 42.876391
69.456812 41.190720 69.459509 41.191969
69.192254 41.143821 69.194387 41.145487
69.065550 41.279162 69.066431 41.280353
72.657630 34.022485 72.658891 34.023637
52.676584 32.726423 52.677908 32.727606
69.307827 41.304403 69.307969 41.304475
46.219175 38.033695 46.222766 38.037092
70.297027 41.852045 70.298722 41.853127
50.001808 37.197864 50.003220 37.200112
58.848605 34.991183 58.849758 34.992167
47.843222 40.382689 47.847907 40.385161
55.159850 37.273498 55.163785 37.278881
46.693638 39.894504 46.694988 39.895654
47.661109 40.489452 47.663696 40.491931
67.015180 24.882772 67.017867 24.884977
49.103597 41.062065 49.108148 41.064636
47.164445 40.603335 47.167591 40.608337
71.618741 40.994881 71.624485 40.999178
48.447851 39.420924 48.450753 39.423001
77.214741 28.645390 77.215243 28.645807
48.977423 35.111084 48.979970 35.111854
49.750977 40.429148 49.754016 40.431842
69.291856 40.401005 69.293205 40.401815
45.671485 41.647271 45.674389 41.648729
45.453135 41.723915 45.455496 41.725796
45.000493 41.440851 45.002678 41.442069
70.563142 34.445581 70.564676 34.447289
46.816525 24.700824 46.831421 24.718238
71.654560 41.005725 71.657392 41.010047
47.443815 43.000049 47.447095 43.002148
73.031132 33.607413 73.035222 33.610578
49.968803 40.383608 49.971506 40.388412
45.138215 41.032590 45.139743 41.033913
69.417353 41.329608 69.421040 41.331931
69.364222 41.037516 69.368337 41.040134
69.190280 41.154380 69.191281 41.154892
51.158481 26.107833 51.159309 26.108252
76.351370 43.164084 76.352983 43.165069
54.943837 33.849259 54.945532 33.850257
66.967254 30.161959 66.969221 30.163137
51.872788 32.034056 51.877678 32.039022
70.476650 41.974552 70.477412 41.975078
45.443590 39.645262 45.446160 39.646661
74.522557 42.793788 74.524494 42.795167
49.731696 40.331418 49.738244 40.337530
45.276632 44.311005 45.278406 44.312218
48.759118 38.891875 48.760626 38.892547
66.251534 38.606008 66.254466 38.608698
48.978866 35.111508 48.980241 35.112312
59.506334 37.127330 59.507412 37.128129
49.770619 40.408787 49.772168 40.410792
69.307665 40.438892 69.309561 40.440332
72.757346 41.027453 72.759792 41.030594
76.536587 32.113767 76.537545 32.115409
69.335606 41.289508 69.337756 41.291143
46.133895 41.450648 46.136970 41.452300
45.493322 42.061173 45.496351 42.062606
74.549249 42.810486 74.553943 42.813468
69.621453 42.320409 69.626852 42.325274
70.436653 34.421009 70.440890 34.422143
69.219805 41.112429 69.220956 41.113333
58.322617 37.942306 58.326582 37.943865
45.155940 41.740988 45.158885 41.743072
60.544036 41.524927 60.548381 41.528975
85.434753 27.669209 85.435057 27.669671
69.439748 41.445487 69.442136 41.446964
59.399247 35.297891 59.400274 35.298628
45.285666 43.187429 45.288065 43.190240
72.656303 34.022083 72.658005 34.023167
67.137762 24.908170 67.139801 24.909776
66.976674 24.919971 66.980612 24.922345
45.371001 39.788169 45.372646 39.791270
52.820727 36.477482 52.821838 36.478717
51.172047 35.550001 51.174034 35.551381
76.841297 43.282781 76.842615 43.284359
66.944133 39.672513 66.945945 39.675008
75.074887 43.406826 75.076762 43.408797
47.461455 40.649587 47.464785 40.651036
47.210611 40.292422 47.212357 40.293145
66.246737 38.607157 66.250521 38.609344
50.330089 40.464600 50.332665 40.468436
49.932901 40.396830 49.934934 40.399019
50.294459 40.365963 50.296014 40.367514
48.590854 39.183363 48.591906 39.184362
48.762005 39.108002 48.763444 39.109507
46.155788 37.734782 46.157184 37.735271
68.815337 38.566802 68.826881 38.580512
77.223919 28.668186 77.226852 28.670213
45.749232 41.682328 45.751646 41.683943
69.155374 41.248640 69.157535 41.250190
69.624847 42.364969 69.642563 42.370561
57.699716 36.195765 57.704546 36.199940
49.872108 31.808301 49.875258 31.812687
69.225738 41.103447 69.226913 41.104247
71.445873 30.200107 71.450658 30.203004
72.671277 32.089659 72.676210 32.094850
69.082815 41.360528 69.084674 41.362321
69.012345 41.711862 69.014077 41.713432
69.348248 41.046986 69.352416 41.049552
69.239975 41.003644 69.242776 41.004716
69.126320 41.130356 69.126889 41.130814
48.139666 42.102657 48.141672 42.103970
69.073181 41.002830 69.074089 41.003275
72.656127 34.021873 72.656300 34.022017
50.002641 37.197946 50.004386 37.199887
66.970666 24.914529 66.974479 24.918054
76.418137 43.176379 76.420968 43.179239
70.131828 41.000084 70.134953 41.002609
52.916688 36.434048 52.917147 36.434487
52.259344 35.911943 52.260094 35.912238
48.541888 39.445515 48.546098 39.448575
66.245703 38.582460 66.249265 38.585149
48.859234 40.276389 48.861060 40.278679
69.786988 41.556083 69.789327 41.557348
46.157692 37.734576 46.159164 37.735363
72.720438 41.022425 72.722006 41.023491
75.835880 30.875520 75.836899 30.876258
47.481428 42.986110 47.487715 42.989793
45.387965 42.107987 45.389568 42.109169
69.336389 41.372310 69.337413 41.373444
45.089419 42.402866 45.090887 42.405000
69.230058 41.218198 69.231675 41.219784
64.405960 39.782066 64.411777 39.787225
58.320330 37.948353 58.333827 37.955437
48.064145 42.182714 48.066679 42.184970
74.736262 42.861897 74.740242 42.863745
47.343641 42.276351 47.345513 42.279201
70.952910 40.536817 70.956852 40.539238
74.293173 42.859264 74.294974 42.860975
67.835976 40.112700 67.839603 40.115918
69.507889 41.372709 69.508105 41.372928
72.655826 34.022356 72.656654 34.022845
67.020791 24.925857 67.024291 24.929211
73.633769 30.849248 73.635545 30.850284
63.590553 39.041851 63.594142 39.049623
49.439077 37.476872 49.445303 37.480323
75.825483 42.202099 75.827004 42.203812
52.916261 36.434022 52.916807 36.434115
52.873198 36.483983 52.874423 36.484983
47.794389 40.400957 47.796537 40.403773
48.534015 40.038432 48.539298 40.041668
49.568656 37.320687 49.569989 37.321756
48.755593 39.071228 48.756946 39.072434
69.318509 41.238656 69.322453 41.241399
46.109507 41.471857 46.113258 41.473744
45.747453 41.784404 45.751826 41.786979
45.535955 41.571056 45.539734 41.574055
69.309449 41.277453 69.312724 41.279106
56.736837 24.345821 56.737947 24.346711
67.201481 24.898719 67.203487 24.900509
58.318013 37.950983 58.321108 37.954510
74.660448 42.794222 74.662766 42.796065
49.804178 40.356834 49.814942 40.371798
75.304504 42.761828 75.305967 42.763013
60.585192 41.598751 60.587552 41.600041
68.888110 41.042946 68.891283 41.045683
69.066283 41.174039 69.067404 41.175668
72.224269 41.359173 72.226955 41.362810
64.753435 40.063187 64.755799 40.064324
69.732039 41.405083 69.733107 41.405938
63.588895 39.036108 63.594124 39.041538
69.532733 41.313985 69.533910 41.314668
70.565656 40.213020 70.567853 40.214832
72.996302 42.389333 72.998868 42.392027
69.585026 41.023941 69.587485 41.025290
52.916325 36.434258 52.916538 36.434474
69.752884 43.547607 69.756329 43.549950
73.090464 31.388560 73.094037 31.391470
50.201430 40.484547 50.210577 40.488081
58.204659 23.659525 58.206191 23.661012
45.888201 41.605975 45.889474 41.607279
69.229785 41.291518 69.231835 41.293104
47.481484 42.981003 47.484456 42.982722
56.575608 29.940516 56.577011 29.941750
74.527822 42.684689 74.529574 42.686704
47.471605 42.970949 47.474416 42.973000
72.763252 40.469042 72.767520 40.476065
75.363593 42.810201 75.367635 42.811227
49.980129 40.452850 49.983360 40.454721
50.977253 35.816671 50.977980 35.817270
50.925440 35.832151 50.928272 35.834628
49.855094 40.435923 49.858191 40.437860
68.798398 40.843627 68.803294 40.847469
69.206585 34.514319 69.210745 34.518611
69.097292 41.174976 69.098462 41.176013
73.946650 42.833140 73.949781 42.835703
65.942787 39.913433 65.946418 39.915257
66.990802 30.186545 66.993402 30.187880
49.685001 40.584462 49.686734 40.586694
76.418632 43.180767 76.419952 43.182295
66.969119 30.163865 66.969786 30.164412
57.426520 33.852024 57.428712 33.853477
70.011528 40.996170 70.015469 40.999503
72.075123 41.133156 72.077133 41.134732
69.637807 40.700173 69.640115 40.702387
47.116475 38.699198 47.117776 38.700309
67.971266 40.128237 67.977027 40.131161
50.045489 40.424087 50.050240 40.428790
76.988594 43.264130 77.003454 43.270558
49.271604 31.978968 49.275309 31.982575
48.661884 39.030263 48.663465 39.031560
47.082757 34.332141 47.083403 34.332714
59.174067 36.443588 59.175502 36.444515
45.874381 41.669445 45.878488 41.671573
45.680920 42.026190 45.682533 42.027591
45.597610 41.640881 45.599456 41.642378
45.658958 42.015549 45.661090 42.016879
57.883893 37.434788 57.886621 37.437232
48.282344 38.252018 48.284450 38.253220
70.294768 34.413201 70.296903 34.414591
69.493230 41.203831 69.496047 41.205684
48.209526 39.904864 48.212648 39.907778
75.291622 42.777783 75.293246 42.779448
45.129909 40.352537 45.141428 40.357816
69.160061 40.996088 69.161742 40.997016
45.114506 39.804260 45.116647 39.806724
65.620092 39.016848 65.625081 39.020448
70.021906 41.596397 70.022684 41.596929
59.148975 35.495325 59.149591 35.495798
69.636872 40.914491 69.640681 40.916921
49.332122 37.306710 49.334683 37.308383
57.430368 33.863571 57.432135 33.864874
72.075924 41.134285 72.079723 41.136566
58.182487 23.684922 58.184507 23.685549
77.111052 28.661282 77.112220 28.662756
59.346485 37.508679 59.348901 37.511372
45.759202 39.676685 45.761172 39.677322
48.469482 39.194964 48.471156 39.195999
76.999525 43.257662 77.012094 43.263407
48.651440 39.037138 48.654053 39.038642
73.069299 33.609845 73.071436 33.612569
45.528504 41.690809 45.532397 41.693624
45.029552 41.988308 45.031979 41.989406
69.266889 41.220016 69.272410 41.222681
48.279787 38.251721 48.282227 38.252853
70.297300 34.412749 70.298244 34.413024
60.400659 41.377567 60.402099 41.378654
69.143721 41.203475 69.145719 41.204771
69.495963 41.299536 69.496802 41.300807
69.497425 41.420123 69.497970 41.420423
69.752469 42.299168 69.755255 42.300158
75.630930 42.194890 75.634469 42.197434
88.379849 22.560119 88.381073 22.561637
69.207040 40.636669 69.209809 40.638713
45.921815 41.634024 45.925069 41.636931
45.693170 41.660350 45.696595 41.662036
70.314957 34.370355 70.316824 34.371400
52.906408 29.563365 52.907723 29.564463
69.671788 23.257382 69.676128 23.260590
68.830443 40.222265 68.836090 40.225219
57.755324 28.671365 57.760447 28.675269
59.626149 42.467395 59.628725 42.472182
65.956093 40.028660 65.961086 40.031629
67.021942 24.899376 67.022777 24.900071
67.636181 39.492881 67.638974 39.495729
55.759606 24.263486 55.761827 24.264542
77.259329 43.384282 77.262414 43.385976
69.637367 40.918802 69.639675 40.921307
69.217031 40.884960 69.218519 40.886801
49.883641 40.543711 49.887257 40.545944
47.822007 40.576585 47.825607 40.579709
58.568429 23.617005 58.569159 23.617761
80.022705 44.169301 80.030386 44.172933
45.884383 39.644920 45.885842 39.646077
48.704590 38.997405 48.705812 38.998901
48.672455 38.920477 48.673408 38.921239
46.091874 41.459086 46.093361 41.460135
69.494502 42.316507 69.505747 42.325518
69.283489 41.371087 69.286409 41.373457
50.652252 26.250216 50.654126 26.252956
68.848975 27.709844 68.849707 27.710965
69.194926 41.016753 69.199855 41.019228
64.212926 41.592053 64.219271 41.596913
66.989592 39.663501 66.992955 39.667000
45.174706 41.713722 45.176812 41.715877
69.049909 41.009643 69.050682 41.010897
54.508242 24.421217 54.509021 24.421914
72.183915 41.212718 72.186104 41.213859
67.598604 39.499743 67.600363 39.501249
70.299522 41.477454 70.300091 41.477658
66.951587 30.195350 66.953051 30.196864
77.286093 28.563017 77.287702 28.564949
73.011314 40.916577 73.013144 40.917834
57.891951 28.540897 57.892578 28.541372
47.232082 40.266521 47.236443 40.268627
44.996516 41.209222 45.000009 41.211038
49.899626 40.551917 49.900939 40.552628
48.692738 39.008642 48.694319 39.009718
60.659774 35.277129 60.660923 35.278725
45.239430 41.760830 45.241430 41.762362
45.712058 41.693453 45.713828 41.694841
45.372241 41.980076 45.375380 41.981572
69.377943 41.211088 69.379873 41.213726
60.863284 29.507582 60.866499 29.510568
69.549980 41.443117 69.551220 41.444328
64.420035 39.738818 64.422444 39.740018
66.272873 39.906894 66.276214 39.908677
71.476386 30.173929 71.480291 30.178392
74.470938 42.883505 74.474782 42.889983
68.848161 27.704165 68.849564 27.705666
68.860046 27.691912 68.861456 27.693322
60.652352 41.562054 60.662415 41.566139
69.137292 41.341265 69.139494 41.342801
64.351132 39.779159 64.352856 39.780370
71.751082 40.334211 71.761494 40.341259
67.093168 24.976187 67.096070 24.977247
64.671979 40.087668 64.672960 40.088431
66.979354 24.943400 66.981642 24.947255
73.011344 40.914497 73.014900 40.917189
47.580734 40.238479 47.582928 40.239864
47.594437 35.869630 47.595959 35.871150
69.289003 40.592417 69.292357 40.594065
48.602654 39.204579 48.604476 39.205960
45.007595 41.789457 45.013936 41.793232
46.045606 41.541303 46.047448 41.542741
45.956390 41.561969 45.958139 41.563718
49.664786 34.103353 49.672806 34.112013
59.791294 32.565265 59.793048 32.566925
48.291886 38.232466 48.293598 38.235076
49.717485 40.570763 49.722414 40.574064
69.391180 41.227687 69.393266 41.229638
66.268023 39.906778 66.273274 39.910577
49.785919 40.442636 49.792733 40.446547
76.806887 43.302661 76.826813 43.321804
71.532862 30.203025 71.535180 30.204892
69.157182 41.194849 69.160198 41.197160
69.430763 41.416805 69.431150 41.417144
47.731948 40.662903 47.740396 40.667509
64.331259 39.773988 64.334114 39.776086
69.339652 41.169713 69.342720 41.171254
69.084234 41.052928 69.085458 41.053392
47.772363 42.202979 47.774801 42.204686
85.430143 27.667653 85.430462 27.668546
69.289457 40.220138 69.292446 40.223807
73.012522 40.913628 73.014441 40.914999
74.563755 42.799202 74.564680 42.799796
54.993412 36.476376 54.994988 36.477728
49.839812 40.529110 49.842910 40.531395
70.414429 25.520643 70.415977 25.521925
47.177532 40.478884 47.180045 40.481010
46.584081 33.751428 46.587219 33.754627
76.397300 43.152750 76.400451 43.154137
48.442476 39.158687 48.443700 39.159469
52.542727 29.573224 52.550308 29.584956
58.962824 35.238798 58.963712 35.239824
51.038334 35.792583 51.039468 35.793790
45.594287 41.752777 45.596442 41.753876
45.311941 41.969246 45.313494 41.969806
70.577065 34.253172 70.577516 34.253517
68.177937 43.332053 68.182739 43.336972
50.134764 40.490763 50.137914 40.492534
64.447656 39.779501 64.449787 39.780860
71.485956 30.198691 71.487672 30.199914
69.402374 41.404335 69.404511 41.405792
69.486755 41.362628 69.488266 41.363892
69.364252 40.988818 69.367450 40.990558
74.364480 42.784394 74.366639 42.786365
51.417633 32.257548 51.417840 32.257716
69.154356 41.333591 69.155832 41.334508
74.303002 42.875020 74.307351 42.879185
69.055354 41.008001 69.057375 41.010388
45.106159 40.341403 45.113330 40.345250
69.683115 41.541510 69.685910 41.543984
66.982325 30.184569 66.983731 30.185617
64.708629 40.089824 64.709456 40.090469
50.195074 37.093875 50.198604 37.095559
52.884086 36.465519 52.886264 36.466494
74.563968 42.797922 74.564746 42.798889
58.140607 35.549131 58.142119 35.550915
76.700000 29.129463 76.701931 29.131300
47.154393 40.456161 47.156700 40.458480
49.467776 40.811502 49.469983 40.813187
50.205511 40.363158 50.209540 40.365770
45.046440 41.566492 45.047653 41.567733
72.744017 41.034950 72.747106 41.036755
58.655856 34.144920 58.658149 34.146381
45.038678 41.338794 45.040860 41.340686
45.031035 41.398953 45.033409 41.400966
45.970288 41.559665 45.971681 41.560871
45.985819 41.547081 45.987352 41.547694
52.590613 29.616292 52.594052 29.619367
48.166737 42.094785 48.170900 42.097052
64.396239 39.745286 64.398599 39.746919
71.493165 30.183649 71.495290 30.185215
69.158820 41.378210 69.160392 41.379093
51.501186 32.201604 51.501387 32.201771
47.349398 42.269842 47.350712 42.270649
69.684544 41.544065 69.686073 41.545947
66.313028 38.832284 66.315172 38.834097
69.219681 43.759967 69.223565 43.762632
50.280841 37.142691 50.282621 37.144043
66.988240 24.932711 66.990893 24.934844
69.508247 41.233680 69.509082 41.234804
70.469052 40.195180 70.471290 40.196220
74.562261 42.800402 74.563722 42.801209
54.411970 34.040483 54.413767 34.042538
49.057061 39.430170 49.060743 39.431898
49.742489 37.379609 49.743515 37.380928
49.904517 40.500806 49.906230 40.502322
73.076200 33.610245 73.079247 33.614734
45.914948 41.612962 45.917119 41.613965
45.340594 41.999910 45.341770 42.001590
69.182023 41.290079 69.186265 41.293341
69.199141 41.366777 69.201367 41.368328
47.790512 35.164942 47.793828 35.166581
47.184838 42.318122 47.185195 42.318416
45.007091 41.576468 45.010396 41.578450
64.463904 39.772125 64.465371 39.773434
50.512516 26.225289 50.516784 26.229066
71.451924 30.214334 71.454628 30.215449
60.409582 41.358269 60.411655 41.360738
72.461727 41.264010 72.466743 41.266026
69.369929 41.402834 69.373058 41.404360
69.337302 41.121423 69.338973 41.124258
69.304498 41.071064 69.305515 41.072126
69.527025 41.613783 69.527389 41.614295
88.387946 23.422733 88.388179 23.423039
45.110207 44.414218 45.112739 44.416100
74.488670 42.751424 74.490748 42.752551
73.171262 34.552184 73.172350 34.552832
49.928100 40.471074 49.933686 40.475890
47.382835 40.549189 47.384484 40.550792
47.580664 40.200089 47.583349 40.201809
49.028548 39.431763 49.030292 39.433256
49.756449 37.381049 49.757429 37.382059
49.896659 40.502602 49.899645 40.504235
49.922204 40.533711 49.924793 40.536254
48.638794 39.012589 48.640667 39.013799
75.868271 30.915865 75.869438 30.916881
46.439061 41.408908 46.440873 41.409837
59.035999 35.176564 59.037580 35.177873
56.932706 30.576577 56.933786 30.577482
64.429773 39.812209 64.431249 39.813755
45.011229 41.574627 45.018742 41.579712
64.366846 39.766273 64.367918 39.767157
71.460807 30.175302 71.466751 30.182018
68.641218 27.962943 68.645065 27.967601
47.724722 40.621285 47.728913 40.623584
77.242771 38.421227 77.244309 38.422520
69.347055 41.124517 69.349045 41.125948
69.115651 41.020214 69.118056 41.022218
72.198488 41.175788 72.200765 41.177956
45.545486 39.766996 45.547147 39.770018
59.234279 32.838180 59.234913 32.838686
72.367212 40.775096 72.369895 40.777132
72.363425 40.779418 72.367953 40.782369
47.242143 40.562150 47.244623 40.563756
47.399888 40.557023 47.402291 40.559672
47.249231 40.317636 47.255886 40.320488
69.241464 40.736998 69.243143 40.737977
48.949800 39.644986 48.953316 39.647056
57.094890 23.972275 57.097319 23.974689
75.795740 30.882065 75.797362 30.883207
45.012749 41.796610 45.015238 41.799929
45.545475 41.689931 45.548741 41.690510
69.249531 41.159391 69.250756 41.160313
47.789400 35.165213 47.791151 35.166633
45.009752 41.577595 45.014278 41.580264
64.373277 39.767901 64.374638 39.768908
70.641189 30.061297 70.643377 30.063400
48.027884 40.614015 48.031813 40.615777
69.369141 41.090634 69.369681 41.090977
74.832474 42.901656 74.837101 42.906833
74.596247 42.800588 74.598079 42.801654
69.140852 41.067051 69.143118 41.068453
66.979104 24.955042 66.982374 24.957564
50.896217 34.630240 50.898680 34.632355
72.371332 40.773919 72.374118 40.776115
66.957276 39.663034 66.958448 39.664314
47.406017 40.324825 47.409837 40.327461
70.700345 30.596789 70.702239 30.598844
77.206591 28.690923 77.207757 28.691962
52.716160 30.912156 52.716927 30.912996
66.892784 39.650132 66.894016 39.651568
46.714033 43.869316 46.717173 43.871531
60.634564 35.253491 60.638287 35.256335
45.958301 41.617458 45.961592 41.619475
69.351492 41.327236 69.352722 41.328134
69.388037 41.301609 69.389452 41.302702
62.862081 42.266710 62.864905 42.269365
74.656863 42.759712 74.658762 42.761255
51.663622 29.612160 51.666769 29.615187
64.361674 39.765827 64.362710 39.766767
85.330105 27.679540 85.330690 27.680061
64.507863 40.089559 64.509497 40.090981
67.853807 40.106952 67.856331 40.109181
68.632869 27.965304 68.635642 27.968312
68.644814 27.964203 68.645978 27.965002
59.125852 42.309253 59.131877 42.312426
69.281341 41.050348 69.283387 41.051569
50.074266 26.574603 50.074779 26.574948
69.148461 41.065067 69.150206 41.065698
74.342247 42.869186 74.345833 42.874007
70.048922 41.605635 70.051004 41.607687
64.300316 40.003054 64.301774 40.004046
75.828959 42.244543 75.830459 42.245860
74.741261 42.695605 74.741955 42.696868
47.247720 40.545289 47.250007 40.547113
60.975386 41.746533 60.990897 41.760348
65.008594 40.149084 65.016957 40.155788
70.605975 32.976554 70.609204 32.978871
69.344712 40.579758 69.347513 40.580995
66.889809 39.648028 66.892372 39.651188
45.890811 41.550024 45.893749 41.551808
69.357844 41.243401 69.359376 41.244113
69.243749 41.124391 69.244609 41.125157
69.726894 41.556750 69.729337 41.557662
69.607159 41.488430 69.609785 41.491058
74.668814 42.706863 74.670503 42.708821
68.016594 41.271211 68.020349 41.274098
76.728875 44.726473 76.730151 44.727993
60.640609 41.555558 60.642239 41.556814
69.299865 41.172832 69.303375 41.176999
69.168393 41.053714 69.172012 41.055712
59.025037 43.758253 59.027268 43.759726
69.043037 41.157067 69.043807 41.157370
70.050228 41.607863 70.050924 41.608734
63.559901 39.105350 63.563487 39.106979
74.797400 42.702350 74.798781 42.703327
67.386279 39.704736 67.389884 39.707297
60.067860 26.360423 60.070399 26.361974
47.582107 40.178122 47.583741 40.179253
45.150110 40.870357 45.152493 40.871444
73.047961 33.575991 73.051446 33.578336
69.219808 41.338923 69.224146 41.342768
46.719384 43.860292 46.721692 43.862687
45.481319 41.909201 45.485355 41.911474
69.240186 41.121613 69.242236 41.123045
67.281157 37.210727 67.287735 37.214377
49.813503 40.302636 49.820187 40.316255
75.281961 42.812086 75.283375 42.813347
71.495783 30.160389 71.498015 30.161462
68.884048 27.703824 68.885978 27.705613
60.358213 41.375094 60.358837 41.375409
69.522992 41.442107 69.524875 41.443518
74.101986 42.820526 74.106233 42.823790
69.275485 41.026269 69.277003 41.027453
69.313316 41.102561 69.314458 41.103392
69.266794 41.183311 69.269096 41.184950
57.467496 37.056956 57.469551 37.058493
73.928965 42.824446 73.930142 42.827421
73.874971 42.857569 73.877056 42.860476
51.379547 35.523309 51.382348 35.525423
69.036573 40.877768 69.041502 40.880559
47.524437 40.189567 47.527169 40.191522
48.969275 39.585267 48.975773 39.589088
69.242464 40.868814 69.245197 40.870291
48.523588 39.315863 48.526312 39.318188
45.419145 39.224868 45.420365 39.225820
48.431035 39.233505 48.432584 39.235004
49.948694 40.492157 49.953209 40.495164
69.246700 41.344144 69.250531 41.347740
46.690926 43.834077 46.692914 43.836073
45.250954 42.091837 45.252371 42.092976
76.756701 30.703799 76.757689 30.704633
69.237330 41.211075 69.238502 41.211832
68.755173 42.425523 68.760749 42.429634
69.508049 41.422023 69.510476 41.423450
69.433089 41.187980 69.435135 41.189659
69.316420 41.095434 69.318293 41.096719
69.026038 41.446135 69.027823 41.448009
69.005502 41.198789 69.006662 41.199954
68.996116 41.138216 68.998570 41.138960
69.812269 41.587963 69.813794 41.588343
68.777745 41.156218 68.780116 41.159005
74.566033 42.763166 74.567279 42.764727
50.144651 40.378428 50.147652 40.380034
70.432215 25.514973 70.432650 25.515400
49.001492 41.183227 49.003970 41.186810
74.187412 30.045023 74.188621 30.046570
51.197443 32.373519 51.197844 32.373914
48.965859 39.585283 48.967853 39.587517
48.487746 39.516541 48.490213 39.518800
48.538646 39.309467 48.540682 39.311423
67.023055 24.892227 67.024688 24.894069
51.265437 35.538173 51.269857 35.541884
52.695805 30.903078 52.696490 30.903820
73.730590 43.622208 73.736019 43.627443
73.065488 33.609968 73.066621 33.611426
49.598095 25.378390 49.602123 25.380168
69.185689 41.235440 69.188213 41.237432
45.820374 41.704353 45.823430 41.706409
45.472763 41.910767 45.475362 41.913069
45.766187 41.805703 45.771502 41.809251
45.005274 41.958247 45.006976 41.959264
45.728359 43.328970 45.735096 43.331905
85.537572 27.611908 85.537646 27.611981
69.241584 41.409733 69.243174 41.410893
69.322905 41.076353 69.325360 41.077828
69.277958 41.000655 69.286081 41.004157
74.340218 42.940180 74.342096 42.942474
69.146682 41.373354 69.149191 41.375021
52.768540 35.757317 52.770625 35.758272
66.482920 39.968136 66.486390 39.970955
77.584260 34.157998 77.585893 34.160581
50.880956 34.642321 50.881915 34.643114
69.931332 42.991276 69.932962 42.992316
48.508406 41.355731 48.512948 41.359555
49.806864 40.356377 49.810093 40.360873
46.983113 40.311319 46.985103 40.312828
73.099228 31.409015 73.100140 31.409987
45.166354 40.880466 45.172743 40.883536
76.803545 43.172173 76.809292 43.178937
52.701820 30.912773 52.702612 30.913769
57.069330 23.994758 57.071518 23.997751
74.579208 42.935279 74.582447 42.936653
69.170808 41.239260 69.172247 41.240253
45.908336 41.645864 45.909743 41.646977
45.994669 41.490502 45.997302 41.492290
46.373421 41.436074 46.376461 41.437119
45.897126 41.594553 45.898575 41.595856
45.079081 41.932076 45.080285 41.933052
70.083181 41.069080 70.087942 41.083080
45.979858 28.433710 45.981445 28.435313
70.264514 42.487937 70.267695 42.489376
77.154722 43.352111 77.158120 43.354652
64.388427 39.759946 64.391822 39.762516
69.144626 41.387090 69.146446 41.387985
67.872949 40.116534 67.877670 40.119726
66.969405 39.641190 66.973257 39.643734
69.591029 41.501616 69.596550 41.503854
69.272161 41.154470 69.273366 41.155338
69.045240 41.289309 69.046738 41.290006
60.765324 34.731460 60.769090 34.733159
48.475339 40.009634 48.477736 40.011224
52.808961 29.861960 52.813843 29.866133
46.759141 40.423582 46.762531 40.425328
47.473342 40.538366 47.476824 40.540905
75.198314 43.537153 75.200980 43.539032
64.393478 39.725642 64.394364 39.726509
77.205653 28.656121 77.205962 28.656408
45.110407 40.326451 45.114532 40.327866
45.410020 39.197569 45.413625 39.200468
45.441957 39.187408 45.443738 39.189761
49.936778 40.495153 49.940286 40.496756
64.388545 39.755023 64.392763 39.758140
69.174310 41.254052 69.175826 41.255193
69.178213 41.253360 69.179502 41.254393
69.161147 41.253230 69.187527 41.260184
77.133443 43.393784 77.135134 43.394807
69.173835 41.257709 69.175385 41.258225
69.175420 41.255293 69.176353 41.255965
69.184315 41.256808 69.184868 41.257358
69.175754 41.258738 69.177032 41.259400
69.178157 41.257599 69.179548 41.258160
69.181230 41.254975 69.181938 41.255823
69.162322 41.254143 69.164533 41.254910
69.176544 41.259276 69.178532 41.260089
69.173870 41.255133 69.174625 41.255964
69.178342 41.254064 69.179127 41.254393
49.616318 37.281148 49.622611 37.284280
69.182804 41.257671 69.183237 41.257986
69.170341 41.256653 69.171291 41.257582
69.178390 41.255224 69.179578 41.255783
69.185233 41.256076 69.186255 41.257068
69.194459 41.275287 69.195749 41.276273
77.103818 43.378381 77.105709 43.379783
69.164830 41.257321 69.165828 41.257593
69.167500 41.255680 69.168654 41.257068
69.177076 41.255868 69.178356 41.256202
69.310620 41.303616 69.320764 41.310401
69.179415 41.257588 69.180084 41.258172
69.180420 41.257555 69.181861 41.258183
69.168656 41.255715 69.169850 41.256753
69.177601 41.256605 69.178229 41.257461
69.174428 41.253323 69.175304 41.253974
69.184273 41.255268 69.184789 41.255763
69.169715 41.255187 69.172150 41.256049
69.173040 41.256006 69.174042 41.256681
69.178229 41.255713 69.178900 41.256609
69.176237 41.254141 69.177055 41.254695
69.181852 41.255027 69.182473 41.255532
69.174962 41.259067 69.176388 41.259612
69.165714 41.257194 69.166717 41.257601
69.183611 41.257477 69.184699 41.258190
69.175558 41.256591 69.176233 41.257504
69.168154 41.255072 69.169678 41.255680
69.181754 41.257544 69.182573 41.258065
69.169837 41.256668 69.170453 41.257587
69.179854 41.256614 69.180527 41.257413
69.181787 41.255488 69.182415 41.255888
69.184581 41.255763 69.185830 41.256481
77.101308 43.377721 77.104256 43.379400
77.137884 43.391353 77.139794 43.394040
50.270642 44.531168 50.274555 44.535473
46.331633 41.644824 46.332573 41.645562
53.586094 28.507672 53.590293 28.511300
68.042005 38.415080 68.046687 38.418208
69.105595 40.360420 69.109554 40.362964
53.532575 28.503785 53.538566 28.508026
48.846008 38.719550 48.847011 38.719949
73.496486 40.007152 73.498407 40.008014
88.349261 22.775924 88.350527 22.777690
48.602207 36.134014 48.606018 36.137549
69.243391 40.425438 69.244028 40.425924
89.709920 24.449510 89.712683 24.451349
63.596058 39.018079 63.598364 39.020807
69.209551 40.546970 69.215663 40.550792
48.735512 38.863513 48.737065 38.864553
71.570332 33.997639 71.572299 33.998931
66.892276 39.644611 66.894046 39.645823
48.780771 38.829921 48.781574 38.830731
48.827832 38.723171 48.830311 38.724561
50.038432 40.575567 50.041037 40.577549
48.689487 38.906772 48.690245 38.907531
69.055455 40.646025 69.057188 40.647509
48.793646 38.732882 48.794737 38.733604
48.873221 38.648161 48.873680 38.649251
50.005781 40.559796 50.009809 40.562013
50.091568 40.498129 50.096428 40.500994
51.118864 35.608815 51.120251 35.610065
48.758979 39.012272 48.760334 39.013677
64.585218 39.975821 64.589423 39.977449
49.992773 40.535166 49.994037 40.536199
48.739645 38.795697 48.741147 38.796580
69.042355 40.531799 69.045249 40.534753
56.645571 23.650634 56.647903 23.652795
64.421921 39.816423 64.422694 39.817104
48.809496 38.699331 48.811291 38.700405
49.719891 40.443744 49.720964 40.445111
67.004965 39.656358 67.009312 39.659062
69.239101 40.373127 69.240415 40.375892
47.043979 37.482238 47.044931 37.483128
69.151224 40.572137 69.155248 40.575197
50.264744 33.467130 50.265892 33.468104
48.643983 38.964654 48.645406 38.965731
48.717726 38.961948 48.718309 38.962976
48.830838 38.741673 48.831674 38.742846
73.015068 40.984741 73.016101 40.986095
50.103069 40.523942 50.105158 40.525421
74.858774 42.782794 74.860761 42.783677
48.813537 41.437832 48.817162 41.440039
48.858921 38.714116 48.860764 38.715263
48.859814 38.746026 48.861344 38.747725
48.832447 38.596169 48.833589 38.596689
69.240843 40.371715 69.242333 40.372846
54.397109 39.490346 54.405287 39.495689
88.384310 22.735770 88.387108 22.738680
84.882851 44.301668 84.888554 44.304699
69.183861 40.387375 69.188596 40.389709
50.003344 40.536113 50.004915 40.538285
73.097470 41.008976 73.100527 41.011283
75.082834 42.741093 75.084361 42.743489
59.745515 42.666379 59.749876 42.670551
51.416729 32.396738 51.420055 32.399565
56.648310 28.858250 56.648739 28.858635
48.849564 38.690418 48.850208 38.690925
46.383077 41.697011 46.384841 41.698316
54.351951 39.513298 54.354742 39.515920
49.924051 40.545725 49.925438 40.547205
84.870442 44.300762 84.882370 44.313367
45.380589 35.573458 45.381668 35.574875
75.015923 42.744834 75.018464 42.748104
50.132472 40.489172 50.133684 40.490201
75.641738 41.119828 75.644992 41.121347
50.038987 40.568884 50.040704 40.571210
62.997412 39.318913 63.000117 39.320800
75.056473 42.692363 75.059427 42.693830
48.848043 38.739418 48.849193 38.740446
47.043969 37.479652 47.045025 37.481023
50.265777 33.466999 50.267144 33.467731
48.730388 38.923584 48.731240 38.924149
49.990385 40.535537 49.996295 40.538317
66.137615 39.472935 66.141999 39.475881
50.105320 40.514289 50.111753 40.516796
69.242487 40.370388 69.243552 40.371306
48.866277 38.622750 48.867044 38.623824
48.833982 38.596999 48.835036 38.597372
46.373233 38.065457 46.375017 38.067280
56.722949 36.752473 56.724655 36.753846
48.809373 39.041100 48.811122 39.042645
49.997430 40.529579 49.999209 40.531619
72.928111 40.901158 72.929887 40.903060
50.881149 32.329256 50.885620 32.334021
48.762550 38.762478 48.763604 38.763138
72.065229 34.421573 72.065368 34.421823
74.895178 42.766606 74.896572 42.767479
48.800027 41.440771 48.804229 41.442279
45.393286 39.558464 45.394278 39.559570
48.735753 38.892484 48.736906 38.893311
48.705743 38.870909 48.707950 38.872544
72.228396 42.509680 72.232201 42.513301
75.062368 42.751277 75.064244 42.752650
69.068115 40.468338 69.070280 40.469534
75.677293 41.143246 75.682232 41.145888
69.186640 40.436901 69.190700 40.439554
78.192053 43.578518 78.203093 43.581129
50.265999 33.467599 50.266839 33.468411
48.839120 38.660641 48.839688 38.661155
69.201693 40.347212 69.203883 40.348871
73.140351 41.828574 73.143442 41.830784
48.715992 38.938996 48.716814 38.940059
50.007451 40.536698 50.009663 40.538396
69.216690 40.390012 69.217599 40.390857
50.265789 33.465221 50.268231 33.467015
49.990189 26.538086 49.991793 26.539095
47.093062 40.531948 47.101130 40.535642
48.791032 38.763816 48.791556 38.764405
48.833213 38.739330 48.834803 38.742477
85.394864 27.660259 85.395132 27.660564
48.870088 38.598842 48.871126 38.600143
50.131096 40.495548 50.132707 40.496217
49.394149 30.890490 49.396138 30.892052
72.378547 40.742198 72.381540 40.745313
46.995204 40.679104 46.996818 40.680854
73.151155 41.840475 73.154693 41.842851
84.970963 44.468452 84.976679 44.472550
75.858649 41.477830 75.859919 41.479223
47.056120 37.477624 47.057372 37.478261
48.844894 38.612429 48.846506 38.614208
75.691397 41.120193 75.696333 41.122131
50.267160 33.466302 50.268408 33.467198
54.394661 39.488811 54.397759 39.490152
48.692524 38.943638 48.693451 38.945110
63.183190 39.248016 63.187671 39.250308
45.617952 44.159321 45.618774 44.159957
49.995965 40.528511 49.997748 40.530108
60.755692 41.328733 60.759919 41.330918
72.572785 23.004069 72.579688 23.010288
69.241393 40.424518 69.243184 40.426277
48.828319 38.682232 48.829690 38.683533
48.801573 38.651537 48.803033 38.652174
45.186711 25.337406 45.190216 25.341962
60.571102 41.689693 60.576682 41.693333
46.422913 41.723906 46.423582 41.724792
60.712171 41.322806 60.715236 41.326426
75.925076 22.750131 75.927286 22.750999
48.766163 39.032058 48.768189 39.033804
75.119676 42.719048 75.120696 42.720263
49.918260 40.544072 49.920105 40.545989
64.563138 39.965987 64.566592 39.967648
