120.691908 23.973819 120.697477 23.978376
120.536721 22.614941 120.539902 22.619813
120.547405 22.609514 120.549960 22.611524
120.572782 22.662210 120.575750 22.665050
121.733578 24.783487 121.739237 24.787819
120.225603 23.448062 120.232906 23.451882
120.543937 22.628414 120.547085 22.632855
121.437023 25.093005 121.448858 25.101319
120.652001 23.973567 120.654319 23.978047
121.411377 25.107211 121.417228 25.115405
120.555329 22.605745 120.557741 22.608297
120.571436 22.659790 120.573941 22.662221
120.567169 22.636193 120.567566 22.636517
121.073655 23.946200 121.075183 23.947124
121.442199 25.096448 121.446973 25.100724
121.435465 25.144143 121.441448 25.149334
120.571529 22.624516 120.573936 22.626766
121.435467 25.131827 121.447843 25.139457
121.413770 25.110856 121.414431 25.112631
120.749700 23.964380 120.757211 23.970423
127.116751 37.611850 127.137590 37.628116
131.932540 43.078137 131.945070 43.092089
120.173614 23.481957 120.177312 23.484283
120.576228 22.663567 120.576895 22.664128
120.568447 22.604001 120.570002 22.605111
120.559191 22.651150 120.561963 22.653279
121.438470 25.145427 121.440264 25.146531
121.614687 24.052144 121.615960 24.055945
120.576978 24.262905 120.582807 24.267681
132.526589 34.473015 132.527142 34.473466
115.766865 32.411430 115.769163 32.413112
127.952225 26.543307 127.953378 26.544122
120.457395 23.410823 120.462812 23.413196
126.217396 38.412736 126.218062 38.413341
124.939835 40.445208 124.943417 40.448009
124.975909 40.430563 124.977078 40.431053
127.380429 39.129005 127.381916 39.129569
120.475439 23.466761 120.476986 23.468353
128.276341 38.617495 128.279586 38.619016
121.444793 24.962035 121.445312 24.963085
127.588037 37.852826 127.589663 37.854199
121.637352 25.013133 121.638863 25.014572
121.384369 25.132730 121.384736 25.133172
121.396142 25.129430 121.397141 25.130059
117.058091 31.852073 117.061952 31.854795
121.717837 30.856756 121.717959 30.856847
121.717797 30.854331 121.717867 30.854499
121.717459 30.853131 121.717639 30.853320
120.280955 23.579923 120.282043 23.580300
121.469266 24.937131 121.471669 24.939534
121.749551 25.108572 121.750423 25.109020
121.575612 25.010317 121.576181 25.011085
132.367002 43.103188 132.380097 43.110289
132.512215 34.457965 132.514383 34.460096
115.764923 32.412416 115.765688 32.413023
127.774931 26.436210 127.775583 26.436883
97.913611 23.476326 97.916931 23.478067
120.725318 23.984615 120.735205 23.989375
124.941502 40.443922 124.942135 40.444314
124.893742 40.470841 124.894735 40.472078
125.970231 39.779226 125.971346 39.780987
120.533332 23.397517 120.534273 23.398101
128.260601 38.598531 128.261647 38.599604
127.593584 37.854551 127.596325 37.856685
121.601960 25.004921 121.603658 25.006657
121.377915 25.133902 121.378288 25.134230
121.405057 25.139821 121.409893 25.141477
120.192570 23.566296 120.193406 23.567013
120.462672 23.850963 120.464978 23.853747
121.717706 30.855909 121.717780 30.856076
121.717800 30.854640 121.717883 30.854803
121.717657 30.853320 121.717829 30.853532
120.281769 23.577528 120.283574 23.578959
120.365074 23.971484 120.367771 23.974306
121.469434 24.939758 121.470666 24.940852
121.432138 25.135577 121.433387 25.136298
133.200197 34.408381 133.200482 34.408621
132.609151 43.205793 132.611003 43.206852
121.544647 25.090287 121.544792 25.090435
127.795044 26.434926 127.796385 26.435492
120.342395 22.955082 120.344758 22.957776
120.405202 23.387193 120.406957 23.389972
126.198851 38.433089 126.199822 38.433699
124.941807 40.442681 124.944184 40.443755
120.535623 23.410518 120.537224 23.411796
127.404574 39.140298 127.406480 39.142457
120.510065 23.475812 120.511795 23.478271
127.375907 38.867580 127.377387 38.868390
121.736739 24.328007 121.738714 24.328826
116.812429 31.723719 116.813854 31.726209
121.404684 25.128611 121.411981 25.135874
120.673226 24.461956 120.673589 24.462339
120.191144 23.551259 120.192159 23.552113
121.717767 30.855033 121.717888 30.855204
121.717674 30.853705 121.717848 30.853903
121.717456 30.853332 121.717641 30.853534
121.717051 30.853161 121.717239 30.853343
121.717081 30.854188 121.717226 30.854328
132.810724 33.757358 132.813264 33.759452
121.464234 25.146621 121.465141 25.147243
121.418125 25.133757 121.420403 25.135090
121.607721 25.128872 121.610599 25.132248
133.514574 33.558971 133.515134 33.559304
127.747596 26.405537 127.748509 26.406258
121.554177 23.888555 121.558758 23.891787
120.338568 23.313500 120.340312 23.315054
119.441930 32.821364 119.444317 32.822746
131.518892 34.158107 131.519616 34.158622
121.620798 38.899974 121.622597 38.902231
126.112919 37.802210 126.114115 37.803049
127.420721 39.148455 127.422541 39.150570
90.400000 23.714472 90.400128 23.714538
121.445898 24.957747 121.446947 24.958249
121.820606 25.110877 121.821002 25.111175
121.381710 25.133745 121.382043 25.134134
121.420373 25.149271 121.421239 25.150163
120.191514 23.549808 120.192747 23.551322
121.717679 30.855038 121.717749 30.855201
121.717671 30.853539 121.717840 30.853698
121.438948 25.204612 121.441681 25.205308
121.519659 24.986287 121.523251 24.988395
118.979805 33.651276 118.980533 33.652140
121.420210 25.126781 121.422093 25.127659
120.199406 23.281386 120.201126 23.284757
120.289786 23.137465 120.292159 23.139098
127.897643 26.697349 127.898454 26.697623
121.533656 25.016263 121.533833 25.016384
121.763142 25.097703 121.763539 25.098062
121.358464 24.918889 121.365363 24.925218
127.399776 38.854995 127.403845 38.856020
121.374191 25.121178 121.380186 25.124478
121.424731 25.148737 121.426153 25.149983
121.717690 30.855376 121.717759 30.855535
121.717255 30.853352 121.717448 30.853537
121.716190 30.854357 121.716343 30.854507
120.277617 23.572204 120.279033 23.573814
121.462492 25.142919 121.464173 25.144809
130.464703 31.615666 130.464979 31.615956
121.419053 25.131869 121.421116 25.133440
90.404612 23.799988 90.406388 23.801986
133.386877 34.459758 133.387489 34.460175
132.004906 43.810769 132.025297 43.817142
130.758489 33.852808 130.760389 33.855509
127.921416 26.609855 127.923823 26.610524
120.735976 23.985086 120.738871 23.987339
126.321187 38.368011 126.323209 38.369188
126.214360 38.418950 126.215872 38.420850
126.218705 38.411584 126.220604 38.412883
125.972012 39.779131 125.973605 39.781325
127.405986 39.152746 127.407257 39.154318
121.670646 24.934857 121.672338 24.935940
125.725954 39.135975 125.729407 39.140157
121.489849 25.144147 121.492824 25.146963
121.406835 25.141553 121.407420 25.142163
121.717587 30.856624 121.717674 30.856756
121.717467 30.853530 121.717655 30.853691
121.717057 30.853355 121.717244 30.853548
121.434291 25.153364 121.436850 25.156572
121.463995 25.145029 121.464696 25.145477
121.418109 25.131854 121.419247 25.132791
133.198647 34.407780 133.199165 34.408038
131.009576 33.946974 131.010118 33.947241
127.854571 26.499370 127.854904 26.500083
131.411596 31.865088 131.413405 31.867192
120.340642 22.958790 120.342969 22.961495
131.392761 31.836169 131.394412 31.837042
128.821409 41.767289 128.825313 41.768985
120.631873 24.336076 120.639620 24.341384
121.627954 24.954254 121.629066 24.955039
121.407770 25.024962 121.411159 25.026822
127.400301 38.855797 127.408243 38.858132
120.757142 22.725508 120.757484 22.726126
119.793795 32.934144 119.796033 32.936847
94.529755 26.327487 94.530407 26.328273
120.722822 24.504586 120.723783 24.506520
121.402088 25.134905 121.408084 25.136463
121.403613 25.113263 121.404824 25.114282
120.708695 24.092582 120.711398 24.094503
117.050848 31.852018 117.057793 31.856579
121.717526 30.855031 121.717660 30.855204
121.716337 30.853834 121.716506 30.853868
120.277737 23.579521 120.280973 23.581325
121.677570 25.087837 121.679683 25.089176
121.416730 25.133898 121.417862 25.134443
90.419110 23.714380 90.420689 23.716667
121.563950 25.017803 121.565484 25.019291
121.615716 24.047944 121.616960 24.051751
127.829248 26.468410 127.830589 26.469437
134.943091 34.697074 134.943655 34.697579
121.517186 24.960444 121.518573 24.961809
125.958595 39.790742 125.962358 39.792731
120.545072 23.442115 120.545811 23.442723
127.417584 39.148228 127.419521 39.151735
121.556762 25.140494 121.558873 25.141567
120.943804 24.777905 120.945081 24.779762
90.055839 22.625747 90.056256 22.626187
121.375882 25.131398 121.377357 25.132449
121.416405 25.149217 121.417353 25.150578
121.402975 25.108319 121.405087 25.109848
121.717668 30.854333 121.717781 30.854490
121.717252 30.853150 121.717443 30.853336
132.835975 33.767019 132.836999 33.768399
120.283527 23.578952 120.283805 23.579107
121.474247 25.154233 121.474891 25.155843
121.780970 25.127465 121.783370 25.129285
121.440351 25.129801 121.441096 25.130615
114.040444 32.108354 114.043113 32.110897
132.510249 34.480309 132.511204 34.480723
132.406864 42.981927 132.411651 42.984914
128.057893 26.636360 128.058683 26.637149
121.519973 24.959297 121.523049 24.963216
121.648412 24.940103 121.653124 24.944370
120.749232 24.127935 120.750870 24.129831
121.457506 23.655336 121.460187 23.656303
120.264922 22.882477 120.267053 22.885977
123.009285 24.469283 123.011479 24.471701
120.758375 24.398968 120.759991 24.400558
119.391038 32.416168 119.393329 32.419088
121.382282 25.132886 121.383142 25.133182
121.417370 25.152060 121.418295 25.152845
121.401680 25.111352 121.402492 25.112146
121.717636 30.856549 121.717816 30.856638
121.717518 30.854331 121.717652 30.854488
121.504320 25.215977 121.510228 25.222987
121.474898 25.154171 121.475165 25.154430
120.317108 23.653863 120.320087 23.656403
121.564744 25.015713 121.566375 25.018484
121.611185 25.131742 121.612304 25.132836
132.527547 34.480056 132.528045 34.480293
120.304033 23.178977 120.309139 23.182763
134.991690 34.732220 134.995289 34.737423
120.301498 23.316648 120.304227 23.318474
120.359887 22.647688 120.364073 22.652540
125.964239 39.788782 125.965478 39.789654
121.626666 24.953450 121.629626 24.954607
127.473528 38.852776 127.474145 38.853252
122.945653 24.455603 122.947099 24.457946
121.381444 25.132183 121.382627 25.133047
121.423168 25.148835 121.424304 25.149768
121.408791 25.111273 121.409812 25.112308
130.500936 31.527551 130.503829 31.529517
121.717250 30.854013 121.717416 30.854172
121.716538 30.854049 121.716703 30.854187
120.284839 23.578984 120.284954 23.579117
121.475720 25.154528 121.477000 25.155310
121.479279 24.945443 121.480303 24.946753
121.568907 25.011278 121.574464 25.014285
121.609497 25.131240 121.611057 25.132487
114.265005 30.574429 114.265641 30.574897
115.664781 32.414127 115.665249 32.414552
120.323100 23.340160 120.327104 23.342434
131.409933 31.869395 131.414057 31.872609
124.529707 40.185546 124.530857 40.187269
120.546072 23.442133 120.547645 23.442763
120.553413 23.429804 120.556987 23.431432
121.701826 24.930805 121.703716 24.932516
120.811494 24.029394 120.812716 24.030088
121.446980 24.958919 121.448118 24.959918
121.457829 23.655121 121.461563 23.657000
121.409293 25.013118 121.409704 25.013387
123.004754 24.470611 123.011725 24.473699
120.776868 24.594557 120.778063 24.596360
120.780963 24.447413 120.781818 24.448394
120.703973 24.544115 120.707024 24.546478
121.408043 25.142200 121.408926 25.142985
121.487655 25.164680 121.488148 25.165195
120.278197 23.577539 120.278772 23.578232
121.364343 24.957921 121.365018 24.958899
121.478863 25.155852 121.479340 25.156230
121.853224 29.436651 121.856705 29.439356
120.896378 31.171752 120.896808 31.172104
133.197970 34.407644 133.198233 34.407810
121.565795 25.013552 121.568917 25.015791
121.614568 24.055878 121.614895 24.056418
121.610190 25.131142 121.611287 25.131881
132.512616 34.298055 132.513103 34.298526
115.768164 32.289140 115.768454 32.289759
120.302694 23.369513 120.305015 23.370461
126.305090 38.397813 126.306912 38.399683
124.532727 40.185789 124.534482 40.187117
120.510320 23.424593 120.512286 23.426849
127.441508 39.123202 127.443772 39.125778
121.669817 24.932523 121.673095 24.936303
127.638768 38.421440 127.639772 38.421755
128.311965 38.642453 128.313381 38.644612
128.143721 38.403126 128.145110 38.404254
126.639501 37.943622 126.640488 37.945670
121.415170 24.993094 121.415469 24.993348
126.949643 37.513081 126.950190 37.513739
121.646433 25.006434 121.647427 25.007878
113.417772 23.175275 113.424688 23.182653
121.561105 25.015441 121.564511 25.021787
121.609338 25.132094 121.610001 25.132466
120.148825 23.273487 120.150036 23.275054
132.512440 34.297692 132.512688 34.298073
97.944478 23.443178 97.951097 23.449531
120.798946 24.211846 120.801316 24.215673
120.483750 23.427612 120.486517 23.429724
127.433880 39.121941 127.441843 39.125795
121.707635 24.935254 121.710819 24.937532
127.333624 38.871774 127.335040 38.872287
120.756606 24.380306 120.757063 24.380800
131.452126 34.142052 131.452504 34.142507
120.772281 24.279084 120.772584 24.279449
121.717631 30.856861 121.717725 30.856957
121.717556 30.855729 121.717685 30.855895
121.717797 30.854165 121.717872 30.854324
121.716530 30.853907 121.716694 30.854034
120.664884 24.202879 120.666218 24.204142
121.447763 25.120820 121.451067 25.124229
131.858618 34.671361 131.859346 34.671896
120.210443 22.902591 120.213430 22.905074
121.615977 24.052530 121.616739 24.053306
118.798449 32.126161 118.801078 32.128478
120.121823 23.034605 120.123270 23.036190
121.918069 25.119826 121.919187 25.120743
127.382066 39.133439 127.388288 39.136402
121.682880 24.930314 121.685036 24.932170
120.483628 23.446642 120.484294 23.447184
128.312699 38.641545 128.314680 38.643632
120.757368 24.381022 120.757919 24.381725
120.814392 24.455452 120.817116 24.456872
131.418340 34.062716 131.419316 34.063204
120.198530 23.558880 120.198768 23.559118
120.710295 24.110671 120.715080 24.115058
121.717652 30.852959 121.717829 30.853117
121.716533 30.853868 121.716699 30.853896
120.916493 24.745702 120.918933 24.748042
121.449437 25.182581 121.451032 25.183622
121.499476 25.194609 121.500085 25.195050
133.200573 34.409090 133.201385 34.409813
132.499433 34.465331 132.499854 34.465720
121.315761 25.021683 121.316817 25.022917
125.208596 39.701784 125.211831 39.704604
120.490913 23.428303 120.493573 23.432019
120.192475 31.571671 120.199264 31.575757
121.378468 24.896248 121.379826 24.896585
120.758999 24.380704 120.760017 24.382175
131.434017 34.090897 131.434484 34.091377
120.195353 23.569924 120.195476 23.570037
130.331137 31.901607 130.331335 31.901745
119.493241 33.374400 119.495316 33.375954
121.480750 25.172678 121.481026 25.172990
126.932881 37.721982 126.943486 37.730898
121.544344 25.002544 121.550160 25.009914
132.409818 34.409372 132.412147 34.412084
120.146873 23.273540 120.148530 23.274426
120.088297 23.066485 120.100758 23.072966
121.317851 25.021280 121.319181 25.023300
131.456908 31.708554 131.457300 31.709266
120.620938 24.219067 120.623019 24.222679
127.591894 37.850811 127.596030 37.855021
131.409035 34.088445 131.409759 34.088934
122.974075 24.440508 122.975776 24.441227
121.717829 30.856543 121.717955 30.856627
121.717668 30.854172 121.717781 30.854333
121.717247 30.852959 121.717432 30.853138
121.716342 30.854047 121.716526 30.854183
121.716734 30.854516 121.716911 30.854653
120.995092 24.766734 120.996628 24.768275
121.482283 25.173450 121.483122 25.175183
121.384869 25.115555 121.386226 25.116128
131.811382 44.239573 131.818190 44.243232
120.290213 23.134993 120.291366 23.136325
132.421952 42.857186 132.423901 42.859023
132.489339 34.368312 132.491076 34.369232
113.048743 23.154295 113.051172 23.156733
121.635516 25.221219 121.644428 25.229008
113.035219 23.078466 113.039253 23.082159
125.962297 39.788984 125.964598 39.792417
120.243870 23.167229 120.244581 23.168255
123.873199 24.293014 123.873526 24.293623
121.378803 24.899344 121.379825 24.899895
127.325513 38.899922 127.326586 38.901390
127.461614 39.013940 127.462081 39.014345
118.450926 31.975835 118.452914 31.976984
121.507294 23.907135 121.508201 23.908462
131.407356 34.102185 131.408729 34.102740
120.191565 23.559126 120.191717 23.559285
121.717451 30.852961 121.717636 30.853122
120.998235 24.769775 120.999567 24.770974
121.476337 25.142974 121.477595 25.144140
120.398634 23.587541 120.399417 23.587977
121.384232 25.121884 121.385879 25.122624
120.110964 23.127895 120.112659 23.129770
120.315700 22.923254 120.320931 22.928747
120.350666 23.382583 120.352586 23.383877
121.440877 24.963252 121.443512 24.966100
121.675196 25.061379 121.686235 25.068501
123.662339 41.892374 123.668915 41.897829
124.889290 40.464075 124.890389 40.464486
121.387271 24.971344 121.388094 24.971979
120.192441 31.553296 120.201459 31.562397
120.208154 31.566543 120.210246 31.568453
121.444843 24.957961 121.447139 24.959173
120.535175 23.597958 120.537112 23.598947
121.507592 23.907824 121.508652 23.908644
120.776470 24.363106 120.777881 24.365000
121.717088 30.854508 121.717237 30.854653
121.261257 31.179632 121.263839 31.183083
132.822293 33.850503 132.823433 33.852123
121.476784 25.142746 121.476947 25.142883
121.358874 25.114523 121.369967 25.119496
120.517215 23.964755 120.519011 23.965446
121.552263 25.281393 121.554107 25.284711
120.110958 23.126973 120.114256 23.132821
120.424020 23.388440 120.425171 23.390958
120.500880 23.441029 120.503243 23.442703
120.278523 23.613682 120.279101 23.614314
120.481475 23.445606 120.482791 23.447066
120.197328 31.553154 120.197709 31.553557
121.377995 24.898762 121.379226 24.899273
121.399522 24.996466 121.400019 24.996986
120.714164 24.564187 120.718903 24.569971
121.717649 30.853127 121.717829 30.853306
132.821415 33.853440 132.821943 33.854708
120.984768 24.773118 120.985213 24.773706
121.473997 25.141868 121.474415 25.142222
120.174206 31.564853 120.175541 31.566075
121.383678 25.122164 121.385217 25.123082
120.517459 23.965078 120.520308 23.965871
121.535630 25.276616 121.538110 25.279998
132.411869 34.395724 132.413043 34.396321
121.551837 25.005616 121.557273 25.009511
134.060400 34.316287 134.060796 34.316471
133.294151 44.153142 133.304499 44.163399
120.149931 23.274038 120.150832 23.274985
121.207840 24.684024 121.207950 24.684171
120.135729 30.210884 120.143444 30.213987
120.308909 23.046120 120.311173 23.047221
121.702971 24.654896 121.706779 24.658026
120.194564 22.933580 120.195522 22.934572
132.433003 34.411554 132.434593 34.412402
126.136662 38.362278 126.137595 38.362846
123.700830 41.675588 123.705772 41.681291
120.290342 23.645379 120.291597 23.647047
120.761908 23.987331 120.764973 23.989555
127.345206 38.880694 127.346955 38.882043
127.472836 38.851598 127.473721 38.852710
121.489975 24.978999 121.493218 24.981221
120.571813 24.245625 120.575340 24.253038
121.717573 30.856276 121.717715 30.856434
121.717558 30.855909 121.717696 30.856080
121.717258 30.854340 121.717417 30.854480
132.821334 33.854761 132.821653 33.855106
120.980613 24.772300 120.981622 24.773239
121.471341 25.141420 121.471981 25.142185
121.386485 25.122077 121.387940 25.122975
128.360938 35.926736 128.367326 35.937213
120.520089 23.964776 120.520621 23.965188
121.573350 25.290619 121.574690 25.292372
133.135582 43.114991 133.140560 43.118249
131.462679 31.980531 131.464274 31.981014
120.198404 22.932804 120.200224 22.934586
120.279111 23.609332 120.280072 23.611282
120.496150 23.418316 120.497786 23.419448
120.479401 23.445659 120.480045 23.447249
121.376993 24.896695 121.378709 24.898668
121.398021 24.996948 121.399513 24.998141
126.605254 37.935584 126.606526 37.936319
120.797772 24.264878 120.801019 24.266768
131.078300 32.928252 131.079245 32.929194
130.453370 33.095807 130.453576 33.096002
121.415943 25.106959 121.417456 25.109138
131.267230 33.949810 131.269653 33.951064
121.717056 30.854319 121.717273 30.854507
132.820553 33.854861 132.821244 33.855763
120.978889 24.776581 120.979227 24.776857
121.468598 25.140092 121.470111 25.141225
121.383689 25.123317 121.385155 25.124662
132.412114 34.395536 132.412817 34.395958
120.320482 23.032773 120.323529 23.035796
120.654507 23.994329 120.656228 23.995363
120.195687 22.933525 120.196155 22.934483
121.475217 25.172785 121.481980 25.176325
118.345580 35.056036 118.348739 35.060796
121.420556 25.077300 121.423038 25.078934
120.435322 23.134853 120.436749 23.136332
120.501000 23.422758 120.502674 23.424729
120.270918 23.641890 120.271985 23.643394
120.533030 23.411705 120.533551 23.412142
127.410331 39.154335 127.411726 39.156385
134.585833 34.816202 134.586651 34.816897
126.132202 39.575020 126.132784 39.575638
121.408584 25.013396 121.409004 25.013548
120.748786 24.353858 120.750434 24.355032
120.581034 24.237311 120.590793 24.241176
121.434814 25.122676 121.436882 25.123554
121.717818 30.856274 121.717941 30.856438
121.717778 30.855540 121.717913 30.855701
121.717521 30.854181 121.717649 30.854322
121.717263 30.853553 121.717451 30.853700
120.979653 24.776356 120.979817 24.776561
121.472754 25.168132 121.474559 25.169162
121.366987 25.122794 121.370440 25.125092
133.199283 34.408917 133.199790 34.409211
132.023833 44.760711 132.029444 44.764521
118.728667 31.910211 118.728800 31.910335
120.703980 23.994248 120.705092 23.995690
120.653763 23.995348 120.655538 23.996021
121.926666 25.020402 121.928918 25.023392
120.289979 23.642389 120.290925 23.644573
120.532415 23.412194 120.532954 23.412584
121.379057 24.900797 121.379262 24.900970
121.443484 24.964697 121.444246 24.965511
120.329044 23.188429 120.331212 23.191189
121.259229 31.390043 121.261261 31.391974
121.401513 25.004531 121.401794 25.004785
121.554822 25.140521 121.558497 25.142001
120.799876 24.260567 120.803026 24.264117
109.075706 34.190319 109.079305 34.196105
120.748956 24.353672 120.749576 24.354007
120.471729 22.648744 120.472453 22.650486
121.432053 25.099776 121.434325 25.101216
120.476830 23.867512 120.478362 23.868248
121.717794 30.854018 121.717864 30.854156
121.716343 30.853877 121.716506 30.854039
120.673803 24.208898 120.676522 24.211140
120.981909 24.774862 120.982139 24.775049
121.476893 25.226855 121.480763 25.229394
121.509710 25.215492 121.513249 25.218017
121.493901 25.196574 121.495198 25.197188
121.388172 25.120100 121.390162 25.122638
120.978359 24.686126 120.982491 24.689264
120.382335 23.379681 120.385819 23.383141
120.693611 23.990072 120.698142 23.995143
120.647793 23.996477 120.648888 23.997817
120.360647 23.316886 120.362144 23.318012
120.495133 23.317718 120.496692 23.319333
120.721845 24.207228 120.724807 24.209254
120.276638 23.614006 120.278346 23.616295
127.411485 39.138709 127.412466 39.140764
121.679510 25.068770 121.683018 25.070409
130.427260 33.627423 130.427852 33.627872
109.072101 34.195383 109.077598 34.197969
121.433982 25.121539 121.435959 25.122918
120.686849 24.479447 120.690295 24.483137
120.975799 24.773831 120.976737 24.774583
121.488081 25.168495 121.488967 25.169054
120.329879 23.544414 120.331605 23.546167
130.517849 31.514068 130.518440 31.514629
121.384000 25.125663 121.385481 25.127918
127.769065 34.710966 127.773649 34.713910
120.706994 23.995574 120.707945 23.996539
120.649395 23.997241 120.649724 23.997607
120.724137 24.205661 120.729264 24.212328
120.290007 23.640321 120.291810 23.641633
121.376268 24.901584 121.377577 24.902429
121.408153 24.995892 121.409568 24.997174
120.353360 23.455165 120.354535 23.456750
120.792614 24.267217 120.797236 24.270496
120.597859 24.180326 120.598218 24.180526
121.437700 25.121075 121.439341 25.122099
120.636231 24.391616 120.638154 24.393253
120.194219 23.567931 120.194392 23.568053
121.717062 30.853560 121.717242 30.853707
121.715774 30.854069 121.715932 30.854196
120.971533 24.776779 120.973175 24.778124
113.280118 23.131912 113.280535 23.132297
121.483974 25.173474 121.484147 25.173621
130.512469 31.586110 130.512791 31.586294
121.385464 25.125542 121.386963 25.127346
131.963740 43.560740 131.965397 43.563351
120.705839 23.995806 120.706554 23.996472
120.647391 23.997439 120.649319 23.999410
127.135919 36.683710 127.144915 36.698499
121.539016 25.089648 121.542175 25.092106
120.409430 23.327386 120.412313 23.328235
120.515546 23.422182 120.519146 23.424008
120.545751 23.442625 120.549382 23.444337
127.453530 39.121542 127.462107 39.126153
121.938474 24.975215 121.940764 24.976309
121.421663 25.103782 121.423287 25.105713
120.668112 24.461237 120.669632 24.463644
120.638113 24.391874 120.638781 24.392361
120.709108 24.109411 120.712027 24.110853
121.485211 25.173487 121.485839 25.173978
121.485707 25.174376 121.485960 25.174671
121.516121 25.212441 121.516898 25.212885
121.362652 31.092381 121.364818 31.093739
121.385627 25.122984 121.387879 25.123916
133.205806 34.412789 133.206551 34.413057
121.358623 25.125349 121.360304 25.126271
132.344886 43.071768 132.347564 43.073690
120.257265 23.321619 120.259179 23.323215
121.605563 25.034147 121.612655 25.038434
120.277057 23.282496 120.278437 23.285525
132.509989 34.477753 132.510785 34.478208
120.954090 24.752288 120.955310 24.753627
121.556084 23.890162 121.557857 23.891820
120.706464 23.996114 120.707408 23.996829
120.343000 22.958416 120.345138 22.959698
120.404439 23.330185 120.406433 23.333484
120.518409 23.433815 120.520303 23.437650
120.267029 23.586527 120.268845 23.588096
127.414604 39.145746 127.417372 39.146819
121.378843 24.898416 121.379082 24.898538
121.959946 24.998500 121.964309 25.002185
120.767656 24.414358 120.771452 24.416910
91.899777 25.574503 91.901416 25.576398
121.433647 25.094517 121.436027 25.097741
130.541668 31.559198 130.544050 31.561463
121.717663 30.854020 121.717778 30.854172
121.007351 24.786362 121.007981 24.787039
120.973410 24.766701 120.975742 24.769198
120.376216 31.590197 120.378541 31.592845
121.384576 25.124246 121.387819 25.125253
121.362863 25.126061 121.364655 25.126487
127.287128 36.360514 127.305790 36.380723
120.256146 23.321830 120.257049 23.322813
120.704952 23.994329 120.706289 23.996469
120.400695 23.394111 120.405733 23.396666
120.393456 23.401151 120.394473 23.402892
128.793309 40.953533 128.795272 40.954185
128.809618 41.753317 128.811468 41.754906
128.827700 41.781431 128.828993 41.782599
120.411802 23.328402 120.412421 23.329415
120.875250 24.079169 120.876912 24.081051
90.400401 23.714952 90.400614 23.715164
121.376846 24.898676 121.378692 24.900429
121.407558 24.994374 121.410059 24.996093
127.474451 38.902760 127.475014 38.903157
121.529809 24.938552 121.531289 24.942007
121.429592 25.096834 121.433273 25.099075
120.670530 24.464393 120.672583 24.465250
121.717631 30.856774 121.717721 30.856861
121.717568 30.856088 121.717717 30.856266
121.717255 30.854179 121.717411 30.854317
120.670748 24.208500 120.673901 24.209669
121.470411 25.198194 121.470498 25.198263
121.381424 25.123617 121.383688 25.125627
121.364737 25.124167 121.366577 25.125999
90.402602 23.798802 90.406388 23.800946
131.380236 31.549161 131.380814 31.551540
121.585028 23.998966 121.586836 24.000230
131.937497 43.188270 131.955782 43.199030
120.704457 23.995821 120.706174 23.996719
120.291809 23.311166 120.292746 23.313959
120.411322 23.326996 120.412752 23.328162
121.447930 24.974518 121.449861 24.977020
121.426146 23.675434 121.430492 23.678494
127.450652 38.908371 127.451969 38.909615
116.583216 39.824737 116.588325 39.827807
109.070984 34.128836 109.078451 34.134738
119.498361 29.221366 119.501972 29.224694
121.436026 25.106633 121.446208 25.116888
120.669274 24.465312 120.672097 24.469334
121.418508 24.902110 121.418959 24.902590
120.694700 24.446458 120.700284 24.449616
121.717644 30.856638 121.717818 30.856756
121.716125 30.853809 121.716165 30.854039
121.716715 30.853917 121.716888 30.854029
121.005969 24.787014 121.007018 24.787576
121.386282 25.116927 121.387192 25.117575
121.361301 25.119509 121.364429 25.121490
132.442996 34.412067 132.443964 34.412680
121.538453 25.085171 121.539822 25.087726
120.704585 23.996562 120.705517 23.996914
120.473135 23.473674 120.478256 23.475791
90.399362 23.717648 90.399846 23.718259
127.423608 39.152521 127.425786 39.154717
127.380339 39.131804 127.380965 39.133150
91.273927 23.380067 91.274146 23.381112
127.497845 38.846451 127.500168 38.847600
130.543837 31.559027 130.545241 31.560503
120.928428 23.943482 120.930064 23.945043
132.872443 33.807879 132.874207 33.808036
121.716720 30.854037 121.716900 30.854177
121.238798 23.147643 121.241617 23.152185
120.686987 24.511530 120.688042 24.512325
120.741598 23.805684 120.743347 23.806616
121.385725 25.116216 121.386941 25.116848
121.365471 25.120021 121.367939 25.121889
132.444574 34.415498 132.445432 34.415963
133.521899 33.562197 133.522461 33.562446
120.983639 24.786472 120.987730 24.789632
115.714050 32.323121 115.714877 32.323731
134.960895 34.702307 134.966082 34.710136
126.137901 38.362266 126.138903 38.362826
126.911161 39.365778 126.913854 39.367906
127.470588 39.128163 127.474028 39.130724
90.400188 23.717400 90.400655 23.717844
127.406599 38.886949 127.407714 38.887467
121.639262 38.892162 121.641387 38.893141
119.504184 29.216627 119.507419 29.219376
120.632503 24.347262 120.633503 24.348001
121.437117 25.123127 121.440886 25.125435
132.872540 33.807613 132.872814 33.807851
121.717035 30.852968 121.717234 30.853141
121.716168 30.853825 121.716319 30.854028
121.716724 30.854189 121.716902 30.854326
121.360700 25.126001 121.365230 25.127882
134.065681 34.303658 134.066394 34.304417
125.250606 43.910383 125.255093 43.915548
131.482220 44.374390 131.483457 44.375323
120.289646 23.347915 120.291431 23.350434
120.313803 23.351853 120.314537 23.354765
121.376922 24.900221 121.379314 24.901954
121.486396 24.975415 121.486993 24.975658
120.417514 23.409204 120.419723 23.410545
121.035193 22.763252 121.036584 22.764841
94.558248 26.397218 94.559734 26.398741
120.726405 24.438243 120.728432 24.440150
120.772741 24.480986 120.776789 24.482852
102.686463 25.079829 102.689807 25.081485
120.637064 24.351088 120.639587 24.353838
121.417981 25.102554 121.420246 25.106837
120.669311 24.461249 120.672389 24.464364
120.650932 24.395428 120.651833 24.396351
116.837795 24.007718 116.839499 24.009010
132.873770 33.807644 132.874182 33.807854
121.914751 25.098136 121.916757 25.100245
121.360338 25.124962 121.364684 25.126370
133.380221 34.477792 133.380941 34.478515
131.809973 43.047705 131.811268 43.052123
120.305118 23.344715 120.307189 23.345810
120.412822 23.388414 120.417611 23.390806
120.399693 22.573089 120.400364 22.573827
121.541265 25.088298 121.541614 25.088924
126.166340 38.429097 126.168274 38.430152
90.405880 23.717531 90.406075 23.717706
120.235046 23.162858 120.235490 23.163570
120.509651 23.388881 120.510089 23.389204
121.454244 24.969363 121.454851 24.969769
121.442983 24.962697 121.445186 24.964338
128.048202 38.463301 128.050974 38.464745
130.179931 42.861315 130.183107 42.862905
91.274998 23.381928 91.275625 23.382863
120.422749 23.406735 120.427143 23.408576
109.038585 34.104050 109.039111 34.104445
92.049071 31.486844 92.050756 31.488408
102.679658 25.074692 102.683556 25.076962
120.638904 24.352340 120.646288 24.354976
121.428199 25.098387 121.431085 25.102377
132.872517 33.808091 132.874370 33.808364
121.717547 30.855381 121.717676 30.855542
121.716713 30.853882 121.716879 30.853910
130.454983 31.585861 130.455418 31.586126
132.445042 43.229505 132.447190 43.230813
120.132905 23.254270 120.133990 23.255566
120.195391 22.954817 120.208381 22.974284
118.995038 32.117216 119.000133 32.121730
120.328048 23.362887 120.329262 23.364050
120.450119 23.414604 120.463376 23.424069
120.488060 23.374761 120.490242 23.376545
121.446455 24.959918 121.448784 24.962281
120.472171 23.462389 120.473349 23.463401
120.409410 23.411075 120.412210 23.413240
109.031877 34.110264 109.032194 34.110546
120.632777 24.349150 120.637487 24.354270
121.430996 25.145540 121.432635 25.147495
121.442255 25.115239 121.446822 25.118982
120.659885 24.075937 120.663614 24.079525
120.198173 23.559763 120.199465 23.561068
132.872772 33.808407 132.874358 33.808685
121.480845 25.223476 121.483665 25.224548
120.485446 23.995855 120.490408 23.998566
133.202424 34.412103 133.203534 34.412870
127.263379 36.243339 127.271280 36.246698
120.279622 23.287193 120.280718 23.288824
120.132404 23.264650 120.133360 23.266178
120.310968 22.994933 120.313496 22.998411
120.220288 23.287163 120.221655 23.288413
132.688842 34.463514 132.689924 34.464571
120.327427 23.362858 120.328675 23.364695
121.528402 24.954707 121.531700 24.957968
121.692802 25.177931 121.694903 25.179506
120.455904 23.441829 120.457350 23.442559
121.481275 24.972612 121.483336 24.977008
120.469163 23.464618 120.470465 23.465404
127.397016 38.860944 127.399500 38.862540
121.934305 25.023677 121.935622 25.024583
94.434764 26.377972 94.435089 26.378426
127.585012 37.848282 127.586921 37.849650
121.407292 24.947809 121.408520 24.949344
121.428919 25.151632 121.430107 25.153198
121.438480 25.118182 121.442035 25.119395
121.435058 25.100231 121.436235 25.101118
120.671887 24.466496 120.672359 24.466992
120.449555 23.840806 120.452889 23.843843
132.872576 33.807381 132.872818 33.807587
121.717724 30.856094 121.717804 30.856262
120.471183 23.980212 120.475627 23.982947
118.708863 31.924293 118.711562 31.928263
132.132671 43.345347 132.135223 43.346623
120.330770 22.659060 120.339526 22.673020
120.523250 22.890485 120.526541 22.893395
121.336026 24.943081 121.338782 24.946293
90.400775 23.716407 90.400975 23.716508
120.548001 23.434943 120.548855 23.435667
123.872700 24.292963 123.873258 24.293403
121.447235 24.958528 121.447476 24.958857
120.768341 24.278996 120.769011 24.279484
127.585773 37.847621 127.589386 37.849307
131.469648 34.165419 131.470785 34.166604
121.417080 25.104641 121.426112 25.110074
120.645310 24.381736 120.649040 24.382952
132.872857 33.807605 132.873457 33.807846
121.717106 30.854817 121.717247 30.854954
125.951170 39.271968 125.952657 39.272770
130.789677 32.639978 130.789971 32.640108
118.717843 31.929269 118.723454 31.931464
133.517315 33.559354 133.518656 33.560538
131.190485 42.606712 131.191392 42.607321
121.396651 24.975813 121.402466 24.980345
124.981563 40.427472 124.984154 40.429055
90.405182 23.713478 90.405402 23.713655
121.483155 24.974504 121.485848 24.977991
127.402410 38.867580 127.403056 38.868205
120.772689 24.278809 120.773453 24.279452
131.467947 34.165330 131.468612 34.165863
121.438114 25.123017 121.448858 25.131606
121.446121 25.107112 121.454046 25.116550
121.440210 25.122681 121.440970 25.123122
120.748778 23.751203 120.757072 23.754535
132.872855 33.807386 132.873114 33.807575
121.717829 30.856638 121.717955 30.856755
121.717696 30.855544 121.717769 30.855701
121.717521 30.854019 121.717649 30.854169
130.463525 31.573150 130.464380 31.573936
121.437819 25.176705 121.438213 25.177102
121.477767 25.172261 121.478697 25.173126
120.278922 23.576130 120.280191 23.578665
130.489181 31.532308 130.491926 31.533621
120.130375 23.263557 120.131860 23.265779
113.038940 23.153343 113.048091 23.162597
120.464403 23.412540 120.469084 23.417327
127.421833 39.150308 127.424016 39.152825
96.492220 22.905192 96.493724 22.906313
121.376322 29.801765 121.385133 29.804779
120.773476 24.278731 120.774136 24.279150
120.754477 24.601575 120.755543 24.602528
121.412203 24.944157 121.413857 24.946122
131.466986 34.165314 131.467841 34.165717
121.433407 25.122989 121.434729 25.123818
121.433220 25.083633 121.434225 25.084660
121.715948 30.854064 121.716107 30.854191
120.279343 23.575643 120.283239 23.577902
121.481133 25.144983 121.483177 25.146709
119.969196 26.218586 119.970577 26.219719
133.204508 34.413032 133.205294 34.413854
130.414589 31.609737 130.414972 31.609981
118.716446 31.931300 118.717280 31.932545
96.050947 27.316069 96.052967 27.318036
120.129392 23.267013 120.132538 23.268305
132.508601 34.467359 132.509144 34.467928
132.688625 34.462977 132.689107 34.463169
131.422583 31.969058 131.431095 31.973939
126.136817 38.363284 126.137374 38.363667
96.491180 22.905752 96.492547 22.907333
120.769237 24.278789 120.772521 24.280134
131.469889 34.152204 131.470828 34.152519
120.277859 23.573594 120.279988 23.576058
118.713418 31.935538 118.716084 31.938060
132.402128 34.383849 132.403877 34.385559
128.772196 35.314353 128.773690 35.315086
132.477407 34.452102 132.477712 34.452504
120.262444 23.201258 120.268938 23.204669
120.259226 22.907120 120.261786 22.909247
127.432480 39.150606 127.434991 39.152296
121.047123 22.713454 121.048208 22.714474
120.249354 31.449647 120.253620 31.453446
121.717102 30.854665 121.717251 30.854796
121.715764 30.853788 121.715927 30.854050
121.293441 31.175662 121.301416 31.180044
120.973675 24.778317 120.976402 24.780849
120.278460 23.576286 120.278573 23.576449
120.540319 23.473775 120.544459 23.476596
121.015406 24.874701 121.019873 24.877106
131.920023 43.144568 131.929352 43.150093
118.840195 32.100342 118.842005 32.102385
127.571135 34.829724 127.579065 34.839037
132.412181 34.414574 132.412906 34.414870
129.094634 35.125634 129.100313 35.129356
132.687995 34.463138 132.688771 34.463366
120.800506 24.231297 120.802349 24.232672
120.382621 22.599471 120.385298 22.601712
120.462668 23.418463 120.471228 23.426592
90.399991 23.718024 90.400047 23.718089
120.418589 23.449638 120.422991 23.454788
127.299228 38.372259 127.300856 38.374337
121.902714 25.008496 121.903954 25.009775
121.380144 24.922532 121.383310 24.926429
121.477356 25.001941 121.480228 25.004081
121.642588 25.163676 121.644264 25.165128
120.898227 24.587176 120.900495 24.588942
127.549880 39.808709 127.552570 39.810213
121.365131 24.956738 121.370405 24.959111
121.716750 30.854668 121.716916 30.854807
120.278262 23.576396 120.278364 23.576528
121.014922 24.876066 121.018015 24.879184
132.478278 34.405188 132.479296 34.406220
120.134449 23.254464 120.136518 23.257318
132.837954 42.777256 132.841106 42.778971
132.520072 34.500088 132.520713 34.500640
134.053581 34.324806 134.053773 34.325032
132.688611 34.463449 132.689283 34.464428
120.785510 24.232833 120.791438 24.236820
120.316729 22.962167 120.324003 22.967719
126.312840 38.370135 126.313628 38.371135
120.412869 23.432456 120.415583 23.434024
121.444657 24.964710 121.444867 24.964972
127.397574 38.862703 127.399506 38.863408
127.396969 38.848073 127.398791 38.849826
121.049258 22.721227 121.051429 22.722812
121.046810 22.714118 121.047541 22.714632
121.039546 22.672036 121.049449 22.676252
120.230639 23.786312 120.233273 23.788122
121.429609 25.147418 121.433045 25.149561
121.401616 25.123753 121.402679 25.124479
127.126010 37.691227 127.127255 37.692369
121.431968 25.149492 121.434347 25.151773
120.752533 24.282149 120.754119 24.283304
120.295384 23.863022 120.296809 23.866290
120.578807 24.296164 120.579956 24.297029
132.408902 34.411989 132.410787 34.413941
127.191130 35.548618 127.197917 35.552751
132.479058 34.405381 132.479544 34.405692
120.193913 23.119812 120.195235 23.120523
120.897836 24.716863 120.900619 24.718661
130.463404 33.668334 130.465669 33.670543
120.954353 24.647145 120.958140 24.650487
134.052914 34.324750 134.053272 34.324983
120.689321 23.966496 120.690765 23.968194
120.401389 23.444106 120.403474 23.445968
121.377186 24.902002 121.383114 24.905447
127.402782 38.854038 127.403995 38.855295
121.432675 25.136894 121.435402 25.138306
119.100893 26.136444 119.107562 26.140678
120.757333 23.742660 120.758661 23.743827
121.717775 30.855204 121.717896 30.855363
120.197570 22.906253 120.200079 22.907921
120.315197 23.865442 120.316645 23.867434
121.726952 29.666338 121.729545 29.667336
120.787346 24.494342 120.790873 24.499683
120.690713 23.967194 120.693549 23.971124
126.210107 38.418099 126.210798 38.418864
132.796807 33.847948 132.797216 33.848598
127.338379 39.063145 127.339177 39.063703
120.388786 23.420161 120.389361 23.421094
127.403920 38.851874 127.407912 38.855598
127.396464 38.848474 127.401699 38.852058
117.158185 31.842686 117.162068 31.846235
121.432817 24.961412 121.435064 24.963255
130.683439 32.626075 130.683910 32.626922
122.088250 41.204720 122.090101 41.206676
121.419432 25.151452 121.421929 25.154686
121.398326 25.122529 121.401490 25.123884
120.304022 22.877286 120.306366 22.880636
121.715946 30.853804 121.716118 30.854047
132.822515 33.851641 132.823194 33.852692
120.666413 24.211123 120.668394 24.214407
121.441792 25.206981 121.444752 25.208843
121.465098 25.226492 121.466927 25.228118
120.288041 23.535478 120.288515 23.536044
108.566596 34.335302 108.572114 34.340452
125.825615 39.077039 125.829688 39.079376
121.586452 23.998978 121.588354 23.999774
127.581992 34.804040 127.588771 34.807756
120.160419 23.191066 120.160885 23.192062
132.638691 34.377889 132.639462 34.378335
132.491797 34.473996 132.492451 34.474288
120.970399 24.787448 120.972738 24.788891
121.001589 24.766244 121.004687 24.769104
120.381104 22.592339 120.385491 22.595845
120.380619 22.565136 120.382996 22.566589
121.619007 24.110295 121.620085 24.111265
126.214639 38.408469 126.215213 38.409037
127.404430 39.151090 127.411012 39.152380
121.383977 24.902607 121.384411 24.903399
127.665403 38.367287 127.666207 38.367974
126.601841 37.926948 126.604492 37.929876
94.504862 26.309999 94.506327 26.310970
127.572130 39.977250 127.574106 39.978785
127.566853 39.890801 127.568601 39.892208
121.425455 25.149201 121.428606 25.153129
121.416455 25.113134 121.419280 25.114779
120.928739 24.779698 120.930310 24.780812
120.938262 24.003992 120.939899 24.005595
130.465434 31.588883 130.465714 31.589272
120.966376 24.759397 120.967582 24.760611
121.449056 25.205673 121.449389 25.206343
120.278578 23.573186 120.278996 23.574208
127.086447 35.824952 127.094465 35.829185
102.802105 25.000836 102.806336 25.003819
132.775914 44.617365 132.784353 44.626708
120.133655 23.020052 120.135171 23.023001
132.520353 34.500650 132.521004 34.501248
131.397300 31.581632 131.398328 31.582446
128.644005 41.962340 128.647242 41.964389
128.795917 40.865342 128.798199 40.868307
126.212133 38.406397 126.213303 38.407494
127.413244 39.140280 127.416440 39.141613
128.124569 38.419591 128.126554 38.421764
91.260684 23.374190 91.261109 23.374550
122.090071 41.209326 122.094088 41.211332
121.441534 25.119974 121.444856 25.122936
121.396760 25.110769 121.399338 25.113138
120.938006 24.780386 120.940756 24.781763
121.717787 30.855725 121.717918 30.855897
133.199776 34.410959 133.200541 34.411366
97.278627 22.618461 97.280863 22.620031
132.343439 34.394647 132.345074 34.395694
133.513283 33.559238 133.514169 33.559690
120.116641 23.223117 120.120725 23.224967
120.338713 22.935674 120.345271 22.940866
132.856180 34.799528 132.856754 34.800103
121.922344 25.022649 121.925932 25.025193
120.803734 24.468847 120.805447 24.470898
121.384586 24.901857 121.385505 24.902641
121.483276 24.972392 121.484166 24.973041
121.442605 24.965201 121.443393 24.966676
90.399492 23.720354 90.400096 23.720591
130.695521 32.829569 130.695909 32.829966
121.406976 25.113737 121.408891 25.116610
121.717464 30.853698 121.717660 30.853910
121.717276 30.854830 121.717431 30.854954
121.504599 25.214484 121.508500 25.217037
120.323062 23.558030 120.323247 23.558142
133.200965 34.410946 133.201520 34.411145
120.154805 23.216418 120.156069 23.217641
120.158907 22.996469 120.160368 22.999824
114.501649 30.513209 114.502935 30.514069
126.317287 38.358568 126.318462 38.359973
127.432991 39.146429 127.438430 39.150208
121.375822 24.906573 121.377325 24.907900
121.432684 25.146026 121.433556 25.146515
121.415099 25.141353 121.418191 25.143651
130.510398 31.574260 130.512847 31.576300
120.699622 24.055673 120.703001 24.058908
121.716182 30.854053 121.716318 30.854189
121.716547 30.854201 121.716701 30.854328
120.322989 23.559008 120.323413 23.559183
120.314093 23.603880 120.315149 23.604593
134.053468 34.324655 134.053680 34.324822
126.214644 38.409785 126.215722 38.410183
127.432383 39.141842 127.437840 39.146959
120.245108 22.798629 120.251557 22.803387
127.301443 38.371107 127.302452 38.372524
90.380378 23.726910 90.383496 23.732229
121.379017 24.911575 121.380352 24.913031
120.776419 24.417161 120.778252 24.418435
121.402032 25.114904 121.406232 25.122422
121.406268 25.116713 121.410631 25.119726
131.254564 33.974236 131.256287 33.977783
121.717699 30.855727 121.717778 30.855897
121.717687 30.855213 121.717765 30.855365
121.717266 30.853714 121.717454 30.853912
121.716549 30.854344 121.716718 30.854494
120.371667 23.497006 120.373149 23.498245
119.520931 32.379856 119.522376 32.381185
121.582248 25.104538 121.583297 25.105582
120.586185 24.132542 120.587838 24.134149
114.509351 30.514412 114.512998 30.516669
120.207821 22.921747 120.209588 22.924876
127.818014 26.427560 127.818939 26.429241
131.649418 33.238224 131.650962 33.238989
120.380187 23.354482 120.382525 23.356638
120.614117 24.060934 120.616451 24.063721
120.418502 23.384233 120.422338 23.387962
120.463418 23.390241 120.465484 23.393727
132.092324 43.309186 132.107103 43.316572
124.886473 40.458698 124.888276 40.460604
127.452457 39.119919 127.453278 39.121163
90.399075 23.716716 90.399179 23.716760
121.383336 24.922348 121.385760 24.924497
121.444706 24.959010 121.447097 24.961136
133.905197 43.371499 133.907227 43.373224
127.588595 37.855991 127.591240 37.858021
121.432795 25.148624 121.437831 25.154060
121.414799 25.114884 121.417874 25.118057
130.481404 31.584232 130.484402 31.587157
120.955749 24.009389 120.958672 24.011743
120.341936 23.733524 120.342359 23.733893
116.833610 23.979748 116.834665 23.980371
121.716722 30.854334 121.716909 30.854490
132.798808 33.769718 132.799485 33.770345
120.490640 23.684759 120.493084 23.688829
121.674569 25.065987 121.675842 25.066994
121.579866 25.099537 121.581686 25.102518
133.199680 34.411479 133.200165 34.412048
134.566753 34.073029 134.567587 34.073435
120.562562 24.302643 120.564804 24.303918
121.586932 23.997983 121.588552 23.999130
132.470959 34.383687 132.472093 34.384642
120.125495 23.193033 120.128529 23.194971
120.163349 23.221290 120.164850 23.222539
114.500798 30.513140 114.501500 30.513757
132.552565 34.382178 132.553808 34.383028
127.991727 26.387243 127.993168 26.389071
120.619961 24.433981 120.621595 24.436757
121.605359 24.990959 121.606696 24.992253
126.214177 38.406948 126.215009 38.407650
127.432765 39.153228 127.435152 39.154231
121.632806 25.001767 121.634880 25.004057
120.859297 23.799567 120.861104 23.800565
121.380686 24.896894 121.384278 24.899950
127.407675 38.857464 127.410825 38.861160
121.623795 25.071763 121.625014 25.073226
120.864181 23.954389 120.865483 23.955134
128.196418 43.281925 128.207948 43.293107
130.178912 33.546116 130.178988 33.546178
127.587377 37.849663 127.589798 37.851510
120.785987 24.456815 120.788119 24.458895
121.431301 25.150614 121.432125 25.151448
121.418517 25.143398 121.421371 25.145990
120.660467 24.443030 120.663054 24.444750
120.772449 23.745402 120.774903 23.747650
121.716344 30.854201 121.716517 30.854328
121.475887 25.176500 121.476491 25.177039
121.475848 25.199413 121.476045 25.199599
121.442759 25.146248 121.444873 25.148261
118.967502 33.592782 118.971634 33.595601
120.941277 24.679258 120.942756 24.680671
120.578818 24.186187 120.582159 24.187941
127.731222 26.418618 127.732275 26.419566
113.234872 22.805877 113.245378 22.816390
121.561557 25.089365 121.562915 25.091191
126.207784 38.406174 126.210449 38.406837
121.632199 25.002084 121.632529 25.002268
126.892946 38.346196 126.893785 38.347025
120.220020 31.583480 120.223898 31.585930
120.862280 23.804359 120.863834 23.806502
121.374869 24.907970 121.376593 24.909601
121.064383 22.759802 121.065060 22.760500
121.082319 22.816934 121.083571 22.818307
127.565986 39.822185 127.567494 39.822533
121.432148 25.151710 121.432658 25.152435
121.414300 25.138222 121.416431 25.141353
120.662030 24.440395 120.666477 24.442903
121.717800 30.854796 121.717883 30.854969
121.717518 30.854653 121.717649 30.854805
121.717073 30.853725 121.717247 30.853903
120.270389 23.523937 120.271448 23.525347
133.003371 33.017343 133.005180 33.018031
133.199433 34.408045 133.199853 34.408549
130.506630 33.768739 130.507151 33.768988
120.097594 23.217542 120.100472 23.220618
120.305174 23.333207 120.306828 23.335479
113.330320 32.725307 113.333734 32.725807
127.809811 26.436971 127.813997 26.438041
121.513799 24.957055 121.516739 24.961529
121.616399 25.012356 121.619318 25.018772
120.227353 23.423646 120.228855 23.424512
121.376564 24.908149 121.376946 24.908506
127.445677 38.842099 127.447355 38.842989
121.046332 22.714562 121.047851 22.715906
94.844035 36.429365 94.849742 36.433312
130.740907 32.868203 130.740994 32.868294
127.554533 39.813291 127.557173 39.816791
121.419269 25.138644 121.422295 25.141829
121.441741 25.144822 121.442819 25.145642
133.196866 34.407244 133.197745 34.407979
120.947567 24.685136 120.951863 24.688578
121.616125 24.048331 121.618225 24.052579
120.588236 24.129543 120.590388 24.131293
127.215173 36.455085 127.226199 36.466208
133.514260 33.559893 133.514790 33.560448
120.107572 23.211994 120.108787 23.212700
121.230276 24.797614 121.232044 24.798939
127.890541 26.664342 127.890907 26.664839
120.329095 23.085838 120.333215 23.087458
90.398927 23.717280 90.399257 23.717634
121.622050 25.005837 121.624051 25.008631
90.403689 23.710394 90.403934 23.710579
121.376186 24.892400 121.378203 24.893883
121.447383 24.957752 121.447710 24.958025
121.082712 22.762603 121.086895 22.765205
126.942168 37.496458 126.942214 37.496511
121.393864 25.123733 121.401270 25.127139
121.417883 25.145978 121.418768 25.146836
120.618921 23.581424 120.620094 23.583616
121.679542 25.068574 121.680658 25.069116
121.732105 25.097890 121.733375 25.099631
121.673175 25.126269 121.675048 25.128162
120.948062 24.682605 120.948711 24.683243
120.595595 24.183447 120.602861 24.189256
132.525179 34.485034 132.525595 34.485692
127.902153 26.661908 127.902509 26.662307
130.739514 32.819196 130.742643 32.821098
120.781460 24.113293 120.784392 24.116531
127.428077 39.153365 127.429241 39.154813
127.454195 39.120129 127.457029 39.121286
128.275879 38.642412 128.277917 38.643556
121.375344 24.893301 121.378584 24.896255
120.762588 24.607904 120.764717 24.609953
120.558954 23.886958 120.561388 23.888193
131.462473 34.163302 131.463189 34.163742
121.398655 25.121375 121.399891 25.122466
121.382139 25.137693 121.383146 25.138427
121.403779 25.141826 121.404952 25.142905
121.717539 30.855215 121.717668 30.855376
132.790588 33.751487 132.791979 33.752321
121.686508 25.116631 121.689132 25.118738
121.920254 29.614556 121.920867 29.615525
120.597862 24.192348 120.604279 24.198926
120.226985 23.273260 120.228438 23.274598
127.921101 26.521144 127.921559 26.521756
120.315335 22.983267 120.319521 22.987572
131.655692 33.227640 131.657011 33.228145
121.653465 25.170550 121.654930 25.171854
90.399427 23.721367 90.399510 23.721446
128.265987 38.639739 128.270498 38.641507
121.453339 24.969983 121.455405 24.972464
127.662715 38.369748 127.663273 38.370426
121.410096 25.114030 121.414760 25.121640
121.381435 25.133165 121.382355 25.133681
121.406748 25.142406 121.408165 25.143210
121.717547 30.855548 121.717685 30.855703
121.716182 30.854205 121.716321 30.854341
121.625291 25.071757 121.628237 25.075764
132.351796 43.383425 132.354482 43.384948
127.961351 26.488779 127.961966 26.489197
133.520015 33.561133 133.521569 33.561980
121.541528 24.953218 121.543711 24.955010
120.290289 23.325682 120.292763 23.327771
120.415005 23.373083 120.417324 23.373702
120.458963 23.376550 120.460445 23.377474
121.650563 24.702427 121.651831 24.703850
120.454893 23.316094 120.455667 23.316641
120.704934 23.935287 120.705844 23.936023
124.660492 40.246364 124.660679 40.246659
120.193112 31.561460 120.205064 31.572160
121.643835 24.121920 121.646845 24.125186
127.457950 38.984282 127.458326 38.984666
121.411182 25.118681 121.412641 25.119660
121.374690 25.130196 121.376311 25.131597
121.415770 25.144866 121.416379 25.146155
132.520611 34.487153 132.521087 34.487659
127.958764 26.542338 127.959316 26.542914
130.381202 33.516597 130.382855 33.517497
130.739752 32.821943 130.741509 32.822916
126.212268 38.418108 126.213792 38.419562
120.520101 23.443352 120.521304 23.444202
120.474525 23.465624 120.474977 23.466047
121.477588 24.990622 121.481582 24.993276
121.122355 22.717540 121.127102 22.720687
94.437878 26.382694 94.438222 26.382951
120.471768 23.867799 120.475604 23.870927
131.464296 34.156736 131.464447 34.156856
121.381065 25.130514 121.382498 25.131896
121.407865 25.135648 121.409927 25.137395
121.717806 30.856078 121.717927 30.856260
130.505627 31.543581 130.506119 31.544113
121.677900 25.124656 121.678315 25.125009
120.263288 23.301855 120.265985 23.303938
127.980136 26.564258 127.980981 26.566282
120.955819 24.726294 120.957439 24.727520
113.242919 22.811593 113.244646 22.813104
120.426736 23.361874 120.427806 23.362396
120.950074 23.951960 120.955095 23.957754
120.324062 23.087188 120.328504 23.090956
120.370923 22.592374 120.373893 22.593909
120.452760 23.422095 120.453624 23.422506
121.481493 24.991984 121.484858 24.993328
120.800707 24.534136 120.807535 24.544850
121.418611 25.138586 121.419391 25.139758
121.377351 25.130545 121.378682 25.131763
121.403866 25.140731 121.405065 25.141845
121.717797 30.854495 121.717867 30.854635
121.751628 25.110461 121.761207 25.117911
121.635078 25.110186 121.636723 25.111945
101.673000 26.059312 101.674783 26.060509
127.643008 34.992860 127.645483 34.996999
120.245065 23.285365 120.253392 23.288089
121.610090 25.130166 121.625011 25.139684
120.948415 24.785051 120.949513 24.786061
127.960528 26.339808 127.961144 26.340194
120.417198 23.370296 120.418603 23.371564
121.378631 24.964901 121.381277 24.966209
120.503186 23.429135 120.504064 23.429392
117.339328 27.538838 117.341484 27.540758
133.516262 33.561895 133.519730 33.563875
127.566075 39.823136 127.566413 39.823407
131.460197 34.160390 131.461048 34.161034
121.405950 25.115154 121.407245 25.116616
121.388859 25.107257 121.390153 25.108239
121.404169 25.135968 121.405456 25.137133
121.717737 30.856769 121.717821 30.856852
121.717518 30.854504 121.717649 30.854656
121.715948 30.854212 121.716128 30.854341
126.703944 37.613535 126.704174 37.613700
118.763553 31.986093 118.767293 31.990652
127.891487 26.662091 127.892099 26.662551
120.438310 23.403209 120.442912 23.407084
125.203982 39.699471 125.208132 39.701990
120.206373 31.568430 120.215492 31.577987
124.661193 40.247040 124.662670 40.248579
120.453836 23.423944 120.454873 23.424451
121.410251 25.026342 121.411939 25.027043
127.564300 39.823565 127.564798 39.823872
121.430272 31.022029 121.431612 31.023210
121.378307 25.123777 121.379515 25.124970
121.405441 25.135802 121.407023 25.136620
120.450376 23.895429 120.451201 23.896589
121.717775 30.855372 121.717907 30.855531
121.434809 25.156830 121.435203 25.157246
120.800483 24.298208 120.805369 24.303677
120.127473 23.246583 120.130253 23.249507
120.178758 23.043026 120.180771 23.044956
132.518731 34.461458 132.519511 34.462100
127.782223 26.279546 127.783074 26.280602
120.206243 23.257239 120.208803 23.259459
121.505984 23.841348 121.506436 23.841651
131.656132 33.227150 131.656303 33.227221
120.304982 23.685147 120.306463 23.687122
127.411038 39.136516 127.412289 39.137679
120.465150 23.417258 120.467608 23.419109
127.233997 38.444795 127.234807 38.445560
121.369864 25.087973 121.373680 25.092474
131.844988 43.867273 131.848028 43.871100
130.449446 33.102852 130.449735 33.103193
121.745440 24.306824 121.746264 24.309046
134.839104 34.943801 134.839521 34.944458
121.380509 25.133390 121.381514 25.135437
121.403841 25.143128 121.405753 25.144533
121.716136 30.854062 121.716163 30.854196
121.549537 24.974194 121.553453 24.977588
120.011323 32.253760 120.013066 32.255621
129.801332 41.798175 129.801900 41.798575
120.172061 23.044503 120.173332 23.045772
120.333399 23.083803 120.335875 23.085033
120.175898 22.942371 120.177445 22.948412
127.887311 26.624605 127.889118 26.625937
130.740768 32.821531 130.741899 32.822546
117.476603 32.903317 117.480057 32.907261
126.178166 38.422501 126.178987 38.422848
120.475306 23.466081 120.475948 23.466930
120.486514 23.502137 120.487596 23.503354
120.947082 28.098761 120.948753 28.100389
121.373896 25.087792 121.374373 25.088154
120.659835 23.917523 120.664655 23.920171
134.839699 34.943891 134.840194 34.944296
121.377699 25.128882 121.381694 25.131069
121.406832 25.146999 121.409416 25.149000
121.717733 30.856859 121.717829 30.856955
121.717062 30.853953 121.717239 30.854172
132.821337 33.850437 132.822777 33.853249
120.314571 23.600179 120.317105 23.603724
133.197464 34.407023 133.197885 34.407399
121.577159 25.006216 121.591038 25.013838
132.520640 34.463488 132.520992 34.464051
118.927316 32.140834 118.930633 32.143169
121.494748 31.059145 121.497534 31.061444
120.190695 22.933805 120.193613 22.937352
127.977057 26.559945 127.977572 26.561191
134.996383 34.670711 134.996987 34.671182
114.489738 30.399011 114.494702 30.402096
120.473253 23.469635 120.474863 23.470715
120.490778 23.520151 120.493479 23.523392
121.449528 24.959262 121.449988 24.959716
127.404488 38.877929 127.406617 38.878689
120.802534 29.108609 120.803161 29.109464
134.839945 34.943061 134.840111 34.943851
120.750463 24.264973 120.753653 24.268295
121.427607 25.156497 121.428461 25.157519
121.375158 25.124386 121.379168 25.126536
121.418413 25.149497 121.419991 25.152721
121.717665 30.854506 121.717781 30.854651
121.717255 30.854179 121.717411 30.854317
121.717262 30.854501 121.717421 30.854653
121.477073 25.176827 121.478118 25.177570
120.336344 23.556223 120.337922 23.558443
120.988692 24.769630 120.989712 24.771904
132.481200 34.370355 132.482023 34.370722
120.176014 23.042390 120.178795 23.044625
120.345127 23.084008 120.348844 23.085345
120.187022 22.913687 120.190230 22.916524
127.881667 26.645425 127.882709 26.646356
120.431500 23.367608 120.432303 23.368659
120.573938 22.897258 120.575822 22.899447
120.421165 23.411714 120.426653 23.416529
121.618554 24.110664 121.619693 24.112043
126.204543 38.419427 126.206099 38.420524
120.491027 23.425802 120.491774 23.426453
128.224171 38.729192 128.224922 38.729802
123.875053 24.275492 123.876248 24.276015
120.471454 23.518684 120.474406 23.522987
120.948907 28.100235 120.949504 28.100755
124.858117 38.119952 124.859297 38.120694
120.544570 23.420055 120.546191 23.420755
134.839530 34.943021 134.839845 34.943746
121.422228 25.153073 121.429536 25.158707
121.377362 25.131499 121.380100 25.135207
121.415729 25.146482 121.418110 25.149072
130.541362 31.596989 130.547056 31.600709
121.717663 30.854647 121.717786 30.854803
121.716799 30.854161 121.716827 30.854219
121.477469 25.177442 121.477816 25.177718
120.318214 23.559005 120.320865 23.560673
119.238643 33.752854 119.240186 33.753672
133.195353 34.406848 133.195976 34.407477
129.799742 41.797893 129.800271 41.798282
132.481953 34.370311 132.482989 34.371053
132.520477 34.477633 132.520894 34.478028
131.446344 42.873233 131.449016 42.874574
120.981372 24.769861 120.985124 24.772967
127.930503 26.607659 127.931345 26.608501
121.376741 25.035931 121.385047 25.046655
134.749597 34.964306 134.751145 34.965056
132.909391 42.866543 132.917236 42.872258
128.846565 41.248314 128.847380 41.248770
120.382431 22.791847 120.386205 22.795306
126.211968 38.416763 126.214886 38.418239
127.416050 39.146410 127.418403 39.148852
120.476619 23.423835 120.477300 23.424505
128.222524 38.729945 128.223372 38.730284
120.544390 23.421106 120.545699 23.422210
134.850911 34.945768 134.851461 34.946453
121.444449 25.112223 121.458112 25.123131
121.382083 25.133645 121.382438 25.133859
121.407450 25.140660 121.409026 25.142132
121.716346 30.854346 121.716531 30.854500
121.477882 25.176949 121.478776 25.178005
133.200259 34.409344 133.200502 34.409488
121.574713 25.011115 121.577263 25.013827
132.797803 43.172620 132.799881 43.174608
131.367172 42.878709 131.374617 42.882434
102.284737 31.871259 102.285551 31.872071
127.890455 26.505562 127.891172 26.506109
120.299128 23.317427 120.300694 23.320349
121.559162 25.021751 121.560867 25.022940
121.861841 25.036968 121.865965 25.043578
120.392174 23.439224 120.393147 23.440831
120.985080 24.774658 120.988334 24.776317
120.472807 23.464536 120.474649 23.466491
127.571215 38.413072 127.571955 38.413677
120.547872 23.422858 120.548927 23.423917
134.852249 34.945073 134.852653 34.945394
121.430176 25.154383 121.431230 25.155324
121.383428 25.132966 121.383801 25.133184
121.414298 25.148785 121.416294 25.153192
130.526737 31.568858 130.534202 31.572966
121.467371 25.198263 121.468784 25.199007
120.300701 23.545454 120.302135 23.546886
131.837707 44.346479 131.839818 44.349586
132.369222 34.381130 132.370787 34.382019
102.529780 32.811250 102.531732 32.812511
127.793414 26.434866 127.794624 26.435705
121.995420 25.005768 121.999538 25.012143
126.121625 37.821319 126.123026 37.823330
120.988517 24.772403 120.990605 24.774721
120.474374 23.463796 120.477274 23.466564
108.927703 34.208347 108.930736 34.212252
121.483614 24.973997 121.484299 24.974495
120.702646 24.082327 120.705440 24.084432
121.429073 25.156068 121.431024 25.158101
121.378353 25.128560 121.379310 25.129157
121.406199 25.136662 121.406546 25.136882
131.433808 31.920447 131.435488 31.922027
130.528950 31.581353 130.531505 31.583693
130.328488 31.908608 130.328673 31.908894
121.717837 30.856847 121.717959 30.856948
121.717674 30.854805 121.717786 30.854969
120.830229 24.160360 120.831892 24.161330
121.451431 25.166357 121.452688 25.167825
121.440009 25.149192 121.441069 25.150990
120.301143 23.546385 120.303409 23.547902
126.816326 26.342499 126.817378 26.342802
127.965425 26.544762 127.966233 26.545332
121.489741 24.976644 121.492948 24.978973
120.445810 23.418565 120.452416 23.422478
124.942950 40.444355 124.947124 40.445747
121.129387 22.972895 121.132357 22.974119
127.380182 39.130120 127.381110 39.130599
120.424812 31.447941 120.426799 31.449506
127.433713 38.848523 127.435065 38.849423
119.504285 23.353659 119.512148 23.358824
120.727001 24.491277 120.727773 24.492077
134.852463 34.944811 134.853077 34.945033
121.379914 25.138859 121.380219 25.139105
121.418780 25.147098 121.419514 25.147623
121.717797 30.855903 121.717923 30.856074
121.717523 30.854803 121.717663 30.854966
121.717021 30.853947 121.717067 30.854481
121.522042 25.213781 121.524398 25.215731
121.536962 25.093697 121.538614 25.096544
120.979994 24.723897 120.981080 24.725298
128.125124 26.597487 128.125397 26.598192
131.409394 31.896954 131.411458 31.899478
120.190672 22.932037 120.191944 22.933544
120.389518 23.479847 120.392322 23.482449
120.513774 23.409779 120.515757 23.411641
120.488302 23.427062 120.488636 23.427369
128.258509 38.597738 128.260465 38.598601
129.812448 32.749826 129.813716 32.750553
127.453450 38.925738 127.453680 38.926034
120.931510 24.783708 120.935036 24.785938
134.690744 34.841670 134.691032 34.841901
121.636500 25.012372 121.637401 25.013781
121.383235 25.138140 121.383535 25.138382
121.393591 25.129373 121.397949 25.132549
121.717272 30.854668 121.717435 30.854808
121.717037 30.854520 121.717083 30.854953
121.716142 30.854212 121.716171 30.854343
121.437740 25.176858 121.438088 25.177196
120.333857 23.530628 120.334640 23.531416
120.374061 23.578033 120.377111 23.580343
120.724548 23.806833 120.731301 23.810043
121.358713 23.466873 121.360413 23.468385
120.581655 22.643119 120.583455 22.646622
120.209879 23.431771 120.211798 23.432793
120.567977 22.607409 120.570242 22.608387
120.579669 22.642915 120.581617 22.644923
120.568156 22.604650 120.572437 22.607469
120.189525 23.273059 120.191361 23.275288
120.561875 22.632659 120.568129 22.636487
121.442549 25.133987 121.445221 25.136698
121.369313 23.560703 121.370364 23.561955
120.593417 24.221592 120.596932 24.225059
130.784614 32.646422 130.784813 32.646580
120.568297 23.596125 120.570661 23.597811
121.278527 24.894601 121.284249 24.896020
106.674688 39.506718 106.689913 39.521439
120.558224 24.299692 120.560163 24.300723
120.714859 24.190167 120.715204 24.191382
130.505359 31.514078 130.505737 31.514589
120.206426 23.458367 120.208755 23.460717
121.039359 24.846777 121.040348 24.847912
121.079369 24.937707 121.084308 24.940625
120.558013 24.066853 120.559018 24.069156
100.238985 41.014791 100.241886 41.016795
120.560665 23.596617 120.562516 23.597585
120.264223 23.503551 120.266434 23.506256
120.756946 24.496935 120.759410 24.499156
120.713978 24.186660 120.714483 24.187424
120.684445 24.422861 120.691725 24.426806
120.805554 24.424073 120.807580 24.425572
120.888793 32.084065 120.891397 32.086607
120.218953 23.398300 120.220287 23.399151
120.714725 24.189552 120.714945 24.190100
120.968991 24.786207 120.969488 24.787235
132.675805 44.525967 132.684045 44.530352
120.709004 24.499078 120.710435 24.501321
121.821036 24.821554 121.822560 24.826088
121.341402 23.489729 121.342683 23.491444
120.968002 24.787388 120.969650 24.790022
132.579204 44.443792 132.583669 44.446326
120.188167 23.417278 120.189126 23.418311
130.558463 31.605591 130.559268 31.606386
130.548585 31.619488 130.552262 31.625211
120.380410 23.933260 120.382730 23.936103
101.647435 24.690609 101.647598 24.690752
121.007946 24.755808 121.009198 24.756471
120.900702 32.038034 120.904123 32.041199
120.185628 23.418676 120.187557 23.419956
121.548247 23.976212 121.551160 23.978535
106.813856 39.928543 106.835864 39.943260
131.405331 34.051843 131.405830 34.052315
120.669821 24.229022 120.672771 24.231010
121.037504 24.847530 121.042419 24.851635
131.814714 34.050275 131.817171 34.051358
121.492164 23.966198 121.493122 23.966983
120.862300 32.034600 120.864877 32.037182
121.806019 24.455376 121.808402 24.456951
120.559683 24.280908 120.562181 24.282519
121.011797 24.749850 121.013092 24.751142
120.583528 24.233014 120.586028 24.234208
113.255514 23.198101 113.257863 23.199674
120.653702 24.430824 120.655211 24.431814
131.523531 34.153159 131.525556 34.154844
120.215258 23.411026 120.216938 23.413187
121.763866 24.818083 121.767239 24.821080
121.686087 24.957661 121.687350 24.958825
120.507448 23.918221 120.511696 23.919319
121.131955 24.925829 121.137032 24.930764
120.813075 24.256172 120.814926 24.258752
133.518639 33.560340 133.518766 33.560467
131.832217 34.035511 131.837313 34.041681
120.714641 24.187709 120.715074 24.189421
120.256955 23.505190 120.257762 23.506164
120.801048 24.209243 120.801869 24.210907
120.971341 24.744515 120.972754 24.745849
120.291712 23.442311 120.292776 23.443849
121.379605 23.584941 121.382453 23.588201
120.554979 24.183980 120.560132 24.187762
120.560777 24.176440 120.563690 24.179613
120.699110 24.486558 120.702073 24.488134
120.550113 24.161832 120.557349 24.166992
120.715506 24.193013 120.716919 24.198041
120.790353 24.518372 120.792589 24.520717
120.842250 24.213946 120.844197 24.217669
120.647648 24.235085 120.651995 24.238899
121.290380 24.862585 121.292835 24.865169
120.790089 24.528143 120.792960 24.530637
120.820022 24.219645 120.822244 24.221812
121.151766 23.038878 121.154667 23.042028
120.798002 24.200596 120.800650 24.202709
121.332157 23.488723 121.332876 23.489771
120.715074 24.191436 120.715474 24.192300
121.618009 25.027407 121.620240 25.028771
120.551145 24.287453 120.552802 24.290033
120.209410 23.468707 120.211740 23.470760
121.014582 24.751883 121.015457 24.752606
133.219674 43.088640 133.222925 43.089858
106.666004 39.511415 106.679340 39.523359
118.338613 24.425499 118.341284 24.427751
120.604094 24.222350 120.612977 24.231104
121.300194 24.882481 121.306228 24.890810
131.410136 34.079426 131.410385 34.079953
120.733829 24.601476 120.735746 24.603478
120.671087 24.232467 120.676065 24.240575
120.581628 22.816989 120.593606 22.826479
120.776657 24.196446 120.779106 24.197653
120.258804 23.528043 120.260899 23.529891
120.428706 23.510928 120.430605 23.511516
121.307622 24.890732 121.308988 24.892297
121.039749 24.844508 121.041785 24.846335
120.521856 24.208397 120.522956 24.209573
120.588932 24.256633 120.595382 24.258889
120.697687 24.488175 120.699767 24.490051
119.443310 32.345998 119.444898 32.347173
120.531538 23.556085 120.532621 23.557429
120.457183 24.127936 120.458128 24.128922
120.587036 24.255714 120.588390 24.256933
120.551967 24.286135 120.552836 24.287211
120.737640 24.304967 120.742401 24.313312
106.875576 39.717259 106.884372 39.725924
120.553001 23.561875 120.555300 23.564168
120.969393 24.786374 120.970924 24.788146
121.041742 24.849865 121.042771 24.850896
120.173642 23.383171 120.177150 23.386088
120.650794 23.881637 120.654635 23.884378
120.594207 24.285275 120.600249 24.291155
120.575820 24.235080 120.580144 24.237347
120.650596 24.430924 120.652287 24.432914
131.406630 34.089250 131.407252 34.089796
131.523982 34.152314 131.524752 34.152942
