135.488855 34.674228 135.489177 34.674406
135.488706 34.674186 135.489303 34.674461
140.217236 35.982334 140.218444 35.983747
140.996480 37.637974 140.997190 37.638525
139.731478 35.671776 139.732060 35.672186
135.458852 34.714260 135.459258 34.714595
139.788337 35.707020 139.788529 35.707215
136.982293 35.222637 136.985007 35.224584
135.716449 34.705233 135.717409 34.706754
135.767788 35.006463 135.768243 35.006582
139.363457 37.306072 139.364095 37.306567
139.874896 37.589974 139.875597 37.590375
140.736981 37.688185 140.737296 37.688497
140.997825 37.139803 140.998059 37.139985
140.400431 40.254053 140.401078 40.254606
139.442385 37.395026 139.442688 37.395323
139.721391 35.660810 139.721734 35.661058
135.563859 34.635803 135.564755 34.636665
141.365709 43.019735 141.366937 43.020570
139.789075 35.708795 139.789207 35.709047
139.066636 35.060447 139.067137 35.060728
135.761617 35.084436 135.762214 35.085003
139.273698 35.656807 139.275779 35.658436
139.904694 37.580030 139.905499 37.580690
139.314848 37.344812 139.315693 37.345256
139.890161 37.456860 139.890673 37.457220
135.767557 35.006295 135.767963 35.006479
139.942806 37.525156 139.943860 37.526456
139.913631 37.617264 139.914728 37.618395
135.383880 34.736041 135.384386 34.736767
139.442091 37.395121 139.442224 37.395179
139.357207 35.708869 139.357962 35.709515
139.677737 35.698348 139.679298 35.699733
140.778740 36.935414 140.780214 36.936774
140.840905 38.220309 140.841497 38.220914
139.629152 35.494786 139.630455 35.495691
139.732350 35.671449 139.732752 35.671774
135.454098 34.765721 135.455364 34.766126
141.452880 42.964396 141.466071 42.975702
139.579017 35.434837 139.579418 35.435566
139.442113 35.598140 139.445074 35.599811
140.694247 37.624755 140.694809 37.625385
135.000023 34.649904 135.001343 34.650818
135.760283 35.084752 135.761237 35.085372
135.768338 35.006260 135.768825 35.006837
139.693660 35.881377 139.694434 35.881835
139.531714 37.471618 139.531838 37.471726
139.278451 35.745453 139.290010 35.752444
139.457741 35.454158 139.458561 35.454681
139.579406 35.434876 139.579740 35.435116
143.111617 42.905418 143.120637 42.909379
136.507456 34.727756 136.508110 34.728478
139.726735 35.666833 139.726952 35.667024
136.261250 35.231783 136.262615 35.232798
139.729546 35.613472 139.730466 35.614018
140.415929 37.735406 140.416423 37.736276
139.715968 35.624498 139.716396 35.624793
141.091607 38.787822 141.092033 38.788043
139.570891 35.991528 139.571188 35.991793
141.891328 39.255744 141.893481 39.256925
139.783553 35.712987 139.783722 35.713105
135.451037 34.729194 135.451328 34.729441
141.389985 43.026655 141.391986 43.028434
141.287310 43.086401 141.289131 43.087574
138.388403 34.956905 138.389001 34.957395
136.146976 36.139492 136.147595 36.139641
138.915040 36.552866 138.915298 36.552969
140.757764 42.906296 140.758573 42.906727
139.771843 35.863446 139.773758 35.865043
139.888506 37.457308 139.889454 37.457997
139.908516 37.365696 139.909300 37.366414
139.866960 37.512512 139.867262 37.513010
141.749002 44.895054 141.750176 44.896370
140.408821 39.051477 140.409089 39.051670
135.541326 34.689347 135.541758 34.689688
139.867903 37.652568 139.869459 37.654435
139.530467 37.464211 139.530701 37.464756
136.295665 35.334931 136.296212 35.335488
136.817202 35.299235 136.819959 35.300720
139.737495 35.666724 139.737765 35.667007
140.002598 35.733821 140.009446 35.741508
139.327315 35.821375 139.330206 35.824925
138.344841 34.924455 138.345359 34.925077
136.608298 34.537781 136.609182 34.538092
135.490822 34.877519 135.498095 34.882750
137.018852 35.408416 137.020771 35.409538
139.555295 35.443652 139.555798 35.443833
136.801406 35.287480 136.801665 35.287704
140.382383 38.438537 140.382776 38.438829
139.530403 37.464810 139.530630 37.465154
140.726725 36.906118 140.728448 36.907273
145.888212 43.453954 145.888738 43.454321
141.592060 39.029502 141.593295 39.030679
139.783180 35.710238 139.783421 35.710669
140.125748 39.702877 140.126529 39.703459
135.447713 34.837478 135.449389 34.838763
135.451462 34.787735 135.452258 34.788586
139.885614 37.451449 139.887021 37.452102
136.995269 35.410398 137.000762 35.413885
135.572392 34.561546 135.572574 34.561863
135.497167 34.745057 135.497528 34.745400
141.616275 38.993721 141.617748 38.995380
135.507882 34.730499 135.508465 34.731014
135.730052 34.468235 135.731637 34.468933
139.868071 37.654618 139.868756 37.655125
140.067901 35.788466 140.068151 35.789168
139.311669 35.741372 139.312980 35.742777
139.737728 35.666875 139.738104 35.667257
139.785326 35.708340 139.785988 35.708833
135.505539 34.639965 135.510287 34.641827
136.677052 35.055291 136.677356 35.055442
139.408440 35.440750 139.409296 35.441243
135.439146 34.836622 135.441299 34.840171
140.995313 43.164966 140.998530 43.167892
135.451808 34.786988 135.452717 34.788083
139.660383 35.230261 139.667048 35.239328
139.255384 35.705931 139.260796 35.712014
139.893886 37.507168 139.894319 37.507620
135.767767 35.008176 135.768668 35.008620
139.939417 37.540589 139.939917 37.540841
135.575981 34.559349 135.576787 34.560268
139.255400 36.420083 139.255531 36.420173
140.638373 35.907474 140.639178 35.907840
139.547380 35.806931 139.547702 35.807303
138.698219 35.705570 138.699284 35.706933
140.067742 35.787228 140.068032 35.787854
139.502073 35.677888 139.518790 35.689018
136.253737 35.411491 136.254326 35.411941
140.811488 38.269050 140.825189 38.280378
140.847240 36.948276 140.848438 36.949006
135.501796 34.831073 135.505446 34.834523
135.438886 34.834004 135.439745 34.834694
139.945285 37.515924 139.946513 37.517375
135.777096 34.673153 135.779734 34.674613
135.569586 34.556573 135.570354 34.557151
139.256142 36.419823 139.256280 36.419981
139.652039 35.155546 139.656409 35.158485
139.948423 37.507237 139.948935 37.507526
135.488485 34.736284 135.488669 34.736505
139.697250 37.462016 139.697755 37.462431
140.487668 40.274692 140.487831 40.274809
139.629464 35.425185 139.634624 35.428165
139.684967 35.657556 139.685099 35.657645
139.782252 35.710729 139.782477 35.710873
135.439470 34.834877 135.440683 34.836351
135.452294 34.781637 135.452491 34.781759
139.262074 35.835002 139.269642 35.838027
139.555264 35.443564 139.555665 35.443679
140.994681 37.135934 140.996083 37.136820
139.948225 37.507427 139.948702 37.508094
140.465810 40.272518 140.466032 40.272768
138.474443 35.264645 138.474622 35.264757
139.684868 35.657673 139.685165 35.657823
141.372414 43.017602 141.377896 43.024632
139.784722 35.710602 139.784936 35.710699
138.358413 34.918342 138.359085 34.918850
137.274886 35.245857 137.275632 35.246394
139.986373 35.713174 139.986768 35.713497
135.438236 34.835521 135.439509 34.836396
136.652741 36.600400 136.653022 36.600577
135.701444 34.933018 135.701952 34.933689
139.665455 35.577248 139.665577 35.577391
135.726117 34.712677 135.727190 34.713537
135.779876 34.674690 135.781365 34.676064
139.914522 37.543708 139.914895 37.544233
140.590909 36.344083 140.592067 36.344856
140.060009 35.773297 140.060171 35.773448
139.422709 37.314242 139.423307 37.314581
139.502184 35.737519 139.503717 35.739442
140.989281 37.761686 140.990080 37.763028
139.457241 35.439795 139.457979 35.440376
139.711946 35.670526 139.712584 35.671110
139.330952 35.718241 139.331581 35.718622
141.919627 39.321010 141.920952 39.321530
135.490025 34.875624 135.490676 34.876351
140.054654 35.707215 140.055979 35.708174
140.025674 37.448937 140.026701 37.449856
135.734909 34.704722 135.737058 34.705965
139.919476 37.543759 139.919850 37.543991
139.555699 35.443541 139.556161 35.443643
139.952041 37.556939 139.952288 37.557139
139.650438 35.741301 139.651250 35.742897
139.712525 35.670482 139.712963 35.670942
143.159371 42.732541 143.160464 42.733120
136.844947 35.184646 136.845709 35.185876
139.318633 35.741699 139.319375 35.743092
140.046135 35.765020 140.048032 35.766455
140.266364 41.733198 140.266583 41.733377
139.937120 37.549525 139.938609 37.550088
139.862617 37.553084 139.862927 37.553698
140.093823 35.895299 140.095078 35.896465
139.912321 37.574768 139.912649 37.575006
135.800613 34.917453 135.801139 34.917696
140.425004 39.050170 140.425198 39.050315
139.419449 35.496200 139.420297 35.496986
139.670617 35.752958 139.671419 35.753413
135.634169 34.767974 135.634763 34.768480
141.020281 37.575680 141.020892 37.575886
140.875730 38.239331 140.876449 38.239932
140.850217 38.214685 140.852582 38.215887
135.783781 35.003698 135.784235 35.004131
139.352050 35.671422 139.352710 35.672020
135.453408 34.783569 135.453903 34.783736
135.455523 34.831973 135.456082 34.832335
135.078009 44.246707 135.080933 44.248506
139.529757 35.741663 139.532821 35.744429
139.555737 35.443609 139.556166 35.443689
140.095103 35.893306 140.096616 35.894884
139.112105 35.631831 139.114031 35.633710
139.658983 35.608546 139.662374 35.609801
140.139608 38.061532 140.140482 38.062231
135.630964 34.773297 135.631285 34.773652
140.852569 38.284001 140.856614 38.285705
139.747342 35.662484 139.747791 35.662875
139.783889 35.709607 139.784410 35.709821
139.473510 35.842162 139.475012 35.843577
135.701323 34.800204 135.702025 34.800651
135.489710 34.873589 135.491831 34.875735
135.452057 34.781873 135.452417 34.782112
140.024231 35.711077 140.025343 35.711390
138.390264 34.976403 138.390852 34.976734
139.332594 35.638198 139.333026 35.638582
139.906085 37.473220 139.906943 37.474193
139.934773 37.562199 139.935650 37.563174
139.899624 37.555405 139.900241 37.555587
140.491874 35.892781 140.492209 35.893039
140.061370 35.773259 140.061503 35.773368
139.927547 37.379001 139.927829 37.379334
139.435639 35.352486 139.442516 35.361367
139.741568 35.667407 139.742154 35.668307
139.747205 35.662656 139.747860 35.663420
139.579464 35.433711 139.580550 35.434862
139.393013 35.517320 139.395068 35.519442
135.808762 34.913261 135.810420 34.914405
136.509119 34.604904 136.509480 34.605251
135.428591 34.810366 135.429152 34.810876
135.444864 34.775025 135.446042 34.775624
135.454015 34.778043 135.454470 34.778467
139.896813 37.504129 139.897211 37.504603
139.210679 36.414707 139.210883 36.414845
139.598357 35.451381 139.599245 35.451913
139.861777 37.250523 139.862376 37.251228
140.217239 35.980696 140.219101 35.982578
137.531301 34.939371 137.531714 34.939938
139.460544 35.444845 139.461136 35.445658
135.492978 34.864609 135.494788 34.866278
139.923236 37.560056 139.923851 37.560517
139.123071 36.400695 139.126070 36.403631
140.698383 41.767420 140.700578 41.768784
139.105351 35.634585 139.106349 35.635181
139.210330 36.414205 139.210665 36.414882
139.546307 35.431742 139.547808 35.432706
138.992387 37.292695 138.992567 37.292939
139.718482 35.661873 139.724614 35.669647
141.009668 37.574273 141.010858 37.574778
135.501670 34.870996 135.505439 34.873740
135.804459 34.914952 135.807457 34.916213
139.974342 35.704630 139.974639 35.704908
135.488198 34.871039 135.494947 34.876944
139.676238 35.718549 139.676779 35.718950
136.978294 35.175745 136.978913 35.177322
141.303559 38.429417 141.304992 38.431299
135.673143 35.024190 135.673728 35.024648
140.152069 41.783007 140.152820 41.783582
139.431170 35.463121 139.431321 35.463244
139.943516 37.515301 139.944201 37.515695
136.172612 34.972823 136.173442 34.973617
139.908043 37.557725 139.908509 37.558072
136.262182 35.301416 136.263070 35.302415
140.700445 41.767801 140.703315 41.769470
135.643862 34.523600 135.644228 34.523890
139.740451 35.613468 139.740936 35.613849
139.769061 35.722416 139.774765 35.727990
140.394538 36.410769 140.401128 36.414671
141.234112 38.409465 141.235640 38.410926
141.020994 37.574629 141.021792 37.575610
135.504329 34.506088 135.504761 34.506723
135.525160 34.601015 135.526087 34.601459
141.387600 43.193663 141.389805 43.194180
139.334246 35.717955 139.334843 35.718573
139.973891 35.703263 139.974368 35.703757
135.464052 34.832492 135.464623 34.832940
139.522847 35.573709 139.523373 35.573978
136.979208 35.175272 136.981159 35.175924
139.656248 35.747792 139.657318 35.748387
135.840747 34.695746 135.844009 34.697216
136.877026 35.278771 136.877251 35.278948
139.953513 37.502924 139.954590 37.503638
139.917979 37.567038 139.918441 37.567470
139.723721 35.785000 139.724037 35.785213
139.881428 35.912237 139.882828 35.912947
140.139619 38.061543 140.140468 38.062222
140.054825 35.749657 140.055724 35.750481
140.162009 38.054914 140.162601 38.055833
139.722590 35.669417 139.723367 35.669952
139.753171 35.781404 139.753637 35.781853
139.502179 35.520788 139.503332 35.521775
137.395812 34.751529 137.401436 34.756118
141.383882 43.194704 141.390674 43.198700
139.718349 35.762469 139.718716 35.763101
136.652717 36.600574 136.653002 36.600766
137.190957 36.715075 137.196429 36.719464
135.484056 34.825165 135.485143 34.825818
139.522199 35.573520 139.522863 35.574062
136.976844 35.173712 136.978747 35.174816
139.459517 35.513112 139.459626 35.513208
139.813905 37.485428 139.814100 37.485758
139.937261 37.546785 139.938679 37.547822
139.939999 37.550142 139.940312 37.550443
140.540871 36.330630 140.541475 36.331186
135.733629 34.698972 135.734420 34.699999
139.741274 35.614710 139.741762 35.615399
139.311317 36.152748 139.312599 36.153295
139.722038 35.669244 139.722533 35.669615
136.515222 34.751011 136.515569 34.751356
139.333272 35.726132 139.333961 35.726759
139.520397 35.573413 139.521080 35.574014
136.980650 35.170999 136.981846 35.171878
139.274032 35.627481 139.277712 35.633930
139.898834 37.451029 139.898950 37.451069
139.813682 37.485224 139.813980 37.485740
135.586006 34.573359 135.586602 34.573800
140.461601 37.770671 140.461660 37.770715
138.880929 37.516966 138.880971 37.517064
139.432885 35.433310 139.433415 35.433667
140.378568 40.234947 140.379085 40.235346
139.941993 35.775999 139.958773 35.784801
139.341882 35.614194 139.345012 35.616467
139.534335 35.604613 139.540424 35.610590
140.892093 38.198776 140.893146 38.199449
137.011694 35.087602 137.017315 35.091953
136.962489 35.174738 136.965740 35.176928
141.226875 43.051411 141.233389 43.053408
141.591567 42.659450 141.597370 42.663114
138.864443 35.392866 138.865272 35.393107
139.519779 35.572832 139.520646 35.573608
136.977934 35.174660 136.979011 35.175709
135.091616 44.248447 135.097941 44.251502
138.408492 34.991861 138.410904 34.993607
139.901805 37.583468 139.902301 37.583844
139.918814 37.523792 139.919189 37.524089
140.006953 37.476681 140.007703 37.477399
140.545391 36.332020 140.546965 36.333012
139.885204 37.556451 139.885825 37.556887
140.934982 37.095321 140.935543 37.095671
140.481005 37.772475 140.481303 37.772707
140.479273 39.087735 140.479445 39.087906
139.587438 35.599808 139.599770 35.608066
141.002031 37.569419 141.002845 37.570508
140.873878 36.991184 140.874601 36.991635
141.878091 39.276883 141.878891 39.277715
140.941523 37.581352 140.942527 37.582023
140.850232 38.027125 140.851770 38.027892
139.340255 35.705771 139.341279 35.706706
138.864676 35.392272 138.865089 35.392678
135.729558 34.687151 135.734559 34.690770
139.520948 35.572162 139.522456 35.573423
136.978583 35.172776 136.981467 35.174491
138.436676 34.996912 138.437268 34.997492
139.284620 35.655997 139.288377 35.658887
139.919909 37.547959 139.921217 37.548703
139.849263 37.532030 139.849648 37.532632
140.934664 37.092773 140.935159 37.093259
137.833808 34.686897 137.835497 34.689207
140.083226 35.778326 140.083801 35.778692
139.272641 35.844389 139.274593 35.846842
140.905474 36.960288 140.906314 36.960979
139.735259 35.700266 139.735717 35.700574
139.249836 35.371338 139.250362 35.371820
141.251897 42.935446 141.255582 42.941062
136.979238 35.174584 136.981368 35.175446
139.915034 37.423506 139.915424 37.424030
140.951483 37.077810 140.952256 37.078512
140.346549 37.212728 140.347162 37.213241
138.833420 37.352875 138.833585 37.352968
139.932115 35.638278 139.936191 35.641354
135.636141 34.772135 135.636610 34.772538
136.631521 36.444865 136.632811 36.446157
139.718176 35.762764 139.718349 35.762916
136.661258 34.523896 136.661372 34.524032
139.521229 35.574373 139.522330 35.576032
136.977941 35.170407 136.979918 35.172269
139.983040 35.762235 139.984804 35.764724
139.887912 37.729096 139.888213 37.729325
135.702694 34.653285 135.704237 34.654335
139.916110 37.419711 139.916509 37.420226
139.918841 37.559780 139.919322 37.560099
139.563452 35.459275 139.564281 35.460228
139.856133 37.542454 139.856325 37.542761
135.356499 34.775347 135.357006 34.775879
138.887980 37.079302 138.888281 37.079622
140.938344 37.080585 140.939172 37.081146
139.319953 36.153222 139.321073 36.154084
140.078759 35.767518 140.079258 35.767888
138.834640 37.353215 138.835311 37.353572
139.015107 37.313333 139.015288 37.313477
139.649037 35.433463 139.650764 35.434559
140.963585 36.990426 140.965214 36.991094
136.957454 35.172196 136.961876 35.175125
135.610224 34.516180 135.610738 34.516452
135.540924 34.671573 135.541313 34.672096
135.644165 34.769643 135.649012 34.773626
140.020823 35.712646 140.020974 35.712805
136.974104 35.171016 136.977062 35.173248
139.323482 35.647133 139.326512 35.649618
139.318528 37.351853 139.319527 37.352392
139.893778 37.566950 139.894048 37.567142
139.923932 37.552800 139.924334 37.553211
139.849787 37.538665 139.850336 37.538909
139.939877 37.558962 139.940061 37.559134
139.931125 37.557340 139.931440 37.557592
138.864206 35.102404 138.865280 35.103377
139.268576 35.658102 139.276612 35.664121
141.879067 39.275123 141.880648 39.277113
141.424735 43.046095 141.426924 43.047747
138.179292 36.653915 138.180088 36.654911
139.580557 35.435667 139.581112 35.436164
138.933339 36.345637 138.940708 36.351562
139.519710 35.571432 139.521484 35.572710
136.975667 35.172466 136.978353 35.174546
139.888506 37.559931 139.888837 37.560143
139.922880 37.539117 139.923223 37.539394
138.831375 37.349222 138.831985 37.349448
139.465155 37.398395 139.465468 37.398761
139.508708 37.445685 139.509000 37.446004
140.218423 35.982846 140.219033 35.983728
139.711671 35.665732 139.712496 35.666411
135.778434 34.723710 135.778681 34.723906
135.288671 34.721682 135.289255 34.722248
137.072049 35.065526 137.073197 35.066711
139.518200 35.573545 139.519001 35.574120
139.460216 35.433761 139.460597 35.434058
136.981613 35.172553 136.983436 35.174579
135.536470 34.474187 135.538010 34.475811
135.767633 35.009726 135.768496 35.009890
139.857482 37.541220 139.858184 37.541799
139.458565 35.407462 139.459437 35.407799
135.569248 34.566204 135.569461 34.566471
140.398238 37.715276 140.399049 37.715834
140.888044 38.282516 140.889045 38.283172
140.616479 36.500855 140.618292 36.502321
135.287457 34.721152 135.288758 34.722068
135.700800 34.800472 135.701992 34.801213
140.028018 35.702186 140.028986 35.702995
135.787473 35.075110 135.787865 35.075530
139.522664 35.574020 139.523139 35.574508
136.980376 35.169920 136.982639 35.171080
139.942694 37.512156 139.946597 37.516168
140.710647 41.866648 140.711621 41.867145
136.649989 35.167597 136.650620 35.167956
139.923516 37.567655 139.923771 37.567856
139.828229 37.592690 139.828855 37.593243
136.773961 35.284971 136.774883 35.285564
139.458629 35.407143 139.459091 35.407274
135.568906 34.566445 135.569223 34.566501
136.269202 35.273929 136.269588 35.274288
135.549667 34.627171 135.550356 34.627898
140.953726 37.090390 140.955022 37.091419
139.067223 36.371780 139.067543 36.372127
135.764425 34.993761 135.764725 34.993947
140.262176 38.865663 140.262543 38.866217
140.120218 38.074068 140.120900 38.074931
138.820612 37.324059 138.820782 37.324211
140.962468 36.987279 140.963919 36.988591
142.316856 43.760124 142.322371 43.765805
139.976833 35.861598 139.977876 35.862705
135.561054 34.617860 135.561740 34.618451
135.825515 34.890644 135.826213 34.891255
139.518575 35.574469 139.519376 35.575270
136.976508 35.170848 136.977869 35.172642
139.251538 35.753138 139.253302 35.754657
140.360705 37.706020 140.361311 37.706484
135.805703 34.694529 135.806472 34.695143
135.583974 34.572891 135.584417 34.573144
135.569208 34.566474 135.569533 34.566772
135.644410 34.520079 135.644975 34.520499
140.287416 35.395284 140.288034 35.395765
135.764074 34.993383 135.764640 34.993680
139.305565 35.764383 139.306875 35.765465
138.157845 36.631811 138.158913 36.632383
139.605074 35.443024 139.611165 35.447401
141.882940 39.277335 141.883405 39.277823
139.421473 35.417372 139.423290 35.417865
141.525698 43.205772 141.529167 43.207548
139.520285 35.571761 139.521649 35.573264
136.979324 35.173643 136.981762 35.175015
140.196655 35.585052 140.205764 35.597161
139.338913 37.379851 139.339303 37.380212
139.910346 37.555246 139.910631 37.555554
139.259955 36.423977 139.261179 36.424898
136.773428 35.285080 136.773902 35.285501
136.181247 34.975352 136.181750 34.975792
139.556099 35.307793 139.557608 35.310029
135.568756 34.566515 135.569216 34.567225
140.282742 35.395597 140.283244 35.395907
135.763677 34.993588 135.764165 34.993905
140.076432 35.779196 140.079830 35.781157
135.709314 34.511558 135.710187 34.512516
139.785234 35.707773 139.785326 35.708056
141.526839 43.118285 141.534280 43.122232
139.293564 35.409309 139.294923 35.410639
135.694509 34.957520 135.694779 34.957665
139.518048 35.573057 139.518857 35.573580
136.981216 35.174959 136.981785 35.175429
139.713832 37.505571 139.714697 37.506554
139.857899 37.546750 139.858189 37.547131
139.882629 37.532829 139.883042 37.533366
135.569484 34.565847 135.569860 34.566369
140.501697 35.891335 140.501885 35.891544
135.644058 34.522425 135.644598 34.522767
140.287374 35.394973 140.287764 35.395341
135.764555 34.994194 135.765104 34.994774
140.260275 38.884473 140.260491 38.884824
139.321348 36.152058 139.322133 36.152670
139.879989 37.537436 139.880761 37.538495
139.931497 37.484457 139.932102 37.485190
140.213835 35.976530 140.218878 35.980707
140.928599 38.289778 140.929471 38.290500
141.541389 38.805081 141.543051 38.806042
139.786172 35.713171 139.786309 35.713394
143.856132 43.818457 143.863276 43.822014
135.694406 34.957135 135.694721 34.957500
139.518446 35.574018 139.519177 35.574553
136.978073 35.171007 136.981008 35.173473
139.171048 35.041847 139.171705 35.042075
135.444449 34.861424 135.446271 34.862577
139.261688 36.418824 139.262239 36.418999
140.590909 36.344083 140.592067 36.344856
137.723236 34.822112 137.724985 34.822724
135.497724 34.726521 135.498144 34.726980
135.764172 34.992948 135.764473 34.993352
140.122585 37.561757 140.123212 37.562315
139.880001 37.537446 139.880749 37.538486
135.453588 34.524820 135.455547 34.525894
139.932159 37.484520 139.932336 37.485069
141.104405 39.410625 141.107302 39.412310
139.585847 35.905199 139.592131 35.909698
140.916228 36.967194 140.916997 36.967660
139.616400 35.500346 139.617849 35.501849
137.125157 35.116254 137.125651 35.116869
139.580752 35.434653 139.581262 35.435111
139.787953 35.713429 139.788153 35.713643
139.596440 35.666302 139.596537 35.666384
141.161073 43.134378 141.162944 43.136139
136.978960 35.175969 136.979713 35.176633
139.389832 36.002851 139.390388 36.003222
139.860816 37.335211 139.861389 37.335885
135.800775 35.060777 135.801661 35.061540
135.765287 34.995120 135.765857 34.995728
135.173803 34.663848 135.174233 34.664089
137.404332 34.825944 137.405822 34.826801
139.410263 35.824220 139.410602 35.824503
139.449801 35.333005 139.449997 35.333174
139.962162 35.708437 139.962687 35.708828
139.334427 35.723842 139.334852 35.724159
140.732192 42.898921 140.734405 42.901050
136.981465 35.174337 136.981786 35.174625
139.742368 35.738442 139.742927 35.738862
135.720784 34.777496 135.723321 34.779544
135.515602 34.458402 135.525647 34.468149
135.574727 34.824789 135.576261 34.825408
135.763457 34.993751 135.763615 34.993895
141.710481 44.353304 141.712608 44.356965
139.633094 35.913181 139.633253 35.913490
139.500843 37.444278 139.502062 37.444686
139.457794 35.604279 139.459900 35.607611
140.906399 36.964362 140.906600 36.964661
135.485925 34.783625 135.486781 34.784271
136.961861 35.176786 136.964031 35.178555
139.601555 35.405967 139.605848 35.407498
141.287991 42.957669 141.289528 42.958623
143.176865 42.794497 143.178684 42.795785
136.527651 34.764384 136.528758 34.765238
135.051896 34.789205 135.052864 34.789717
135.460046 34.825057 135.460482 34.825726
140.882987 37.053673 140.884299 37.054732
135.451741 34.792649 135.452042 34.792964
136.979894 35.176031 136.980998 35.177059
135.812375 34.952163 135.813806 34.953282
139.925216 37.523602 139.925355 37.523752
135.764716 34.994681 135.764988 34.994873
135.430069 34.760967 135.430769 34.761706
139.632999 35.913628 139.633180 35.913933
139.756389 37.200941 139.757165 37.201424
139.651118 35.438354 139.652463 35.440722
140.884646 36.975254 140.885181 36.975857
139.718433 35.662598 139.720133 35.664118
135.486143 34.781872 135.487082 34.782579
135.502735 34.710441 135.503035 34.710690
135.503612 34.711493 135.503866 34.711556
139.785749 35.707909 139.786030 35.707982
136.980038 35.169986 136.980761 35.170386
136.923400 35.292032 136.925247 35.293273
140.059081 35.900544 140.059896 35.901465
139.924853 37.524745 139.925057 37.524843
138.799168 35.492145 138.800654 35.493078
140.909482 41.521729 140.910756 41.523390
135.643704 34.523137 135.643871 34.523232
140.078557 35.767169 140.078820 35.767344
139.985668 35.696339 139.986371 35.696734
139.775748 37.199737 139.776338 37.200160
140.928714 38.290412 140.929731 38.291162
140.809922 36.926997 140.813458 36.929698
139.846496 35.760410 139.847491 35.761086
141.880222 39.329914 141.882432 39.331376
139.977729 35.702021 139.978066 35.702209
139.273672 35.305080 139.273766 35.305137
139.389776 35.996903 139.390379 35.997352
139.260324 35.657740 139.274234 35.667865
139.922445 37.546624 139.922933 37.547003
135.595334 34.213733 135.609100 34.224718
139.876227 37.496788 139.877046 37.497629
139.948942 35.873843 139.950018 35.874565
135.491676 34.749214 135.492016 34.749440
135.643692 34.522465 135.644576 34.523576
140.559821 39.297696 140.560371 39.298038
139.749290 37.192950 139.750014 37.193550
139.987375 35.695476 139.987680 35.695649
139.779711 37.195772 139.780947 37.197205
140.694784 41.761779 140.695715 41.764342
136.269951 36.192677 136.270320 36.193092
135.131460 34.701620 135.132329 34.702297
135.482495 34.823055 135.483152 34.823761
139.788681 35.704411 139.788923 35.704649
139.393021 36.005359 139.393512 36.005539
140.257904 41.745162 140.258048 41.745307
135.851585 34.670318 135.853868 34.671698
139.952930 37.491847 139.953168 37.492149
139.924620 37.524425 139.924729 37.524550
139.898770 37.564682 139.898962 37.564853
138.975224 35.602416 138.975674 35.602855
135.453692 34.732597 135.454002 34.733023
139.993129 35.693508 139.994283 35.694241
140.985436 37.640441 140.985924 37.640908
139.680514 35.883203 139.680955 35.883655
139.608725 35.498585 139.610051 35.500066
135.738827 35.059139 135.739373 35.060013
138.375824 36.775907 138.376428 36.776798
139.489978 35.472308 139.490158 35.472470
135.134943 34.698721 135.135955 34.699608
140.464049 41.181465 140.464196 41.181677
139.532370 35.309157 139.532544 35.309286
139.784136 35.708875 139.784351 35.709030
135.628644 34.864537 135.629745 34.865343
139.937674 37.455173 139.938292 37.455723
135.767595 35.005492 135.767807 35.005862
137.052634 35.185042 137.054263 35.185768
139.925250 37.523978 139.925564 37.524074
139.900798 37.590935 139.901887 37.591478
139.062754 36.384946 139.064413 36.386202
135.626072 34.671041 135.626511 34.671385
139.265221 36.425932 139.265541 36.426284
139.877315 37.655956 139.878044 37.657970
137.357031 35.435240 137.357723 35.435647
139.610288 35.499705 139.610483 35.499878
139.847881 35.779599 139.848667 35.780277
141.892134 39.255810 141.893019 39.256225
136.477717 34.642801 136.478334 34.643550
135.466510 34.816905 135.467146 34.817297
135.133896 34.699791 135.135213 34.700980
137.730537 34.731991 137.732006 34.733071
135.510235 34.700377 135.510412 34.700592
139.887951 37.521444 139.888541 37.521730
139.929483 37.454085 139.930420 37.454838
139.916183 37.533160 139.916821 37.533549
135.767997 35.005485 135.768309 35.005604
139.886036 37.539897 139.886801 37.540428
135.657123 34.703079 135.658965 34.706182
140.044029 35.755517 140.045326 35.756509
140.111336 37.541845 140.112500 37.542389
139.774974 35.719291 139.779087 35.722988
139.610167 35.499963 139.610671 35.500324
139.746351 35.853064 139.747134 35.853661
139.544963 35.437261 139.546096 35.438504
135.803046 34.930028 135.803856 34.930745
135.814084 34.910371 135.816798 34.912615
135.131892 34.700250 135.133114 34.700989
141.136994 43.149734 141.137521 43.150455
135.510572 34.700398 135.510698 34.700571
139.936392 37.454566 139.937523 37.455287
135.767813 35.005279 135.767966 35.005487
135.768406 34.600359 135.769936 34.601177
140.108384 35.887780 140.110288 35.889362
135.722698 34.565489 135.723376 34.565971
139.952598 37.491794 139.952845 37.492162
140.721445 35.896076 140.724841 35.899192
140.412656 40.109165 140.412964 40.109384
139.986474 35.696561 139.986640 35.696726
139.494763 35.733199 139.495577 35.733985
139.680722 35.883201 139.682022 35.883936
139.788782 35.711418 139.790162 35.712189
139.473608 35.840466 139.475261 35.841867
139.265231 35.337777 139.265758 35.338402
135.127617 34.709641 135.128885 34.710648
135.130406 34.701094 135.131951 34.701734
135.737275 34.674183 135.740397 34.676640
139.443315 35.441274 139.445026 35.442673
135.677271 34.345507 135.678953 34.346700
135.768686 35.005153 135.768929 35.005725
139.956165 37.524692 139.956720 37.525230
135.510641 34.741938 135.512304 34.742261
140.064727 37.724574 140.065445 37.725050
139.862477 37.645743 139.863095 37.646410
139.982394 38.702521 139.982742 38.702688
139.988016 35.695979 139.988265 35.696104
139.434823 35.957496 139.435657 35.958219
140.212652 35.977985 140.214767 35.979396
139.712185 35.655392 139.712697 35.656478
140.010160 35.658554 140.013882 35.661566
140.083082 35.647548 140.084802 35.649259
136.521916 34.761525 136.522466 34.761844
135.126093 34.709367 135.127485 34.710605
135.132696 34.698931 135.134273 34.700501
138.934450 36.549255 138.934598 36.549351
139.474404 35.916967 139.475054 35.917353
139.915713 37.445527 139.915945 37.446210
135.492375 34.722258 135.492643 34.722468
137.921792 35.680984 137.923471 35.681976
138.886752 37.079483 138.887954 37.080324
140.385652 38.308324 140.386150 38.308692
140.367543 37.283299 140.369306 37.284521
139.894972 37.683716 139.896395 37.685229
139.536096 37.221825 139.536945 37.222320
140.991573 37.555648 140.992370 37.556252
140.882722 36.990748 140.883131 36.990967
139.702080 35.665863 139.702806 35.666530
142.400737 43.767425 142.404625 43.769457
139.785534 35.711234 139.785794 35.711363
139.745369 35.661998 139.745953 35.662539
138.186019 36.653489 138.186539 36.653715
140.772572 41.811815 140.778668 41.815345
141.771680 43.173288 141.777201 43.177675
135.124253 34.710104 135.126523 34.712831
135.128026 34.704017 135.130007 34.705666
140.833753 37.035031 140.835286 37.036079
136.003712 33.718613 136.005678 33.720072
139.954355 37.513459 139.957295 37.514615
137.016576 35.424410 137.017745 35.425290
137.933092 35.672060 137.933951 35.672312
140.065117 35.779699 140.066919 35.782364
139.986664 35.696659 139.987278 35.697201
135.464619 34.786256 135.465648 34.787019
138.186038 36.653743 138.186405 36.654176
139.474431 35.606562 139.476215 35.608745
140.776303 41.820911 140.779480 41.822370
139.788464 35.702979 139.788881 35.703259
135.121216 34.708546 135.121643 34.708939
135.135943 34.699528 135.137619 34.700320
135.784321 35.004149 135.785286 35.004999
135.456664 34.809159 135.457573 34.810868
140.040995 35.699971 140.042659 35.701056
141.256961 43.174629 141.258664 43.175486
135.479518 34.763424 135.480214 34.765449
136.171962 34.963900 136.172602 34.964327
139.896225 37.684690 139.899023 37.687051
140.074656 35.781523 140.075374 35.782198
135.686393 34.735273 135.696016 34.742549
139.803461 35.718258 139.803809 35.718418
139.744895 35.757936 139.745555 35.758970
135.470973 34.779452 135.471967 34.780721
141.891399 39.256362 141.892970 39.256757
135.615999 34.516631 135.616806 34.516900
141.778277 43.204178 141.782145 43.206399
135.122375 34.707552 135.123186 34.708266
135.127839 34.705138 135.129108 34.706902
140.656648 40.940454 140.657207 40.941218
135.456157 34.809945 135.456645 34.810680
135.812949 34.953173 135.813185 34.953768
139.850735 37.518431 139.851287 37.518861
139.405127 35.819188 139.405446 35.819570
135.456647 34.714543 135.456760 34.715203
139.636464 35.910817 139.636721 35.911022
139.766788 37.198269 139.767203 37.199095
139.986253 35.695371 139.986715 35.695667
140.083446 35.818090 140.086781 35.821094
140.757114 36.945317 140.759037 36.947995
139.717571 35.660227 139.718929 35.661586
139.469763 35.843476 139.471128 35.844069
135.804646 34.933234 135.804953 34.933748
135.125712 34.710661 135.128925 34.714033
135.134885 34.701725 135.135888 34.703963
135.784683 35.005811 135.785435 35.007120
140.011879 35.784555 140.013258 35.785897
139.651795 35.741583 139.653007 35.742433
139.948204 37.481161 139.950418 37.483671
139.318598 37.349160 139.319247 37.349554
135.371884 34.772811 135.373323 34.775465
139.856412 37.518340 139.856736 37.518814
135.674380 35.024205 135.674708 35.024428
135.583421 34.573508 135.584067 34.574540
140.558973 39.666169 140.559401 39.666382
139.895996 37.683468 139.897460 37.684317
139.994461 35.694246 139.994798 35.694631
139.918805 37.602415 139.919302 37.602826
139.785436 35.712344 139.785746 35.712509
135.592570 34.504450 135.594874 34.506062
140.306637 42.659186 140.307200 42.661053
135.136546 34.695937 135.138631 34.697927
139.937122 36.610867 139.938163 36.611731
135.543805 34.842152 135.546142 34.844448
136.874609 35.276140 136.874845 35.276451
139.905367 37.571518 139.905663 37.571772
135.635391 34.518887 135.640604 34.521864
136.264896 35.386945 136.266118 35.388211
139.747457 35.657460 139.748000 35.658045
140.811218 42.030942 140.813037 42.032261
141.293495 43.059381 141.295681 43.060822
140.446214 37.699072 140.447323 37.700079
140.696029 39.277000 140.696166 39.277066
143.747142 43.473221 143.750704 43.475813
135.132212 34.705762 135.134969 34.707767
135.822683 34.877253 135.823950 34.878245
139.967736 35.755600 139.974818 35.766664
137.328738 34.838479 137.329245 34.838974
139.546168 35.455734 139.547157 35.456185
140.809424 42.049351 140.810428 42.050103
140.609586 36.491181 140.611330 36.492730
140.905768 36.964902 140.906303 36.965196
139.788522 35.710498 139.788754 35.711069
139.803079 35.718229 139.803540 35.718615
139.789001 35.708078 139.789409 35.708257
135.738175 35.058174 135.739924 35.059429
135.131003 34.701869 135.131382 34.702102
135.693221 34.953399 135.694104 34.954444
139.651715 35.740875 139.652332 35.741218
139.120695 35.805364 139.122815 35.807381
137.015688 35.405278 137.017104 35.406563
136.965657 35.418379 136.966896 35.418940
135.528726 34.672513 135.529257 34.673132
139.972880 35.748108 139.975462 35.750581
140.226402 41.917939 140.227558 41.918442
135.464259 34.728253 135.464638 34.728846
140.803686 36.999430 140.806170 37.001048
140.969122 37.009675 140.970530 37.010604
139.490353 35.682901 139.491507 35.684788
139.549368 35.803876 139.550942 35.804655
139.786536 35.711572 139.786683 35.711755
135.480220 34.779139 135.487305 34.784246
139.789130 35.709390 139.789257 35.709503
135.777583 34.992708 135.782876 34.994989
135.129254 34.708566 135.131406 34.712277
135.124323 34.704160 135.127730 34.707012
135.533875 34.800398 135.534704 34.800931
139.117634 35.806033 139.119852 35.806888
135.848606 34.667305 135.849275 34.668330
139.272873 36.436926 139.274265 36.438005
135.528055 34.672130 135.528756 34.672837
139.871882 37.568174 139.872225 37.568445
139.935436 37.557348 139.935783 37.557489
139.970561 35.749421 139.972930 35.751329
135.752866 35.032371 135.753433 35.032738
140.150741 38.043363 140.151369 38.044176
139.504970 37.280210 139.505796 37.280974
139.817697 37.213755 139.818489 37.214345
139.368158 35.872254 139.368898 35.873366
135.673081 34.709778 135.679200 34.715908
140.963731 37.015796 140.964215 37.016316
139.788748 35.709658 139.788864 35.709916
137.728719 35.074980 137.728933 35.075217
139.789898 35.709542 139.790265 35.709736
139.703918 35.804038 139.704576 35.805079
135.121676 34.708660 135.122344 34.709227
135.128439 34.705321 135.132869 34.708895
140.694338 42.791731 140.694944 42.792420
140.000309 35.812114 140.001230 35.813126
139.932499 37.388117 139.933111 37.388815
140.575282 36.370459 140.576304 36.371349
139.947364 37.540555 139.947598 37.540800
139.870344 37.655464 139.870857 37.655978
140.431353 37.745405 140.432301 37.746030
139.664474 35.856020 139.664729 35.856268
135.419894 34.758666 135.420292 34.759191
139.546221 35.455841 139.546650 35.456163
136.999152 35.280133 137.010849 35.286975
139.542508 35.729523 139.543373 35.730734
139.459550 35.952165 139.464095 35.953695
140.900749 38.046854 140.902760 38.047896
139.455238 35.481520 139.456249 35.483084
142.334112 43.799596 142.339260 43.803748
139.784530 35.713207 139.784894 35.713445
139.788606 35.709404 139.788965 35.709665
138.371014 36.787710 138.373527 36.788567
139.361457 35.772314 139.361913 35.773465
135.123242 34.709403 135.123755 34.709759
135.131668 34.702365 135.134429 34.705769
139.976753 35.700986 139.977091 35.701225
140.692933 42.791506 140.693973 42.792357
136.641821 36.577212 136.642269 36.577519
136.637454 35.180867 136.637882 35.181156
139.886542 37.570676 139.887268 37.571203
139.530013 37.471257 139.530463 37.471584
135.775652 34.689890 135.776648 34.690820
139.879613 37.575473 139.879938 37.575603
140.573661 36.370294 140.575051 36.371650
140.380414 37.725842 140.380946 37.726061
139.580458 35.897964 139.581898 35.898814
139.477604 35.671197 139.478477 35.671851
139.789983 35.710361 139.790351 35.710579
139.789687 35.708053 139.789798 35.708193
141.327409 43.186856 141.329828 43.188217
135.126395 34.712406 135.126916 34.712841
135.129157 34.701858 135.131513 34.704079
139.975339 35.701074 139.975902 35.701568
139.397322 35.364979 139.401475 35.366816
135.380268 34.471533 135.383919 34.473210
139.936100 37.393432 139.936476 37.393627
139.293628 36.429664 139.294471 36.430245
139.249704 36.438701 139.249845 36.438806
135.224857 34.839407 135.225569 34.839855
140.380208 37.724880 140.380835 37.725631
140.440861 37.752854 140.441725 37.753283
139.095567 36.326537 139.095861 36.326775
139.717293 35.721241 139.722820 35.724229
139.482860 35.870668 139.485271 35.872886
139.785512 35.711493 139.785638 35.711718
135.478051 34.790044 135.480592 34.791450
137.414578 34.747352 137.416471 34.749112
139.788837 35.706500 139.789047 35.706678
138.326165 34.948191 138.326776 34.948613
135.803633 34.908088 135.804425 34.908372
135.128170 34.709138 135.129115 34.709675
135.133211 34.700618 135.133643 34.701186
139.724281 37.528050 139.724820 37.528723
139.868070 37.576432 139.868457 37.577044
135.799335 34.725466 135.800352 34.726533
136.210500 35.409429 136.211244 35.410044
139.254656 36.419115 139.254782 36.419321
139.499051 35.731242 139.499987 35.732231
135.126700 34.712045 135.127494 34.712716
135.127733 34.702869 135.128490 34.703892
135.431835 34.802579 135.432346 34.802984
140.063362 35.768183 140.066265 35.771149
136.872951 35.297201 136.873354 35.297743
140.134653 37.591245 140.135393 37.591633
139.872303 37.575620 139.872827 37.575797
135.485323 34.739103 135.485638 34.739266
135.458640 34.723961 135.459522 34.724676
141.525108 39.330592 141.525769 39.331220
139.599638 35.689930 139.600013 35.690459
135.636520 34.776122 135.637371 34.776861
139.460559 35.437627 139.460814 35.437942
135.739051 35.060136 135.739796 35.061045
139.543984 35.437980 139.544869 35.438794
142.389502 43.834532 142.394204 43.837936
136.627186 34.895781 136.627910 34.896261
135.121982 34.709879 135.126434 34.716601
135.691737 34.964208 135.692328 34.964888
139.314807 37.346807 139.315746 37.347346
140.101188 37.571324 140.101418 37.571482
139.930787 37.518971 139.931266 37.519152
136.872094 35.284410 136.872470 35.284605
139.863296 37.496149 139.863732 37.496536
135.627389 34.525330 135.627982 34.525610
139.827887 37.544076 139.828165 37.544459
139.294697 35.709126 139.297577 35.712502
139.779642 37.195083 139.780057 37.195880
139.786365 35.711324 139.786686 35.711497
139.504137 35.485799 139.504641 35.487555
139.730436 35.752055 139.731136 35.752486
139.911278 37.526463 139.911797 37.527229
139.952376 37.514431 139.953067 37.514696
139.980958 37.511483 139.981028 37.511533
135.767991 35.009338 135.768570 35.009561
140.104419 35.667468 140.105891 35.668426
139.605053 37.536254 139.605381 37.536521
140.560803 39.572433 140.560981 39.572534
141.523586 39.329688 141.524161 39.330168
139.992738 35.694557 139.993077 35.694825
139.754482 37.184180 139.754833 37.184526
139.774552 37.194308 139.775736 37.194932
136.779927 35.296791 136.780485 35.297032
135.739437 35.050011 135.740530 35.051406
139.791128 35.711084 139.791560 35.711313
143.182309 42.898342 143.185347 42.900595
135.805204 34.885605 135.806048 34.886519
135.509513 34.842419 135.510604 34.843038
139.519425 35.706277 139.519632 35.706563
140.693511 42.792364 140.694389 42.793214
139.943084 37.482060 139.943185 37.482243
139.901884 37.508541 139.902666 37.509062
140.101382 37.568842 140.102050 37.569707
136.876034 35.284059 136.876354 35.284349
139.971498 37.512225 139.971568 37.512265
139.868949 37.558379 139.869117 37.558614
139.259580 36.428287 139.260063 36.428641
140.332337 37.364930 140.333146 37.365626
140.352732 37.255222 140.353620 37.255913
140.527885 39.223008 140.528457 39.223247
139.714499 35.624538 139.715016 35.624807
138.878972 37.500887 138.879187 37.501108
141.525370 39.330938 141.526550 39.332098
139.778640 37.193846 139.779786 37.195054
140.917769 37.039746 140.921538 37.044355
139.789398 35.710342 139.789704 35.710591
139.791832 35.705217 139.792240 35.705491
135.805051 34.885864 135.805649 34.886313
136.552658 34.794211 136.553248 34.794673
137.725964 34.722675 137.729064 34.724924
139.942718 37.481513 139.942949 37.481683
139.951125 35.717590 139.951463 35.717868
136.874277 35.274240 136.874481 35.274404
139.264605 36.426242 139.264990 36.426460
135.836392 34.696936 135.836960 34.697547
140.098401 35.724557 140.100217 35.725994
139.895993 37.595193 139.896573 37.595601
140.352390 37.255603 140.352971 37.256127
135.637664 34.516922 135.639045 34.517538
139.715683 36.764379 139.716481 36.764842
139.483246 35.873435 139.483969 35.874473
139.782203 35.712421 139.782437 35.712688
139.787777 35.710764 139.788072 35.711081
135.481292 34.775062 135.481967 34.776027
139.577170 35.335218 139.584748 35.341143
139.531402 37.174265 139.531931 37.174586
139.733763 35.751024 139.734267 35.751207
139.942823 37.482559 139.942995 37.482749
139.358839 37.304830 139.359482 37.305236
139.901145 37.519434 139.901675 37.519854
140.016171 37.500485 140.016603 37.500944
140.888942 38.326263 140.889775 38.326837
139.843269 37.504442 139.843738 37.504832
139.859935 37.490178 139.860378 37.490791
139.739502 35.548171 139.739948 35.548557
135.629543 34.529497 135.630005 34.530070
140.414174 37.725009 140.415628 37.726019
141.525828 39.331900 141.526641 39.332675
139.497246 35.731678 139.498190 35.732316
139.705351 35.656938 139.705840 35.657374
139.847947 35.753504 139.849176 35.754055
139.733346 35.751020 139.733692 35.751510
145.563694 43.319264 145.567490 43.322001
139.426519 35.443539 139.426813 35.443926
140.239777 41.751370 140.240583 41.751951
139.369198 37.298936 139.370160 37.299915
139.902284 37.527156 139.902796 37.527559
135.709643 34.547154 135.710934 34.548186
140.427727 37.722826 140.429001 37.723534
140.009723 36.917818 140.009925 36.917994
139.641186 35.505283 139.643144 35.505933
139.477827 35.739376 139.492483 35.747777
140.789978 36.923381 140.791300 36.924214
140.910693 38.314263 140.912448 38.315456
139.643998 35.783262 139.644115 35.783350
139.540406 35.438108 139.543351 35.440045
142.450972 43.886925 142.455346 43.890461
136.544583 34.786414 136.545073 34.786736
141.893129 39.310950 141.893695 39.311703
135.808393 35.068034 135.810415 35.069728
135.471035 34.749139 135.471315 34.749367
135.747329 34.452872 135.749406 34.454471
139.314160 37.348313 139.314890 37.348691
139.855336 37.496467 139.855948 37.496954
138.977987 35.616477 138.979404 35.617345
140.167651 38.051922 140.168164 38.052872
135.576867 34.577739 135.577117 34.578369
141.523543 39.330243 141.524916 39.330866
140.083088 35.778605 140.083441 35.778868
140.967970 37.014187 140.968422 37.014599
135.417766 34.818652 135.418691 34.819298
139.788472 35.706783 139.788579 35.706933
137.000121 35.237104 137.001179 35.238202
142.521843 43.835524 142.526464 43.838602
141.941324 39.326673 141.941991 39.327036
139.456962 35.463462 139.457670 35.464130
139.956365 37.483865 139.960851 37.486355
139.998749 37.516123 139.998859 37.516169
140.912479 38.176526 140.913281 38.176924
137.697975 34.791556 137.702639 34.794009
139.261710 36.434166 139.261910 36.434322
141.524182 39.331505 141.525739 39.332354
139.223331 35.860685 139.224010 35.861216
140.814552 38.324404 140.816408 38.325855
141.492267 38.789640 141.493164 38.790596
139.477788 35.842617 139.479445 35.844156
141.827864 39.355252 141.828711 39.355850
142.357568 43.825169 142.362182 43.828279
136.540872 34.782026 136.541528 34.782565
140.021784 35.709315 140.022465 35.709585
135.700056 35.021242 135.700537 35.021895
139.943784 37.485161 139.944444 37.485388
139.913609 37.450239 139.913979 37.450706
139.904096 37.518234 139.904641 37.518839
139.239256 35.614160 139.242463 35.616114
137.695423 34.788984 137.700142 34.791418
139.940186 37.539915 139.940625 37.540547
140.335776 37.242688 140.337083 37.243348
139.261237 36.434601 139.261406 36.434723
135.575718 34.576537 135.576103 34.576921
141.522250 39.329803 141.522834 39.330598
140.081129 35.774708 140.081233 35.774870
139.525168 35.925843 139.529874 35.927539
139.441432 35.900581 139.442243 35.902320
135.680148 34.713401 135.683394 34.715333
139.550982 35.804378 139.552200 35.804796
139.788972 35.708676 139.789077 35.708802
135.698533 35.027597 135.699384 35.027926
139.307739 37.340387 139.308291 37.340731
139.639971 35.793067 139.640594 35.793638
137.698695 34.790073 137.702313 34.791938
140.996801 37.138341 140.997116 37.138799
140.319968 41.881613 140.320730 41.882171
135.575822 34.576727 135.576270 34.577127
140.068490 35.760766 140.069702 35.761585
140.946664 41.931646 140.947958 41.932397
139.781295 35.724032 139.781810 35.724478
141.852466 39.340552 141.852787 39.340876
136.976330 35.218341 136.978491 35.219814
135.718226 34.942370 135.718479 34.942758
136.276437 36.111733 136.276617 36.111993
135.715411 35.029101 135.716487 35.030501
139.925050 37.531002 139.925370 37.531291
139.334600 37.379484 139.335444 37.379743
140.997383 37.139356 140.997939 37.139761
140.383549 37.401145 140.383947 37.401903
141.492968 38.789148 141.493869 38.790546
135.677824 34.541703 135.678413 34.542692
135.558210 34.599540 135.564165 34.606261
139.788407 35.708929 139.788790 35.709089
141.233288 43.118093 141.235026 43.119522
139.946392 37.516769 139.947284 37.517232
139.884846 37.450428 139.885602 37.450974
139.925798 37.529624 139.926073 37.529992
135.768267 35.007298 135.768376 35.007479
135.848207 34.668394 135.850512 34.669565
139.252753 36.421254 139.253235 36.421599
139.810346 37.430402 139.810974 37.430810
139.879765 37.496939 139.880141 37.497382
139.322508 36.411792 139.323942 36.412566
139.210923 36.414126 139.211079 36.414252
139.273778 36.428720 139.274075 36.429009
140.082826 35.774174 140.083014 35.774454
139.643877 35.781224 139.645213 35.781709
139.765659 35.719233 139.768822 35.721545
141.298682 42.928471 141.305788 42.933652
139.788585 35.706506 139.788760 35.706609
135.808781 34.928970 135.809018 34.929439
135.701734 35.017703 135.702198 35.018217
139.270831 35.657881 139.273891 35.660007
142.426942 43.677260 142.433456 43.682597
139.906610 37.533889 139.906916 37.534203
135.767388 35.006870 135.767813 35.007018
139.845908 37.505151 139.846564 37.505553
140.996766 37.136740 140.996973 37.137243
140.164072 37.098666 140.164655 37.099094
136.161524 34.974772 136.161958 34.975086
140.610723 39.285753 140.610816 39.285829
135.785836 35.020075 135.786109 35.020587
139.317705 35.813448 139.321130 35.816216
139.830842 37.217957 139.831459 37.218704
135.371739 33.735740 135.372171 33.736123
135.784460 35.021353 135.785615 35.022290
139.661036 37.311666 139.661480 37.312030
139.569991 37.365242 139.570611 37.365565
135.788109 35.020313 135.789896 35.021252
139.324498 35.815346 139.325394 35.816282
135.437193 34.747639 135.437495 34.747793
135.784970 35.020851 135.785520 35.021085
139.993797 35.697103 139.994796 35.697775
136.649867 36.557369 136.650256 36.557729
139.772075 37.211124 139.772380 37.211351
140.476830 37.732177 140.477444 37.732948
139.575999 37.355380 139.576840 37.355887
139.537530 35.659744 139.538329 35.660422
140.134178 35.713700 140.135344 35.714180
139.872983 37.246936 139.873361 37.247267
139.853349 37.239413 139.853792 37.239839
139.463336 35.789898 139.463964 35.790576
135.792138 35.006870 135.792451 35.007136
135.789988 35.020668 135.790481 35.020864
139.844580 37.227383 139.845404 37.228097
139.635703 35.427691 139.636487 35.428351
139.060254 36.401800 139.061004 36.402351
140.480234 37.729261 140.481816 37.730141
139.863699 37.246794 139.864125 37.247147
139.768181 37.209506 139.768882 37.210141
139.974137 35.704014 139.974355 35.704166
139.897435 37.299807 139.897926 37.300492
135.788004 35.023102 135.788391 35.023356
139.801944 37.213465 139.802449 37.214026
139.862271 37.258060 139.862666 37.258721
139.847892 37.239661 139.848932 37.240822
139.612587 35.448171 139.613312 35.449446
135.788585 35.017843 135.789431 35.018243
135.828060 34.675411 135.828290 34.675581
139.845088 37.237030 139.845504 37.237504
139.905642 37.283974 139.905903 37.284268
140.083864 36.107160 140.084368 36.107417
139.615250 35.846767 139.615912 35.847519
139.865074 37.246753 139.865373 37.246948
136.649919 36.554538 136.650726 36.555107
135.787794 35.023204 135.788066 35.023406
139.366868 35.723740 139.367604 35.724305
139.629786 35.420172 139.630568 35.421074
135.788354 35.018125 135.790513 35.020505
139.861841 37.333657 139.861963 37.333743
139.771712 37.211309 139.771942 37.211510
135.788231 35.023502 135.788922 35.023773
139.985749 35.708407 139.986253 35.708953
139.660338 37.311677 139.660700 37.312006
135.787027 35.019525 135.788392 35.021329
135.788838 35.023317 135.789675 35.023846
140.011806 35.785615 140.012211 35.786086
141.330340 38.990624 141.330782 38.990985
139.897491 37.270348 139.898419 37.271111
140.134002 35.712898 140.135593 35.713431
139.073998 36.406838 139.074572 36.407172
135.510986 34.609449 135.511157 34.609630
135.789906 35.020393 135.790453 35.020766
139.822983 37.217341 139.823696 37.217821
139.864141 37.252905 139.864624 37.253313
139.058385 36.424645 139.059062 36.425029
140.883332 38.200956 140.883624 38.201757
