30.580900 67.525331 30.591121 67.528021
33.480436 69.194755 33.483800 69.196133
17.308692 68.404334 17.313381 68.405996
33.109453 68.958464 33.109870 68.958609
17.051203 69.189650 17.052947 69.190455
18.643078 69.578702 18.644988 69.579530
19.730291 69.606855 19.734165 69.607374
33.254940 69.050883 33.262628 69.054327
18.937525 69.651315 18.944348 69.654557
12.714774 67.692995 12.721630 67.693385
18.917912 69.648019 18.926703 69.651138
14.986283 68.539838 14.992840 68.541101
13.771367 68.244029 13.775641 68.245210
20.507959 69.745971 20.510930 69.746768
14.579533 68.242754 14.583194 68.244396
30.059123 69.721704 30.063155 69.722872
14.434114 68.622502 14.440594 68.623559
32.785293 68.797639 32.791077 68.802694
17.448144 68.441818 17.457535 68.447152
15.681520 69.132901 15.683417 69.133599
18.542196 70.027494 18.543304 70.027944
32.934995 68.840701 32.978443 68.859710
18.994913 69.650350 18.997942 69.652053
16.568961 68.778953 16.577033 68.781127
18.902065 69.646539 18.910473 69.648784
15.178765 68.974446 15.181823 68.975322
16.559344 68.822395 16.564280 68.824480
29.385761 69.700871 29.388814 69.702095
23.670783 67.951302 23.674806 67.952658
35.155085 69.166115 35.162976 69.167611
33.121266 68.984672 33.138586 68.992281
30.495216 67.565271 30.506373 67.568726
17.449713 68.440788 17.452438 68.441928
16.507202 68.804735 16.512872 68.807057
16.502963 68.806082 16.505801 68.807227
15.414035 68.698128 15.415426 68.699635
31.722785 69.716004 31.723078 69.716120
15.093034 68.921619 15.096731 68.922709
15.863348 69.202574 15.864066 69.203096
14.953610 68.874920 14.955560 68.875585
31.722931 69.716220 31.723223 69.716336
17.562615 68.546678 17.567266 68.548351
15.410238 68.699857 15.412788 68.702059
16.122869 69.316219 16.126361 69.317910
13.089622 67.930775 13.091001 67.931518
23.674855 70.660592 23.678417 70.661741
32.970271 68.996144 32.976025 68.998013
17.987425 69.636633 17.990905 69.637666
24.651469 70.610555 24.653745 70.611180
23.599944 68.386171 23.603452 68.387286
33.121266 68.984672 33.138586 68.992281
15.273336 68.937943 15.274268 68.938390
33.023711 68.884481 33.027332 68.886059
15.990384 69.279964 15.991523 69.280325
17.158585 68.786664 17.161739 68.787675
17.150672 68.783082 17.156953 68.784200
16.845919 68.735763 16.847006 68.736324
17.162766 68.786465 17.165508 68.787868
13.162843 68.097215 13.164135 68.097817
23.349799 68.126857 23.351289 68.127399
33.423185 67.518328 33.437905 67.524457
20.704922 69.789931 20.708259 69.791192
33.583074 67.579101 33.599289 67.582046
15.403867 68.708971 15.407135 68.710635
13.675777 68.201025 13.679017 68.202321
17.488199 69.485197 17.489780 69.485645
15.990206 69.281667 15.991934 69.282367
23.628491 68.384745 23.630371 68.385696
20.277475 67.848245 20.287154 67.850545
32.930127 68.845916 32.972718 68.859911
12.980315 67.970582 12.981324 67.971023
23.688034 67.958798 23.691973 67.960381
16.616579 68.416900 16.618914 68.417701
33.023047 68.882929 33.025128 68.885822
13.296343 68.102843 13.300250 68.104594
15.489516 68.653269 15.492264 68.654265
14.979990 67.934546 14.983378 67.936001
25.838797 69.405096 25.842917 69.406012
15.603625 78.213513 15.605460 78.213885
12.112974 67.525272 12.114626 67.526650
18.649235 68.428585 18.650969 68.428897
16.045478 68.249968 16.047754 68.250749
18.938816 69.654171 18.940887 69.654857
32.984109 67.921624 33.008341 67.928552
22.425370 68.468706 22.428106 68.469581
33.008567 69.031030 33.015654 69.032335
31.798034 68.602975 31.803256 68.603721
13.571554 68.264831 13.572671 68.265292
33.275367 68.159933 33.293327 68.164707
17.105009 69.381061 17.106603 69.381900
14.576201 68.717906 14.579800 68.719356
17.751102 69.175893 17.753625 69.177020
20.968894 70.036786 20.972551 70.038821
33.253146 67.837550 33.255773 67.838196
33.322951 67.570061 33.331155 67.571705
19.019648 69.643741 19.023261 69.644913
13.045649 67.903615 13.048031 67.904385
33.260496 68.136295 33.262889 68.137442
13.044256 67.904529 13.045750 67.905120
15.492155 68.652547 15.494649 68.653264
30.864791 69.428275 30.870816 69.431149
34.241936 67.690044 34.243419 67.690597
34.214835 67.669417 34.215803 67.669787
22.136100 70.270464 22.138229 70.271270
30.867995 69.425880 30.882200 69.429192
