-67.722163 -53.786702 -67.717562 -53.784003
-68.320315 -54.810941 -68.318661 -54.810050
-68.921204 -49.974643 -68.918959 -49.972740
-67.128458 -47.184653 -67.127138 -47.183810
-69.223665 -51.636798 -69.219465 -51.634123
-72.488473 -51.738464 -72.482014 -51.736332
-70.900225 -53.155463 -70.894160 -53.150604
-67.531725 -46.428163 -67.528485 -46.425323
-72.346977 -51.546402 -72.345305 -51.544754
-58.940675 -51.796946 -58.939898 -51.796392
-72.497298 -51.728015 -72.494833 -51.726980
-72.060031 -45.572384 -72.056382 -45.570286
-72.672045 -46.624482 -72.671479 -46.624052
-67.514208 -45.871032 -67.509762 -45.866843
-71.940737 -46.280091 -71.939733 -46.279302
-72.567476 -47.250521 -72.565877 -47.249425
-65.874710 -47.747114 -65.871180 -47.744788
-71.713863 -45.269820 -71.712849 -45.269269
-67.466954 -45.810204 -67.463302 -45.808880
-72.147264 -46.125865 -72.146604 -46.125292
-72.711833 -45.402382 -72.707983 -45.400702
-67.986401 -54.901968 -67.985902 -54.901648
-70.245251 -48.744489 -70.243180 -48.743356
-67.705304 -53.820762 -67.703916 -53.819651
-68.525688 -50.029978 -68.523005 -50.028296
-67.721901 -53.786527 -67.717803 -53.784150
-72.492476 -47.116951 -72.492154 -47.116777
-71.618350 -46.554426 -71.617710 -46.552976
-72.226760 -51.593799 -72.224458 -51.592364
-70.899410 -53.115319 -70.883467 -53.109974
-57.849670 -51.694128 -57.844883 -51.693103
-70.251528 -45.692549 -70.249424 -45.690939
-67.961855 -46.781717 -67.958113 -46.780520
-71.447699 -49.600996 -71.446242 -49.600554
-67.453114 -45.792716 -67.450142 -45.791018
-71.697839 -45.922703 -71.696600 -45.922065
-72.718950 -46.456722 -72.718275 -46.456360
-72.135169 -45.162962 -72.133903 -45.162054
-67.736539 -49.297780 -67.732730 -49.295771
-71.514988 -45.552482 -71.514431 -45.552121
-70.368981 -53.290393 -70.367297 -53.289193
-67.256262 -47.032233 -67.254267 -47.030864
-68.936470 -46.535045 -68.934027 -46.532999
-69.279827 -53.391788 -69.279509 -53.391527
-67.511392 -46.449383 -67.511118 -46.449148
-71.933122 -45.815738 -71.932040 -45.815070
