93.379968 56.104763 93.386363 56.108236
93.381593 56.106928 93.385354 56.108689
107.594185 51.785265 107.608253 51.792498
97.517507 57.436872 97.521660 57.437946
95.466284 55.659853 95.466954 55.660151
131.113070 47.699292 131.116905 47.701224
90.497006 55.684711 90.499587 55.686140
90.150974 55.765356 90.153982 55.767024
90.045232 55.802627 90.048510 55.803882
115.851141 60.707411 115.852511 60.708804
128.615400 61.292293 128.622388 61.293596
116.160991 51.892054 116.163543 51.893250
117.549104 52.210040 117.552370 52.212778
115.470066 51.372395 115.474710 51.374730
115.625489 51.647983 115.631670 51.652285
97.956251 55.940727 97.970664 55.948169
95.532161 56.257488 95.534552 56.258822
104.327292 52.313705 104.338574 52.326974
104.338686 52.261630 104.341661 52.263797
109.208146 51.211679 109.212947 51.213840
91.711952 53.145754 91.713336 53.146591
90.388092 55.528021 90.391662 55.529240
91.834388 53.266571 91.840055 53.269699
92.784450 56.012154 92.792653 56.014853
92.880848 53.813512 92.885814 53.815269
103.328330 53.117804 103.335906 53.121911
92.934013 55.964005 92.940998 55.966736
126.261981 58.961025 126.266636 58.964514
90.002375 56.366815 90.004071 56.367702
92.118607 49.977811 92.121636 49.980053
93.082129 57.459004 93.084373 57.460224
106.109971 54.045968 106.111654 54.046996
95.506208 55.676012 95.508415 55.677236
90.272066 55.500024 90.273815 55.501094
108.473202 50.878881 108.474577 50.879673
129.940167 49.638676 129.943054 49.643473
91.422297 53.070855 91.425162 53.072434
94.845208 55.652541 94.846122 55.654033
122.291242 64.550891 122.293514 64.551860
93.324850 56.199282 93.328508 56.200762
111.527187 65.959130 111.530384 65.960526
94.341508 55.830474 94.346266 55.833634
93.171989 53.910866 93.174054 53.912160
94.183056 55.612316 94.185856 55.613821
92.540040 56.050675 92.544420 56.051689
104.118999 52.278111 104.123412 52.281093
91.896189 57.586391 91.898719 57.587923
94.830078 55.896206 94.834213 55.898410
128.615346 61.293740 128.618415 61.294982
119.923902 63.711706 119.926091 63.712514
106.970669 47.928831 106.972922 47.933345
94.761080 55.721293 94.763571 55.722728
103.842972 53.391768 103.848240 53.394407
115.797628 50.816642 115.802163 50.819207
103.932983 56.483135 103.936378 56.486990
103.700060 51.726074 103.703987 51.728517
105.203925 54.802092 105.207728 54.805116
114.856819 51.937609 114.858291 51.938542
91.284211 53.833738 91.295091 53.840348
133.422974 45.467542 133.428344 45.471437
105.897501 53.960669 105.902061 53.964136
104.993623 50.551512 104.995321 50.552647
92.237609 53.140385 92.240074 53.141335
115.574935 50.994931 115.577019 50.995652
119.104529 50.393338 119.107342 50.396640
91.623761 53.103243 91.625252 53.104003
119.625611 51.317487 119.628669 51.320504
127.566151 50.438892 127.585278 50.448213
124.715928 55.127537 124.721366 55.130904
95.543726 56.357461 95.546085 56.359008
93.246466 53.372013 93.248956 53.373406
91.807089 53.201964 91.809684 53.203687
107.780802 51.285222 107.782104 51.286294
91.591861 53.384576 91.594537 53.386258
103.645057 52.328086 103.646720 52.329082
90.695245 55.763230 90.698958 55.764563
113.307553 52.011539 113.310626 52.013531
93.412662 56.556939 93.414869 56.558227
95.216668 56.208412 95.218418 56.209417
115.177458 51.775621 115.178639 51.776632
92.318864 53.981068 92.320921 53.982259
104.402522 52.446373 104.410857 52.449593
93.459280 56.187192 93.462283 56.188717
95.471793 51.114841 95.473473 51.115974
103.514493 52.818844 103.519467 52.822290
106.870995 47.942718 106.899196 47.953303
92.052709 58.538359 92.054913 58.539047
92.162650 57.779105 92.165512 57.780637
104.318812 52.412767 104.321750 52.414625
103.374446 55.207500 103.376036 55.208244
113.617897 50.676347 113.622646 50.678387
115.096140 51.767607 115.097367 51.768445
102.795312 57.919906 102.801449 57.924373
104.246285 52.259508 104.252241 52.263038
130.121051 49.399999 130.122499 49.400947
100.292877 64.298353 100.297087 64.300123
95.560026 51.493416 95.562821 51.494791
92.895235 56.187286 92.897974 56.188686
98.649053 55.536557 98.651306 55.537463
117.665249 52.223562 117.666970 52.224605
117.003346 52.345157 117.005551 52.346837
92.296948 53.942858 92.299381 53.944267
90.532056 56.241624 90.535459 56.246778
113.511144 52.054106 113.535370 52.063514
92.898341 56.022017 92.903393 56.023846
95.580216 51.494936 95.582338 51.496561
103.767756 52.458137 103.795265 52.472438
90.642982 55.951910 90.644890 55.953176
93.255713 55.992808 93.259363 55.993604
97.154628 56.148768 97.161828 56.152409
113.246177 52.033433 113.248994 52.035300
90.954682 55.018751 90.960169 55.021025
116.558899 50.378516 116.568449 50.383992
115.620093 50.953258 115.621547 50.953973
103.830699 52.604740 103.834004 52.606676
91.931220 53.969257 91.933873 53.970413
90.221660 60.238205 90.224922 60.240291
93.130485 56.035341 93.136298 56.036688
92.964196 58.011659 92.967702 58.013625
94.941048 56.974624 94.942280 56.975217
116.601944 51.977497 116.608414 51.980576
94.580392 55.985723 94.582940 55.986979
113.440377 52.010938 113.452721 52.018528
127.648462 50.485910 127.650436 50.487890
92.083632 53.800497 92.085581 53.801700
107.528260 51.873646 107.550100 51.882669
92.826074 56.371797 92.829110 56.373204
95.103603 57.021290 95.105897 57.022502
116.321450 50.517151 116.324875 50.521045
132.427442 48.256247 132.430356 48.257668
92.580200 56.098179 92.583513 56.099012
113.278480 50.265173 113.284345 50.267836
95.712281 56.608016 95.715195 56.609473
90.577551 54.955622 90.578927 54.956546
129.417801 50.105260 129.423076 50.110796
94.743572 55.662824 94.746930 55.664249
91.658342 53.505759 91.660032 53.506864
91.511344 53.003492 91.514631 53.005022
90.539187 57.341308 90.540669 57.342426
107.593453 55.141227 107.595281 55.142101
106.055902 53.480831 106.057956 53.482585
90.517225 56.266594 90.522727 56.270197
91.260275 53.543269 91.262938 53.544730
97.717313 56.869705 97.721330 56.871203
92.590210 55.967250 92.590850 55.967598
90.342360 53.022352 90.344774 53.023565
125.293319 59.263070 125.296873 59.264491
90.513847 56.269956 90.520538 56.274004
115.837395 51.220014 115.839949 51.221240
106.961900 47.922085 106.963958 47.923709
91.527563 53.705586 91.534485 53.708889
107.381186 51.477103 107.383151 51.478461
104.666320 51.996528 104.667042 51.996912
111.958966 51.747421 111.962172 51.749462
110.583855 48.621863 110.588193 48.627023
92.762833 56.141267 92.764536 56.142290
114.859873 51.035951 114.863181 51.037642
95.113336 55.896052 95.114761 55.896838
91.290554 53.672657 91.291697 53.673268
92.465891 58.159108 92.477543 58.162621
90.032592 55.295024 90.034356 55.296046
93.554843 56.265781 93.569724 56.272099
90.393899 53.039431 90.399854 53.041907
91.550858 53.411224 91.552173 53.411833
95.706689 56.133574 95.710154 56.136174
114.538986 51.118464 114.541400 51.120367
117.033289 51.739671 117.035085 51.740836
118.626017 50.385171 118.628565 50.386615
94.337720 51.674997 94.348326 51.681588
92.481689 58.167167 92.486564 58.173620
90.766477 55.158093 90.769128 55.158816
125.490867 58.497192 125.493464 58.498790
118.247537 50.771048 118.248580 50.772124
134.936878 47.879319 134.938657 47.881744
91.544920 53.254843 91.547009 53.256441
93.133522 55.982495 93.136739 55.984727
92.713906 58.110152 92.715825 58.111717
90.690780 54.829763 90.691815 54.830522
104.127351 52.435748 104.129711 52.437597
116.595579 51.553874 116.599137 51.555649
105.398935 52.028062 105.400826 52.029273
127.972769 49.631364 127.978262 49.633824
90.508094 56.313740 90.519050 56.319940
128.722127 50.749030 128.726033 50.751388
132.836562 48.841478 132.837796 48.842098
93.111540 56.956654 93.113271 56.957890
90.406064 54.800672 90.408603 54.801554
116.241736 51.429059 116.244412 51.430904
116.439949 51.854470 116.441300 51.855215
132.836733 48.839530 132.837819 48.841456
91.047092 53.582193 91.048812 53.583210
104.154916 52.243481 104.179786 52.252139
91.819013 53.928881 91.820960 53.930549
128.695328 50.622351 128.697044 50.623722
103.681868 51.663615 103.685221 51.665416
92.773511 57.519062 92.775168 57.519984
109.900725 51.389008 109.904929 51.391367
95.331121 56.777752 95.333935 56.779108
113.597229 51.662701 113.598917 51.663835
128.715455 50.633740 128.716871 50.634628
92.841832 56.070344 92.845365 56.072037
103.669737 51.683136 103.671725 51.685591
133.599072 45.247878 133.600660 45.248950
91.404296 55.255108 91.406409 55.256590
129.960392 62.342409 129.962677 62.343208
91.177882 54.822370 91.179529 54.823129
91.397225 53.613882 91.401188 53.616221
95.416692 56.262740 95.417917 56.263660
103.669757 51.686576 103.670716 51.687188
92.073375 58.485395 92.076947 58.486563
129.963680 62.341996 129.966212 62.343181
91.370417 55.043303 91.371499 55.043877
117.335687 49.647492 117.339053 49.649650
94.907124 55.251076 94.912435 55.253497
116.214410 51.904212 116.217570 51.906290
93.150541 56.143434 93.152908 56.144469
91.070815 54.871972 91.073221 54.873441
90.042935 53.226893 90.044746 53.228128
95.693580 56.176459 95.700671 56.181369
91.300028 53.768004 91.302464 53.770184
91.238913 53.848365 91.245254 53.850732
109.181735 52.134667 109.184065 52.135959
91.406216 54.396727 91.408217 54.397759
90.966303 54.357246 90.969124 54.358745
116.383852 52.054900 116.384929 52.055563
117.975450 50.114282 117.987147 50.122357
91.074908 56.261366 91.079295 56.265791
103.242844 51.771274 103.245901 51.773314
91.939847 53.333426 91.943103 53.335034
90.418676 55.701577 90.421141 55.703031
114.156526 57.849717 114.169551 57.855951
99.543150 56.040072 99.550664 56.044719
96.182905 55.796375 96.186751 55.797826
116.537980 52.132014 116.538802 52.132671
91.156584 55.347773 91.157636 55.348781
111.561637 50.991122 111.563339 50.992180
117.008109 52.534998 117.012364 52.539698
102.527305 53.727112 102.528493 53.728499
91.537484 53.164095 91.544370 53.167425
92.748419 56.479792 92.750852 56.481087
128.157963 51.457055 128.159138 51.457717
91.886111 54.510779 91.887880 54.512086
93.277375 56.135682 93.280661 56.138186
128.923668 61.417319 128.928938 61.418923
94.863699 55.901977 94.873908 55.906730
103.855041 52.518680 103.861221 52.521686
117.595975 62.709275 117.598690 62.710018
115.494556 51.768755 115.497010 51.769433
91.543560 53.162826 91.554924 53.167663
106.967350 47.946921 106.979757 47.955788
113.739811 51.757193 113.742242 51.758466
91.701641 54.496329 91.705039 54.497450
114.920444 60.728756 114.926286 60.734252
115.935940 51.836391 115.937306 51.837252
113.594335 51.050160 113.596614 51.051546
113.203849 51.997293 113.215151 52.002983
128.169718 51.180794 128.170474 51.181335
91.874706 54.290129 91.877708 54.291808
103.729558 52.694354 103.734502 52.697333
93.211162 56.415864 93.213660 56.417392
110.934895 51.438830 110.938803 51.440950
115.884716 52.094601 115.886671 52.095909
113.582862 50.847016 113.584621 50.848118
94.622020 56.089083 94.631217 56.092014
91.399219 53.766403 91.401777 53.767985
91.871286 54.396563 91.872676 54.397449
97.723417 56.967045 97.728779 56.968547
95.273683 55.136088 95.276039 55.137748
92.091298 53.490695 92.093401 53.491685
114.163644 57.844312 114.170076 57.849185
117.273827 52.830454 117.275850 52.831728
92.718244 56.071080 92.721845 56.072086
91.944515 53.527401 91.946398 53.528563
103.626137 52.744765 103.629292 52.746451
91.616751 54.436217 91.619056 54.437462
104.146223 56.603470 104.150886 56.610227
95.333158 56.115695 95.335590 56.116553
95.559400 51.234921 95.560417 51.235678
100.627328 58.588144 100.629477 58.589234
100.693866 55.220598 100.697835 55.222024
91.937735 54.430929 91.939790 54.431988
91.937220 53.528379 91.939447 53.529918
118.421730 63.294010 118.425865 63.295248
92.519183 58.224758 92.521468 58.225961
104.049514 56.594243 104.057768 56.598084
93.260845 56.757949 93.263653 56.759636
92.675743 53.902563 92.682700 53.905773
90.214362 55.530476 90.215895 55.531402
115.173713 51.195332 115.176408 51.196907
117.031663 52.097246 117.033330 52.098338
116.820746 49.931963 116.824855 49.935102
124.846455 56.636088 124.851873 56.641988
118.415664 63.294495 118.420957 63.295369
97.190172 56.156455 97.193244 56.157612
117.053472 52.060747 117.055619 52.062759
121.638537 63.761918 121.647052 63.764314
91.646389 53.985391 91.648148 53.986440
125.815944 53.428893 125.822317 53.436985
101.691098 56.318643 101.698654 56.323246
115.956528 50.746893 115.958566 50.748210
91.681106 53.928263 91.682799 53.929357
106.987489 57.308598 106.991909 57.310671
90.318680 53.980522 90.327326 53.985152
103.947385 52.206844 103.950121 52.208580
92.978443 56.341820 92.982860 56.343702
91.889034 54.154919 91.891219 54.156203
92.955578 55.981276 92.965997 55.986700
107.596310 50.609518 107.598391 50.611159
113.765559 51.770581 113.769210 51.772852
92.169001 55.172025 92.171828 55.173180
91.048429 55.270618 91.049903 55.271315
119.094779 51.318738 119.098883 51.325091
93.142326 56.020094 93.152487 56.024507
90.367135 56.013474 90.369735 56.015290
107.299108 47.789032 107.303511 47.792343
125.814855 58.902352 125.817725 58.903697
104.399158 51.473064 104.399974 51.473632
90.036570 55.707066 90.040158 55.708623
113.615760 51.654604 113.617278 51.655485
91.765686 54.163043 91.769840 54.164156
127.549043 50.351326 127.565737 50.362747
104.776890 52.823203 104.778559 52.823947
126.699914 58.575414 126.702617 58.577942
115.583980 51.768063 115.585424 51.768890
125.410529 58.582544 125.420303 58.589786
92.063440 54.299370 92.065424 54.300310
90.026466 55.686153 90.029315 55.687313
118.105947 50.650239 118.107747 50.651011
114.106129 51.986235 114.109219 51.988508
91.532425 54.308704 91.539659 54.310802
103.964675 52.494068 103.967041 52.496700
94.369233 55.632219 94.372687 55.634036
93.036423 55.986092 93.059345 56.000796
114.817759 51.771977 114.820085 51.773735
91.671229 54.095866 91.673397 54.096732
94.040822 52.080173 94.041901 52.081822
92.039793 53.393311 92.041077 53.393906
125.410040 58.588181 125.413922 58.590401
94.606382 58.411317 94.609097 58.411910
92.524852 55.951352 92.529723 55.955156
90.264892 55.205106 90.267511 55.207158
93.907408 52.132641 93.912301 52.135577
94.608695 58.411716 94.611987 58.412275
106.791595 56.542819 106.793428 56.543961
93.033362 56.087942 93.037719 56.089724
95.093050 55.220063 95.097213 55.223337
90.529078 53.138660 90.534056 53.141910
119.449679 50.757631 119.450816 50.758806
113.458404 51.581057 113.459572 51.582209
91.796131 53.859956 91.799047 53.861671
94.341806 55.837562 94.348527 55.840094
117.707141 62.356413 117.709316 62.357201
94.612679 58.411835 94.614069 58.412502
104.120946 56.561073 104.122452 56.562626
93.704736 55.800064 93.707500 55.801194
119.275737 50.611110 119.278480 50.612660
127.512980 50.273977 127.519938 50.277653
97.367813 58.374828 97.373244 58.376287
91.915798 53.534228 91.918221 53.535589
104.779411 52.777983 104.786299 52.782104
93.026340 56.538146 93.029646 56.539843
110.019483 51.919924 110.020801 51.920836
104.306027 52.358016 104.316277 52.370329
119.464318 51.265490 119.465543 51.266289
115.573848 50.935106 115.578809 50.938196
92.848065 53.592974 92.853986 53.597751
94.782510 55.792496 94.786363 55.794149
91.516596 53.663210 91.528937 53.670287
91.376959 53.670290 91.379287 53.671357
126.291472 58.945404 126.295962 58.948810
92.661033 56.047992 92.666306 56.050323
119.429078 51.108860 119.431178 51.109774
104.165370 52.321365 104.181913 52.333402
91.533015 53.662280 91.535018 53.664851
93.362222 56.426637 93.363655 56.427403
108.843626 51.277457 108.848616 51.288537
92.115486 54.143168 92.117233 54.144451
113.544266 52.209667 113.545876 52.210613
91.591817 54.203632 91.595082 54.204450
92.068693 53.689687 92.070763 53.690536
106.623382 51.082636 106.626585 51.084320
127.416958 60.302766 127.418824 60.303970
115.419856 50.567971 115.421974 50.569267
114.946331 51.282675 114.949983 51.285423
90.840643 55.082961 90.841979 55.085151
92.885443 56.020182 92.892904 56.025144
113.060231 51.786823 113.061620 51.788028
104.316913 52.257937 104.319541 52.259684
91.366317 53.738273 91.368390 53.739118
91.368077 53.863324 91.374815 53.866500
92.901901 56.080057 92.935551 56.097082
91.789425 53.790091 91.790742 53.790858
95.908592 56.298474 95.911055 56.299744
92.065177 58.686988 92.066625 58.688232
90.482331 54.221466 90.484682 54.222799
104.329756 52.256669 104.343184 52.263266
90.769971 54.595845 90.773175 54.597875
113.960342 51.655517 113.965343 51.659202
94.030325 55.894613 94.038128 55.896560
92.037299 53.633634 92.038782 53.634430
93.551825 56.269952 93.553106 56.270414
106.197404 53.976910 106.200408 53.978796
101.521856 54.364049 101.528613 54.367192
91.495649 53.769159 91.497228 53.769897
91.610625 55.394796 91.616010 55.398457
107.577433 51.863170 107.586722 51.868523
91.811720 53.436994 91.813182 53.438234
113.500241 52.140720 113.501320 52.141528
110.487341 51.346445 110.490316 51.347926
92.191727 53.862433 92.195412 53.863844
95.864045 56.058819 95.868286 56.059791
127.578351 50.328521 127.580143 50.329738
104.760902 54.671651 104.763897 54.673268
116.512724 51.868755 116.513868 51.869435
113.097875 51.853946 113.099917 51.855447
91.056046 55.358801 91.057616 55.359823
116.066760 50.741789 116.068675 50.743915
91.899227 53.345211 91.901844 53.346707
92.129080 53.768336 92.131448 53.769666
92.684610 56.164122 92.688432 56.165908
125.492102 58.762442 125.497275 58.770836
113.018333 51.771360 113.019847 51.772537
91.866095 53.337775 91.868287 53.339355
102.789275 53.354056 102.793164 53.356528
92.141441 53.672831 92.143299 53.674009
130.723628 61.837429 130.727137 61.838758
133.757617 45.923493 133.764181 45.927734
92.290569 57.600543 92.293140 57.601609
91.702167 53.715512 91.711072 53.718638
101.544475 56.248067 101.548508 56.249287
116.023634 51.860092 116.028338 51.865302
92.392836 53.280868 92.395527 53.283522
124.901780 56.823451 124.905331 56.827207
92.284220 56.113818 92.286549 56.114846
92.920181 53.756617 92.922274 53.757999
106.381033 52.796554 106.385196 52.797460
130.690370 62.185828 130.692690 62.186849
90.555511 55.884878 90.557858 55.886044
102.892872 54.075565 102.895225 54.076763
104.227758 53.181996 104.230483 53.183620
95.286491 55.796557 95.289055 55.798004
125.693324 58.531914 125.696268 58.532698
111.560621 52.536214 111.564298 52.538152
115.677290 50.867174 115.680655 50.869183
107.361623 53.189715 107.364019 53.191032
94.111279 51.568814 94.112414 51.569774
133.346461 45.461153 133.350901 45.463734
93.264580 56.491323 93.268776 56.493668
128.845313 61.363399 128.848641 61.364594
91.886335 55.213654 91.890231 55.214641
95.426724 56.201664 95.430918 56.204565
90.649680 55.806186 90.651510 55.807398
90.515037 54.714923 90.517437 54.715550
90.386981 54.378618 90.388816 54.379786
121.603207 63.895481 121.607662 63.896389
116.081135 51.873075 116.082292 51.873846
134.785652 48.580387 134.790218 48.583498
116.240927 51.163515 116.244760 51.165401
117.780236 51.025870 117.782767 51.027187
101.518283 56.147652 101.533561 56.155397
113.067618 51.751966 113.069147 51.753049
102.444420 51.898337 102.445428 51.899074
108.937119 51.156425 108.938963 51.158919
134.654463 51.126893 134.655371 51.127825
95.182806 56.234646 95.184386 56.235130
92.099354 53.279542 92.100396 53.280228
134.780250 48.575834 134.786696 48.580588
96.072493 56.214843 96.084365 56.218364
118.029180 63.737733 118.033805 63.739093
101.318649 55.974105 101.322067 55.975685
128.672523 61.303785 128.676165 61.304552
115.546305 50.368588 115.548507 50.369914
117.547633 52.214046 117.550833 52.216840
91.692145 53.734022 91.697645 53.745376
106.346883 53.865526 106.349404 53.867272
117.725095 62.720676 117.725861 62.720987
95.460266 55.658516 95.466736 55.660699
92.804776 55.961716 92.807992 55.964478
92.459365 56.240829 92.461698 56.241927
101.879767 54.233292 101.881423 54.234311
99.625041 56.090093 99.628868 56.091651
128.643388 61.296214 128.645643 61.296616
134.838395 45.900717 134.842162 45.902316
91.434438 53.730837 91.438753 53.733993
91.496463 53.705505 91.499687 53.707107
93.012734 52.232232 93.015613 52.233935
90.175471 55.046144 90.177132 55.047143
90.676765 54.540657 90.677704 54.541128
91.282799 53.199010 91.284419 53.200322
90.714704 53.355039 90.717120 53.357085
91.273781 53.077001 91.275769 53.078040
90.927102 53.061474 90.933404 53.065357
90.765768 54.320393 90.767150 54.321425
91.188607 53.085200 91.191114 53.087000
90.438809 54.229197 90.441535 54.230563
91.444766 54.123095 91.447219 54.124588
90.854352 54.231746 90.859802 54.234535
91.693783 55.309486 91.695802 55.310544
90.566787 52.940491 90.568505 52.941311
90.823039 52.983619 90.825266 52.984683
97.091242 58.390294 97.092848 58.391493
90.503361 52.926141 90.507552 52.928947
90.629741 54.248347 90.632361 54.249913
90.976210 53.987874 90.979021 53.990035
91.292234 53.617915 91.294415 53.619365
91.218563 53.290621 91.221203 53.292086
93.264492 55.860951 93.267996 55.861914
90.528069 54.468052 90.528637 54.468554
114.707885 60.845824 114.714172 60.846085
116.629800 51.588575 116.635577 51.592112
90.101894 55.083987 90.104928 55.085946
122.872363 54.058343 122.877328 54.061130
90.385789 53.698160 90.388487 53.699947
