136.652860 51.205093 136.653764 51.205777
135.707721 51.680492 135.709723 51.681929
136.766781 50.334354 136.771282 50.338296
135.207610 48.550475 135.221553 48.556986
140.372131 49.270843 140.378526 49.273564
135.124888 48.486055 135.152415 48.505684
160.069331 56.255833 160.071177 56.256714
135.085220 51.419020 135.086441 51.419960
135.049720 48.556970 135.054553 48.559038
142.175476 50.889890 142.179385 50.891540
150.795111 59.540061 150.808682 59.544766
142.954972 53.001000 142.956933 53.001955
136.626049 49.330041 136.627210 49.330953
140.658062 53.162807 140.666184 53.165380
135.629422 47.788874 135.632530 47.791139
150.799068 59.554446 150.801611 59.556885
158.602259 54.692308 158.606593 54.695290
142.781947 46.641955 142.785983 46.644455
135.141642 48.609712 135.145286 48.610490
135.386113 48.470306 135.387807 48.471969
136.917734 50.672136 136.940073 50.686024
142.734640 46.929259 142.742981 46.933361
177.503294 64.730289 177.505633 64.731587
136.143414 48.202984 136.148034 48.209102
142.744444 46.845494 142.752873 46.852540
151.128481 62.329055 151.139468 62.332503
135.134652 48.113261 135.136194 48.114344
141.859050 46.646684 141.861872 46.651698
141.887753 46.714119 141.889460 46.715457
140.241444 49.108059 140.248737 49.112286
150.819508 65.717074 150.821784 65.717817
151.309027 59.570713 151.313914 59.574275
142.678232 50.848961 142.682223 50.851515
143.256854 49.948845 143.260517 49.951331
151.312547 59.572104 151.314575 59.573082
142.737519 46.721073 142.738801 46.722248
137.922280 50.266684 137.926137 50.269479
150.892592 59.639415 150.911232 59.647585
138.123395 50.320380 138.126520 50.321532
141.824456 46.559103 141.825954 46.566590
143.236825 66.454043 143.240816 66.455269
143.251564 64.573422 143.260619 64.576812
136.967299 50.577246 136.979196 50.585179
158.727674 53.044870 158.748647 53.058312
143.232815 66.456718 143.235977 66.457912
142.281486 51.050943 142.286545 51.052685
135.018032 47.888690 135.020667 47.891281
150.797459 59.554014 150.799356 59.555441
140.210164 48.986183 140.213159 48.988812
136.906287 50.468978 136.908175 50.470456
137.197371 50.700287 137.200707 50.702825
158.446865 52.889436 158.453581 52.892026
142.783856 46.651518 142.791957 46.658630
166.192446 62.469489 166.193806 62.470175
158.525963 53.131234 158.529445 53.133149
150.882110 65.742403 150.886735 65.743929
142.032045 47.017662 142.037122 47.024000
140.272794 49.068524 140.277536 49.071529
142.745394 46.682671 142.747677 46.683849
158.397902 52.956692 158.406219 52.959354
140.707808 53.156729 140.712249 53.162210
135.232447 48.345186 135.236288 48.348452
137.115989 50.598214 137.122321 50.602864
156.492565 51.489676 156.494396 51.490747
136.508937 50.092400 136.510622 50.093749
136.522258 50.007898 136.524965 50.010107
177.410009 64.735172 177.417138 64.738161
135.200606 48.440438 135.204694 48.444048
135.118021 48.370220 135.124217 48.375044
166.007867 55.199358 166.009496 55.199865
142.738001 46.718210 142.741226 46.720078
142.795579 47.340162 142.808768 47.343891
160.822408 56.319904 160.825424 56.322472
140.284396 49.026724 140.285681 49.027537
135.678715 48.094318 135.680269 48.095639
135.648700 48.089960 135.650188 48.090924
135.089443 48.343832 135.094353 48.346213
141.668049 45.414021 141.671045 45.416401
136.554119 49.431070 136.557820 49.433671
142.844367 49.733665 142.846395 49.737507
136.526175 50.119375 136.530419 50.121311
150.877268 60.088520 150.879198 60.088979
142.534389 46.702942 142.537768 46.705351
159.925966 59.082596 159.930201 59.084194
142.157867 49.633983 142.161463 49.636577
142.165752 49.640026 142.167476 49.641337
140.285527 49.029438 140.290986 49.032106
140.314321 48.966075 140.324557 48.971132
158.704728 55.933182 158.708569 55.934895
142.629962 46.975850 142.638716 46.982188
158.722701 53.035287 158.727593 53.040813
136.625794 51.186789 136.628546 51.188899
138.583578 50.201869 138.587226 50.202865
143.113445 46.605812 143.114493 46.606997
136.895049 50.260788 136.900553 50.263298
136.909217 49.509105 136.912146 49.511723
143.078306 49.213243 143.083959 49.217942
158.691326 52.923701 158.691969 52.924018
143.249643 59.367229 143.258263 59.369743
142.022409 46.983901 142.025534 46.988921
141.819692 46.599531 141.824553 46.603739
